0.098756 1.67431123
0.197513 1.67431084
0.296269 1.67431122
0.395025 1.67431126
0.493782 1.67431125
0.592538 1.67431124
0.691295 1.67431124
0.790051 1.67431123
0.888807 1.67431123
0.987564 1.67431122
1.086320 1.67431122
1.185076 1.67431123
1.283833 1.67431124
1.382589 1.67431125
1.481345 1.67431126
1.580102 1.67431128
1.678858 1.67431130
1.777614 1.67431133
1.876371 1.67431136
1.975127 1.67431139
2.073884 1.67431143
2.172640 1.67431148
2.271396 1.67431153
2.370153 1.67431159
2.468909 1.67431165
2.567665 1.67431172
2.666422 1.67431179
2.765178 1.67431188
2.863934 1.67431196
2.962691 1.67431206
3.061447 1.67431216
3.160204 1.67431227
3.258960 1.67431239
3.357716 1.67431251
3.456473 1.67431264
3.555229 1.67431279
3.653985 1.67431293
3.752742 1.67431309
3.851498 1.67431325
3.950254 1.67431343
4.049011 1.67431361
4.147767 1.67431380
4.246523 1.67431400
4.345280 1.67431421
4.444036 1.67431443
4.542793 1.67431466
4.641549 1.67431489
4.740305 1.67431514
4.839062 1.67431539
4.937818 1.67431566
5.036574 1.67431593
5.135331 1.67431622
5.234087 1.67431650
5.332843 1.67431681
5.431600 1.67431712
5.530356 1.67431745
5.629113 1.67431777
5.727869 1.67431812
5.826625 1.67431847
5.925382 1.67431883
6.024138 1.67431920
6.122894 1.67431958
6.221651 1.67431996
6.320407 1.67432037
6.419163 1.67432077
6.517920 1.67432119
6.616676 1.67432161
6.715432 1.67432205
6.814189 1.67432249
6.912945 1.67432294
7.011702 1.67432340
7.110458 1.67432387
7.209214 1.67432434
7.307971 1.67432483
7.406727 1.67432532
7.505483 1.67432583
7.604240 1.67432633
7.702996 1.67432685
7.801752 1.67432737
7.900509 1.67432790
7.999265 1.67432843
8.098022 1.67432898
8.196778 1.67432952
8.295534 1.67433008
8.394291 1.67433063
8.493047 1.67433120
8.591803 1.67433176
8.690560 1.67433233
8.789316 1.67433290
8.888072 1.67433349
8.986829 1.67433406
9.085585 1.67433465
9.184341 1.67433523
9.283098 1.67433582
9.381854 1.67433640
9.480611 1.67433700
9.579367 1.67433758
9.678123 1.67433818
9.776880 1.67433876
9.875636 1.67433935
9.974392 1.67433993
10.073149 1.67434052
10.171905 1.67434109
10.270661 1.67434167
10.369418 1.67434224
10.468174 1.67434281
10.566931 1.67434336
10.665687 1.67434392
10.764443 1.67434446
10.863200 1.67434501
10.961956 1.67434553
11.060712 1.67434606
11.159469 1.67434656
11.258225 1.67434707
11.356981 1.67434754
11.455738 1.67434802
11.554494 1.67434847
11.653250 1.67434893
11.752007 1.67434934
11.850763 1.67434976
11.949520 1.67435014
12.048276 1.67435052
12.147032 1.67435085
12.245789 1.67435119
12.344545 1.67435148
12.443301 1.67435176
12.542058 1.67435199
12.640814 1.67435221
12.739570 1.67435238
12.838327 1.67435253
12.937083 1.67435262
13.035840 1.67435269
13.134596 1.67435270
13.233352 1.67435268
13.332109 1.67435258
13.430865 1.67435245
13.529621 1.67435224
13.628378 1.67435198
13.727134 1.67435162
13.825890 1.67435121
13.924647 1.67435068
14.023403 1.67435008
14.122159 1.67434936
14.220916 1.67434853
14.319672 1.67434756
14.418429 1.67434647
14.517185 1.67434519
14.615941 1.67434376
14.714698 1.67434212
14.813454 1.67434027
14.912210 1.67433817
15.010967 1.67433581
15.109723 1.67433313
15.208479 1.67433014
15.307236 1.67432674
15.405992 1.67432293
15.504749 1.67431863
15.603505 1.67431381
15.702261 1.67430837
15.801018 1.67430227
15.899774 1.67429538
15.998530 1.67428765
16.097287 1.67427893
16.196043 1.67426912
16.294799 1.67425807
16.393556 1.67424564
16.492312 1.67423163
16.591068 1.67421585
16.689825 1.67419806
16.788581 1.67417802
16.887338 1.67415542
16.986094 1.67412995
17.084850 1.67410122
17.183607 1.67406885
17.282363 1.67403232
17.381119 1.67399114
17.479876 1.67394469
17.578632 1.67389233
17.677388 1.67383326
17.776145 1.67376668
17.874901 1.67369160
17.973658 1.67360697
18.072414 1.67351157
18.171170 1.67340407
18.269927 1.67328295
18.368683 1.67314652
18.467439 1.67299287
18.566196 1.67281989
18.664952 1.67262519
18.763708 1.67240613
18.862465 1.67215973
18.961221 1.67188267
19.059977 1.67157127
19.158734 1.67122139
19.257490 1.67082844
19.356247 1.67038730
19.455003 1.66989227
19.553759 1.66933701
19.652516 1.66871448
19.751272 1.66801683
19.850028 1.66723539
19.948785 1.66636049
20.047541 1.66538143
20.146297 1.66428636
20.245054 1.66306212
20.343810 1.66169416
20.442567 1.66016639
20.541323 1.65846099
20.640079 1.65655829
20.738836 1.65443656
20.837592 1.65207178
20.936348 1.64943751
21.035105 1.64650455
21.133861 1.64324075
21.232617 1.63961071
21.331374 1.63557546
21.430130 1.63109216
21.528886 1.62611365
21.627643 1.62058817
21.726399 1.61445874
21.825156 1.60766283
21.923912 1.60013149
22.022668 1.59178897
22.121425 1.58255148
22.220181 1.57232655
22.318937 1.56101122
22.417694 1.54849093
22.516450 1.53463672
22.615206 1.51930313
22.713963 1.50232364
22.812719 1.48350674
22.911476 1.46262808
23.010232 1.43942300
23.108988 1.41357276
23.207745 1.38469001
23.306501 1.35229390
23.405257 1.31578187
23.504014 1.27438361
23.602770 1.22710584
23.701526 1.17264565
23.800283 1.10928250
23.899039 1.03471311
23.997795 0.94584019
24.096552 0.83845862
24.195308 0.70684361
24.294065 0.54317546
24.392821 0.33672085
24.491577 0.07288940
24.590334 -0.26828332
24.689090 -0.71207664
24.787846 -1.27650557
24.886603 -1.90339083
24.985359 -2.35132892
25.084115 -2.39200373
25.182872 -2.18692034
25.281628 -2.05236467
25.380385 -2.13945711
25.479141 -2.50106789
25.577897 -3.19086331
25.676654 -4.28071565
25.775410 -5.82246613
25.874166 -7.73410550
25.972923 -9.61573661
26.071679 -10.76434355
26.170435 -10.72220097
26.269192 -9.83161734
26.367948 -8.94077755
26.466704 -8.70556951
26.565461 -9.29513477
26.664217 -10.37106992
26.762974 -11.14997163
26.861730 -10.85825906
26.960486 -9.41949270
27.059243 -7.45995982
27.157999 -5.63574745
27.256755 -4.24465755
27.355512 -3.32559926
27.454268 -2.83367439
27.553024 -2.72628685
27.651781 -2.99333244
27.750537 -3.66155828
27.849294 -4.78221433
27.948050 -6.38272954
28.046806 -8.33995928
28.145563 -10.19835918
28.244319 -11.23587843
28.343075 -11.06074260
28.441832 -10.10247351
28.540588 -9.22310298
28.639344 -9.03431834
28.738101 -9.65380649
28.836857 -10.69121937
28.935613 -11.33526468
29.034370 -10.86378476
29.133126 -9.29817423
29.231883 -7.30314932
29.330639 -5.50194345
29.429395 -4.15262886
29.528152 -3.27633668
29.626908 -2.82486076
29.725664 -2.75753812
29.824421 -3.06771262
29.923177 -3.78513881
30.021933 -4.96116237
30.120690 -6.61422536
30.219446 -8.59169704
30.318203 -10.39477258
30.416959 -11.30065884
30.515715 -10.99754727
30.614472 -9.99798153
30.713228 -9.16585186
30.811984 -9.06212090
30.910741 -9.74907558
31.009497 -10.78117980
31.108253 -11.32227381
31.207010 -10.70801175
31.305766 -9.05452038
31.404522 -7.05530808
31.503279 -5.29751276
31.602035 -4.00227399
31.700792 -3.17583648
31.799548 -2.76821150
31.898304 -2.74150571
31.997061 -3.09300209
32.095817 -3.85562491
32.194573 -5.08048955
32.293330 -6.77570545
32.392086 -8.75703155
32.490842 -10.48409826
32.589599 -11.24284131
32.688355 -10.80774918
32.787112 -9.76699272
32.885868 -8.97632458
32.984624 -8.94283682
33.083381 -9.67225525
33.182137 -10.66351268
33.280893 -11.06193831
33.379650 -10.26929850
33.478406 -8.49375774
33.577162 -6.44963827
33.675919 -4.68838276
33.774675 -3.40211141
33.873431 -2.59154561
33.972188 -2.21297577
34.070944 -2.23617889
34.169701 -2.66247935
34.268457 -3.52333908
34.367213 -4.86203886
34.465970 -6.66762632
34.564726 -8.71650447
34.663482 -10.42545730
34.762239 -11.09694062
34.860995 -10.59660160
34.959751 -9.58180312
35.058508 -8.89388894
35.157264 -8.98669788
35.256021 -9.81131330
35.354777 -10.81427124
35.453533 -11.13216882
35.552290 -10.24198308
35.651046 -8.43927130
35.749802 -6.44751844
35.848559 -4.77460104
35.947315 -3.57580742
36.046071 -2.83404101
36.144828 -2.49803773
36.243584 -2.53579086
36.342340 -2.95181693
36.441097 -3.78383096
36.539853 -5.07938842
36.638610 -6.81939880
36.737366 -8.74826042
36.836122 -10.24841801
36.934879 -10.65119068
37.033635 -9.91793853
37.132391 -8.76680207
37.231148 -8.01689783
37.329904 -8.06701570
37.428660 -8.81224346
37.527417 -9.64730389
37.626173 -9.70660993
37.724929 -8.54447556
37.823686 -6.53135618
37.922442 -4.38641122
38.021199 -2.57532751
38.119955 -1.23150114
38.218711 -0.33978814
38.317468 0.14534631
38.416224 0.26705648
38.514980 0.07922056
38.613737 -0.26634846
38.712493 -0.43742567
38.811249 -0.20139985
38.910006 0.26631578
39.008762 0.71093719
39.107519 1.05443186
39.206275 1.30851388
39.305031 1.49550978
39.403788 1.63264101
39.502544 1.73238894
39.601300 1.80346713
39.700057 1.85200200
39.798813 1.88204599
39.897569 1.89629443
39.996326 1.89755273
40.095082 1.89526503
40.193838 1.89154801
40.292595 1.88520767
40.391351 1.87587206
40.490108 1.86337546
40.588864 1.84755006
40.687620 1.82821992
40.786377 1.80520747
40.885133 1.77833602
40.983889 1.74743873
41.082646 1.71234588
41.181402 1.67287931
41.280158 1.62887216
41.378915 1.58027514
41.477671 1.52739763
41.576428 1.47148940
41.675184 1.41548547
41.773940 1.36452514
41.872697 1.32555155
41.971453 1.30548915
42.070209 1.30856172
42.168966 1.33433877
42.267722 1.37788587
42.366478 1.43187729
42.465235 1.48914387
42.563991 1.54417745
42.662747 1.59321095
42.761504 1.63346441
42.860260 1.66219127
42.959017 1.67582933
43.057773 1.66941180
43.156529 1.63565022
43.255286 1.56459964
43.354042 1.44565841
43.452798 1.27624375
43.551555 1.08274428
43.650311 0.93304471
43.749067 0.89966203
43.847824 0.99239742
43.946580 1.14791969
44.045337 1.29048486
44.144093 1.37935215
44.242849 1.40611480
44.341606 1.37479085
44.440362 1.29017428
44.539118 1.15621672
44.637875 0.98065591
44.736631 0.78771352
44.835387 0.63004256
44.934144 0.56511713
45.032900 0.59696317
45.131656 0.65953396
45.230413 0.66775315
45.329169 0.56418006
45.427926 0.33483659
45.526682 0.03462581
45.625438 -0.19661697
45.724195 -0.20913686
45.822951 0.02231886
45.921707 0.37759830
46.020464 0.71246647
46.119220 0.95265441
46.217976 1.08765907
46.316733 1.13029912
46.415489 1.09263992
46.514246 0.98044145
46.613002 0.79362242
46.711758 0.52969755
46.810515 0.19647828
46.909271 -0.15940505
47.008027 -0.43320136
47.106784 -0.51822882
47.205540 -0.40714141
47.304296 -0.17891987
47.403053 0.09316493
47.501809 0.34578949
47.600565 0.54471656
47.699322 0.72600511
47.798078 0.92370825
47.896835 1.11202285
47.995591 1.26280115
48.094347 1.37511772
48.193104 1.45767370
48.291860 1.51845767
48.390616 1.56331546
48.489373 1.59622178
48.588129 1.61986014
48.686885 1.63593996
48.785642 1.64560083
48.884398 1.64936008
48.983155 1.64899736
49.081911 1.64759828
49.180667 1.64600538
49.279424 1.64435818
49.378180 1.64269003
49.476936 1.64101235
49.575693 1.63932995
49.674449 1.63764509
49.773205 1.63595891
49.871962 1.63427200
49.970718 1.63258469
50.069474 1.63089715
50.168231 1.62920949
50.266987 1.62752176
50.365744 1.62583400
50.464500 1.62414623
50.563256 1.62245844
50.662013 1.62077067
50.760769 1.61908372
50.859525 1.61740555
50.958282 1.61573696
51.057038 1.61407798
51.155794 1.61242860
51.254551 1.61078881
51.353307 1.60915861
51.452064 1.60753800
51.550820 1.60592699
51.649576 1.60432556
51.748333 1.60273373
51.847089 1.60115149
51.945845 1.59957884
52.044602 1.59801578
52.143358 1.59646231
52.242114 1.59491843
52.340871 1.59338414
52.439627 1.59185944
52.538383 1.59034433
52.637140 1.58883880
52.735896 1.58734287
52.834653 1.58585653
52.933409 1.58437978
53.032165 1.58291261
53.130922 1.58145504
53.229678 1.58000705
53.328434 1.57856865
53.427191 1.57713984
53.525947 1.57572062
53.624703 1.57431099
53.723460 1.57291095
53.822216 1.57152050
53.920973 1.57013964
54.019729 1.56876836
54.118485 1.56740668
54.217242 1.56605458
54.315998 1.56471207
54.414754 1.56337916
54.513511 1.56205583
54.612267 1.56074208
54.711023 1.55943793
54.809780 1.55814337
54.908536 1.55685839
55.007292 1.55558301
55.106049 1.55431721
55.204805 1.55306100
55.303562 1.55181438
55.402318 1.55057735
55.501074 1.54934991
55.599831 1.54813206
55.698587 1.54692379
55.797343 1.54572512
55.896100 1.54453603
55.994856 1.54335653
56.093612 1.54218662
56.192369 1.54102630
56.291125 1.53987556
56.389882 1.53873442
56.488638 1.53760286
56.587394 1.53648090
56.686151 1.53536852
56.784907 1.53426573
56.883663 1.53317252
56.982420 1.53208891
57.081176 1.53101489
57.179932 1.52995045
57.278689 1.52889560
57.377445 1.52785034
57.476201 1.52681467
57.574958 1.52578859
57.673714 1.52477210
57.772471 1.52376519
57.871227 1.52276787
57.969983 1.52178014
58.068740 1.52080200
58.167496 1.51983345
58.266252 1.51887449
58.365009 1.51792511
58.463765 1.51698533
58.562521 1.51605513
58.661278 1.51513452
58.760034 1.51422350
58.858791 1.51332207
58.957547 1.51243022
59.056303 1.51154797
59.155060 1.51067530
59.253816 1.50981222
59.352572 1.50895873
59.451329 1.50811482
59.550085 1.50728051
59.648841 1.50645578
59.747598 1.50564065
59.846354 1.50483510
59.945110 1.50403914
60.043867 1.50325276
60.142623 1.50247598
60.241380 1.50170878
60.340136 1.50095117
60.438892 1.50020315
60.537649 1.49946472
60.636405 1.49873588
60.735161 1.49801662
60.833918 1.49730696
60.932674 1.49660688
61.031430 1.49591639
61.130187 1.49523549
61.228943 1.49456418
61.327700 1.49390245
61.426456 1.49325031
61.525212 1.49260776
61.623969 1.49197480
61.722725 1.49135143
61.821481 1.49073765
61.920238 1.49013345
62.018994 1.48953885
62.117750 1.48895383
62.216507 1.48837840
62.315263 1.48781255
62.414019 1.48725630
62.512776 1.48670963
62.611532 1.48617256
62.710289 1.48564507
62.809045 1.48512716
62.907801 1.48461885
63.006558 1.48412013
63.105314 1.48363099
63.204070 1.48315144
63.302827 1.48268148
63.401583 1.48222111
63.500339 1.48177033
63.599096 1.48132913
63.697852 1.48089753
63.796609 1.48047551
63.895365 1.48006308
63.994121 1.47966023
64.092878 1.47926698
64.191634 1.47888331
64.290390 1.47850924
64.389147 1.47814475
64.487903 1.47778985
64.586659 1.47744454
64.685416 1.47710881
64.784172 1.47678268
64.882928 1.47646613
64.981685 1.47615917
65.080441 1.47586180
65.179198 1.47557402
65.277954 1.47529582
65.376710 1.47502721
65.475467 1.47476820
65.574223 1.47451877
65.672979 1.47427893
65.771736 1.47404867
65.870492 1.47382801
65.969248 1.47361693
66.068005 1.47341545
66.166761 1.47322355
66.265518 1.47304124
66.364274 1.47286851
66.463030 1.47270538
66.561787 1.47255183
66.660543 1.47240787
66.759299 1.47227351
66.858056 1.47214872
66.956812 1.47203353
67.055568 1.47192793
67.154325 1.47183191
67.253081 1.47174549
67.351837 1.47166865
67.450594 1.47160140
67.549350 1.47154373
67.648107 1.47149566
67.746863 1.47145718
67.845619 1.47142828
67.944376 1.47140897
68.043132 1.47139925
68.141888 1.47139912
68.240645 1.47140858
68.339401 1.47142762
68.438157 1.47145626
68.536914 1.47149448
68.635670 1.47154229
68.734427 1.47159969
68.833183 1.47166668
68.931939 1.47174325
69.030696 1.47182942
69.129452 1.47192517
69.228208 1.47203051
69.326965 1.47214545
69.425721 1.47226996
69.524477 1.47240407
69.623234 1.47254777
69.721990 1.47270105
69.820746 1.47286393
69.919503 1.47303639
70.018259 1.47321844
70.117016 1.47341008
70.215772 1.47361131
70.314528 1.47382213
70.413285 1.47404253
70.512041 1.47427252
70.610797 1.47451211
70.709554 1.47476128
70.808310 1.47502004
70.907066 1.47528839
71.005823 1.47556632
71.104579 1.47585385
71.203336 1.47615097
71.302092 1.47645767
71.400848 1.47677396
71.499605 1.47709985
71.598361 1.47743532
71.697117 1.47777956
71.795874 1.47812462
71.894630 1.47846969
71.993386 1.47881475
72.092143 1.47915980
72.190899 1.47950486
72.289655 1.47984992
72.388412 1.48019501
72.487168 1.48054034
72.585925 1.48088515
