0.098756 1.65045575
0.197513 1.65046129
0.296269 1.65045545
0.395025 1.65045487
0.493782 1.65045494
0.592538 1.65045504
0.691295 1.65045513
0.790051 1.65045521
0.888807 1.65045529
0.987564 1.65045537
1.086320 1.65045545
1.185076 1.65045551
1.283833 1.65045558
1.382589 1.65045564
1.481345 1.65045569
1.580102 1.65045574
1.678858 1.65045578
1.777614 1.65045581
1.876371 1.65045583
1.975127 1.65045585
2.073884 1.65045586
2.172640 1.65045586
2.271396 1.65045585
2.370153 1.65045583
2.468909 1.65045580
2.567665 1.65045576
2.666422 1.65045572
2.765178 1.65045566
2.863934 1.65045558
2.962691 1.65045550
3.061447 1.65045541
3.160204 1.65045530
3.258960 1.65045518
3.357716 1.65045504
3.456473 1.65045489
3.555229 1.65045473
3.653985 1.65045455
3.752742 1.65045436
3.851498 1.65045416
3.950254 1.65045393
4.049011 1.65045369
4.147767 1.65045344
4.246523 1.65045317
4.345280 1.65045288
4.444036 1.65045258
4.542793 1.65045225
4.641549 1.65045191
4.740305 1.65045155
4.839062 1.65045118
4.937818 1.65045078
5.036574 1.65045036
5.135331 1.65044993
5.234087 1.65044947
5.332843 1.65044900
5.431600 1.65044850
5.530356 1.65044798
5.629113 1.65044745
5.727869 1.65044689
5.826625 1.65044631
5.925382 1.65044571
6.024138 1.65044508
6.122894 1.65044444
6.221651 1.65044377
6.320407 1.65044307
6.419163 1.65044236
6.517920 1.65044162
6.616676 1.65044086
6.715432 1.65044008
6.814189 1.65043927
6.912945 1.65043843
7.011702 1.65043758
7.110458 1.65043669
7.209214 1.65043579
7.307971 1.65043485
7.406727 1.65043389
7.505483 1.65043291
7.604240 1.65043190
7.702996 1.65043086
7.801752 1.65042980
7.900509 1.65042871
7.999265 1.65042760
8.098022 1.65042646
8.196778 1.65042529
8.295534 1.65042409
8.394291 1.65042288
8.493047 1.65042162
8.591803 1.65042035
8.690560 1.65041904
8.789316 1.65041772
8.888072 1.65041636
8.986829 1.65041497
9.085585 1.65041355
9.184341 1.65041212
9.283098 1.65041064
9.381854 1.65040915
9.480611 1.65040762
9.579367 1.65040607
9.678123 1.65040448
9.776880 1.65040287
9.875636 1.65040123
9.974392 1.65039956
10.073149 1.65039786
10.171905 1.65039614
10.270661 1.65039437
10.369418 1.65039259
10.468174 1.65039078
10.566931 1.65038894
10.665687 1.65038706
10.764443 1.65038516
10.863200 1.65038322
10.961956 1.65038127
11.060712 1.65037927
11.159469 1.65037725
11.258225 1.65037520
11.356981 1.65037312
11.455738 1.65037100
11.554494 1.65036886
11.653250 1.65036668
11.752007 1.65036448
11.850763 1.65036223
11.949520 1.65035997
12.048276 1.65035766
12.147032 1.65035532
12.245789 1.65035295
12.344545 1.65035054
12.443301 1.65034810
12.542058 1.65034562
12.640814 1.65034310
12.739570 1.65034055
12.838327 1.65033795
12.937083 1.65033531
13.035840 1.65033262
13.134596 1.65032990
13.233352 1.65032711
13.332109 1.65032429
13.430865 1.65032139
13.529621 1.65031845
13.628378 1.65031544
13.727134 1.65031236
13.825890 1.65030920
13.924647 1.65030598
14.023403 1.65030265
14.122159 1.65029924
14.220916 1.65029571
14.319672 1.65029207
14.418429 1.65028830
14.517185 1.65028439
14.615941 1.65028032
14.714698 1.65027607
14.813454 1.65027163
14.912210 1.65026696
15.010967 1.65026205
15.109723 1.65025687
15.208479 1.65025136
15.307236 1.65024552
15.405992 1.65023927
15.504749 1.65023259
15.603505 1.65022540
15.702261 1.65021766
15.801018 1.65020927
15.899774 1.65020018
15.998530 1.65019026
16.097287 1.65017944
16.196043 1.65016757
16.294799 1.65015455
16.393556 1.65014019
16.492312 1.65012435
16.591068 1.65010681
16.689825 1.65008737
16.788581 1.65006576
16.887338 1.65004173
16.986094 1.65001494
17.084850 1.64998504
17.183607 1.64995162
17.282363 1.64991424
17.381119 1.64987238
17.479876 1.64982548
17.578632 1.64977287
17.677388 1.64971383
17.776145 1.64964755
17.874901 1.64957311
17.973658 1.64948946
18.072414 1.64939546
18.171170 1.64928980
18.269927 1.64917103
18.368683 1.64903751
18.467439 1.64888741
18.566196 1.64871869
18.664952 1.64852906
18.763708 1.64831595
18.862465 1.64807652
18.961221 1.64780756
19.059977 1.64750553
19.158734 1.64716646
19.257490 1.64678591
19.356247 1.64635898
19.455003 1.64588018
19.553759 1.64534344
19.652516 1.64474196
19.751272 1.64406825
19.850028 1.64331394
19.948785 1.64246981
20.047541 1.64152555
20.146297 1.64046984
20.245054 1.63929003
20.343810 1.63797223
20.442567 1.63650098
20.541323 1.63485928
20.640079 1.63302824
20.738836 1.63098712
20.837592 1.62871290
20.936348 1.62618031
21.035105 1.62336136
21.133861 1.62022535
21.232617 1.61673830
21.331374 1.61286296
21.430130 1.60855816
21.528886 1.60377878
21.627643 1.59847497
21.726399 1.59259206
21.825156 1.58606965
21.923912 1.57884138
22.022668 1.57083380
22.121425 1.56196588
22.220181 1.55214755
22.318937 1.54127874
22.417694 1.52924728
22.516450 1.51592712
22.615206 1.50117513
22.713963 1.48482762
22.812719 1.46669527
22.911476 1.44655646
23.010232 1.42414851
23.108988 1.39915523
23.207745 1.37119095
23.306501 1.33977715
23.405257 1.30431254
23.504014 1.26402876
23.602770 1.21793334
23.701526 1.16472501
23.800283 1.10268371
23.899039 1.02950778
23.997795 0.94210074
24.096552 0.83625993
24.195308 0.70626319
24.294065 0.54429603
24.392821 0.33963180
24.491577 0.07769001
24.590334 -0.26148109
24.689090 -0.70314457
24.787846 -1.26529678
24.886603 -1.88973810
24.985359 -2.33504956
25.084115 -2.37875028
25.182872 -2.17639231
25.281628 -2.04420475
25.380385 -2.13321533
25.479141 -2.49626147
25.577897 -3.18707047
25.676654 -4.27764109
25.775410 -5.81995746
25.874166 -7.73212377
25.972923 -9.61427427
26.071679 -10.76335955
26.170435 -10.72161450
26.269192 -9.83134875
26.367948 -8.94077926
26.466704 -8.70583965
26.565461 -9.29571862
26.664217 -10.37205535
26.762974 -11.15147678
26.861730 -10.86041070
26.960486 -9.42239710
27.059243 -7.46368962
27.157999 -5.64036161
27.256755 -4.25022303
27.355512 -3.33216593
27.454268 -2.84121902
27.553024 -2.73466980
27.651781 -3.00229493
27.750537 -3.67077004
27.849294 -4.79135197
27.948050 -6.39154454
28.046806 -8.34829894
28.145563 -10.20614444
28.244319 -11.24307794
28.343075 -11.06737083
28.441832 -10.10860034
28.540588 -9.22885454
28.639344 -9.03986645
28.738101 -9.65935676
28.836857 -10.69699533
28.935613 -11.34148806
29.034370 -10.87065063
29.133126 -9.30583032
29.231883 -7.31169575
29.330639 -5.51145751
29.429395 -4.16318177
29.528152 -3.28796411
29.626908 -2.83750510
29.725664 -2.77100877
29.824421 -3.08169015
29.923177 -3.79923022
30.021933 -4.97498380
30.120690 -6.62747187
30.219446 -8.60416410
30.318203 -10.40633942
30.416959 -11.31127194
30.515715 -11.00722569
30.614472 -10.00682845
30.713228 -9.17405200
30.811984 -9.06992005
30.910741 -9.75675971
31.009497 -10.78905449
31.108253 -11.33063981
31.207010 -10.71713077
31.305766 -9.06458123
31.404522 -7.06642352
31.503279 -5.30974559
31.602035 -4.01565199
31.700792 -3.19031939
31.799548 -2.78363678
31.898304 -2.75755652
31.997061 -3.10921735
32.095817 -3.87144997
32.194573 -5.09534819
32.293330 -6.78906315
32.392086 -8.76842203
32.490842 -10.49312221
32.589599 -11.24917654
32.688355 -10.81122993
32.787112 -9.76772806
32.885868 -8.97470131
32.984624 -8.93941340
33.083381 -9.66765825
33.182137 -10.65835235
33.280893 -11.05673404
33.379650 -10.26440849
33.478406 -8.48935432
33.577162 -6.44575305
33.675919 -4.68494189
33.774675 -3.39890661
33.873431 -2.58816905
33.972188 -2.20876432
34.070944 -2.23020496
34.169701 -2.65360381
34.268457 -3.51032402
34.367213 -4.84370403
34.465970 -6.64302990
34.564726 -8.68508816
34.663482 -10.38711975
34.762239 -11.05205434
34.860995 -10.54597036
34.959751 -9.52654785
35.058508 -8.83514740
35.157264 -8.92519079
35.256021 -9.74699666
35.354777 -10.74602812
35.453533 -11.05771622
35.552290 -10.15836156
35.651046 -8.34378298
35.749802 -6.33844674
35.848559 -4.65118942
35.947315 -3.43782489
36.046071 -2.68144011
36.144828 -2.33071232
36.243584 -2.35343107
36.342340 -2.75393762
36.441097 -3.56994312
36.539853 -4.84927289
36.638610 -6.57353187
36.737366 -8.48831405
36.836122 -9.97756332
36.934879 -10.37399624
37.033635 -9.63963272
37.132391 -8.49223952
37.231148 -7.74957175
37.329904 -7.80808620
37.428660 -8.55973543
37.527417 -9.39505561
37.626173 -9.44345590
37.724929 -8.25497631
37.823686 -6.19753026
37.922442 -3.98910225
38.021199 -2.09517182
38.119955 -0.65083797
38.218711 0.35420406
38.317468 0.95883103
38.416224 1.20034560
38.514980 1.12872099
38.613737 0.89404993
38.712493 0.82880526
38.811249 1.16647664
38.910006 1.73252998
39.008762 2.27241575
39.107519 2.70797003
39.206275 3.05005008
39.305031 3.31926135
39.403788 3.53105962
39.502544 3.69644403
39.601300 3.82233030
39.700057 3.91322281
39.798813 3.97343959
39.897569 4.00620113
39.996326 4.01642417
40.095082 4.02038099
40.193838 4.02330561
40.292595 4.02591886
40.391351 4.02839213
40.490108 4.03079098
40.588864 4.03314693
40.687620 4.03547684
40.786377 4.03779034
40.885133 4.04009323
40.983889 4.04238915
41.082646 4.04468045
41.181402 4.04696873
41.280158 4.04925515
41.378915 4.05154064
41.477671 4.05382612
41.576428 4.05611267
41.675184 4.05840189
41.773940 4.06069652
41.872697 4.06300203
41.971453 4.06533164
42.070209 4.06772943
42.168966 4.07038812
42.267722 4.07404652
42.366478 4.07867728
42.465235 4.08382962
42.563991 4.08878270
42.662747 4.09244474
42.761504 4.09318627
42.860260 4.08857978
42.959017 4.07503076
43.057773 4.04730874
43.156529 3.99767842
43.255286 3.91552614
43.354042 3.78946516
43.452798 3.61602681
43.551555 3.42079868
43.650311 3.27112796
43.749067 3.23922556
43.847824 3.33467432
43.946580 3.49387399
44.045337 3.64077828
44.144093 3.73439049
44.242849 3.76607346
44.341606 3.73961921
44.440362 3.65961348
44.539118 3.52985078
44.637875 3.35799348
44.736631 3.16831072
44.835387 3.01364768
44.934144 2.95174205
45.032900 2.98686902
45.131656 3.05315398
45.230413 3.06557248
45.329169 2.96661433
45.427926 2.74213286
45.526682 2.44681353
45.625438 2.22027710
45.724195 2.21213535
45.822951 2.44765950
45.921707 2.80683605
46.020464 3.14556383
46.119220 3.38964866
46.217976 3.52860650
46.316733 3.57525148
46.415489 3.54164491
46.514246 3.43354341
46.613002 3.25086491
46.711758 2.99113131
46.810515 2.66217120
46.909271 2.31064242
47.008027 2.04133443
47.106784 1.96095541
47.205540 2.07683824
47.304296 2.30995749
47.403053 2.58699130
47.501809 2.84457639
47.600565 3.04844970
47.699322 3.23465322
47.798078 3.43723169
47.896835 3.63038207
47.995591 3.78596077
48.094347 3.90304623
48.193104 3.99034149
48.291860 4.05583343
48.390616 4.10536233
48.489373 4.14289267
48.588129 4.17109201
48.686885 4.19164698
48.785642 4.20567251
48.884398 4.21365856
48.983155 4.21740520
49.081911 4.22005977
49.180667 4.22249139
49.279424 4.22484982
49.378180 4.22717446
49.476936 4.22948075
49.575693 4.23177624
49.674449 4.23406505
49.773205 4.23634958
49.871962 4.23863133
49.970718 4.24091120
50.069474 4.24318982
50.168231 4.24546756
50.266987 4.24774470
50.365744 4.25002142
50.464500 4.25229784
50.563256 4.25457406
50.662013 4.25685012
50.760769 4.25912524
50.859525 4.26139152
50.958282 4.26364815
51.057038 4.26589515
51.155794 4.26813252
51.254551 4.27036029
51.353307 4.27257844
51.452064 4.27478700
51.550820 4.27698596
51.649576 4.27917532
51.748333 4.28135509
51.847089 4.28352527
51.945845 4.28568585
52.044602 4.28783685
52.143358 4.28997826
52.242114 4.29211008
52.340871 4.29423231
52.439627 4.29634495
52.538383 4.29844801
52.637140 4.30054148
52.735896 4.30262536
52.834653 4.30469965
52.933409 4.30676435
53.032165 4.30881947
53.130922 4.31086500
53.229678 4.31290095
53.328434 4.31492731
53.427191 4.31694408
53.525947 4.31895126
53.624703 4.32094886
53.723460 4.32293687
53.822216 4.32491529
53.920973 4.32688412
54.019729 4.32884337
54.118485 4.33079304
54.217242 4.33273311
54.315998 4.33466360
54.414754 4.33658450
54.513511 4.33849582
54.612267 4.34039754
54.711023 4.34228969
54.809780 4.34417224
54.908536 4.34604521
55.007292 4.34790859
55.106049 4.34976238
55.204805 4.35160659
55.303562 4.35344121
55.402318 4.35526624
55.501074 4.35708168
55.599831 4.35888754
55.698587 4.36068381
55.797343 4.36247050
55.896100 4.36424760
55.994856 4.36601511
56.093612 4.36777303
56.192369 4.36952137
56.291125 4.37126012
56.389882 4.37298928
56.488638 4.37470886
56.587394 4.37641884
56.686151 4.37811925
56.784907 4.37981006
56.883663 4.38149129
56.982420 4.38316293
57.081176 4.38482498
57.179932 4.38647745
57.278689 4.38812033
57.377445 4.38975362
57.476201 4.39137732
57.574958 4.39299144
57.673714 4.39459597
57.772471 4.39619091
57.871227 4.39777627
57.969983 4.39935204
58.068740 4.40091822
58.167496 4.40247481
58.266252 4.40402182
58.365009 4.40555924
58.463765 4.40708707
58.562521 4.40860532
58.661278 4.41011398
58.760034 4.41161305
58.858791 4.41310253
58.957547 4.41458243
59.056303 4.41605274
59.155060 4.41751346
59.253816 4.41896459
59.352572 4.42040614
59.451329 4.42183810
59.550085 4.42326047
59.648841 4.42467326
59.747598 4.42607645
59.846354 4.42747007
59.945110 4.42885409
60.043867 4.43022852
60.142623 4.43159337
60.241380 4.43294863
60.340136 4.43429430
60.438892 4.43563039
60.537649 4.43695689
60.636405 4.43827380
60.735161 4.43958112
60.833918 4.44087886
60.932674 4.44216701
61.031430 4.44344557
61.130187 4.44471454
61.228943 4.44597393
61.327700 4.44722372
61.426456 4.44846393
61.525212 4.44969456
61.623969 4.45091559
61.722725 4.45212704
61.821481 4.45332890
61.920238 4.45452117
62.018994 4.45570386
62.117750 4.45687695
62.216507 4.45804046
62.315263 4.45919439
62.414019 4.46033872
62.512776 4.46147347
62.611532 4.46259863
62.710289 4.46371420
62.809045 4.46482018
62.907801 4.46591658
63.006558 4.46700338
63.105314 4.46808060
63.204070 4.46914824
63.302827 4.47020628
63.401583 4.47125474
63.500339 4.47229361
63.599096 4.47332289
63.697852 4.47434258
63.796609 4.47535269
63.895365 4.47635321
63.994121 4.47734414
64.092878 4.47832548
64.191634 4.47929723
64.290390 4.48025940
64.389147 4.48121198
64.487903 4.48215497
64.586659 4.48308837
64.685416 4.48401218
64.784172 4.48492641
64.882928 4.48583105
64.981685 4.48672610
65.080441 4.48761156
65.179198 4.48848744
65.277954 4.48935373
65.376710 4.49021042
65.475467 4.49105754
65.574223 4.49189506
65.672979 4.49272299
65.771736 4.49354134
65.870492 4.49435010
65.969248 4.49514927
66.068005 4.49593885
66.166761 4.49671885
66.265518 4.49748925
66.364274 4.49825007
66.463030 4.49900130
66.561787 4.49974294
66.660543 4.50047500
66.759299 4.50119746
66.858056 4.50191034
66.956812 4.50261363
67.055568 4.50330733
67.154325 4.50399144
67.253081 4.50466597
67.351837 4.50533091
67.450594 4.50598625
67.549350 4.50663201
67.648107 4.50726819
67.746863 4.50789477
67.845619 4.50851176
67.944376 4.50911917
68.043132 4.50971699
68.141888 4.51030522
68.240645 4.51088386
68.339401 4.51145292
68.438157 4.51201238
68.536914 4.51256226
68.635670 4.51310255
68.734427 4.51363325
68.833183 4.51415436
68.931939 4.51466588
69.030696 4.51516782
69.129452 4.51566016
69.228208 4.51614292
69.326965 4.51661609
69.425721 4.51707967
69.524477 4.51753367
69.623234 4.51797807
69.721990 4.51841289
69.820746 4.51883811
69.919503 4.51925375
70.018259 4.51965980
70.117016 4.52005626
70.215772 4.52044314
70.314528 4.52082042
70.413285 4.52118812
70.512041 4.52154623
70.610797 4.52189474
70.709554 4.52223367
70.808310 4.52256302
70.907066 4.52288277
71.005823 4.52319293
71.104579 4.52349351
71.203336 4.52378450
71.302092 4.52406589
71.400848 4.52433770
71.499605 4.52459992
71.598361 4.52485255
71.697117 4.52509641
71.795874 4.52533945
71.894630 4.52558249
71.993386 4.52582553
72.092143 4.52606857
72.190899 4.52631162
72.289655 4.52655466
72.388412 4.52679772
72.487168 4.52704088
72.585925 4.52728382
