0.098756 1.65817643
0.197513 1.65817924
0.296269 1.65817617
0.395025 1.65817586
0.493782 1.65817589
0.592538 1.65817593
0.691295 1.65817597
0.790051 1.65817601
0.888807 1.65817606
0.987564 1.65817611
1.086320 1.65817617
1.185076 1.65817623
1.283833 1.65817630
1.382589 1.65817637
1.481345 1.65817646
1.580102 1.65817655
1.678858 1.65817665
1.777614 1.65817675
1.876371 1.65817687
1.975127 1.65817700
2.073884 1.65817713
2.172640 1.65817728
2.271396 1.65817744
2.370153 1.65817762
2.468909 1.65817780
2.567665 1.65817800
2.666422 1.65817821
2.765178 1.65817843
2.863934 1.65817867
2.962691 1.65817893
3.061447 1.65817919
3.160204 1.65817948
3.258960 1.65817978
3.357716 1.65818010
3.456473 1.65818044
3.555229 1.65818080
3.653985 1.65818117
3.752742 1.65818156
3.851498 1.65818197
3.950254 1.65818241
4.049011 1.65818286
4.147767 1.65818334
4.246523 1.65818383
4.345280 1.65818435
4.444036 1.65818489
4.542793 1.65818546
4.641549 1.65818605
4.740305 1.65818666
4.839062 1.65818730
4.937818 1.65818796
5.036574 1.65818865
5.135331 1.65818937
5.234087 1.65819011
5.332843 1.65819088
5.431600 1.65819167
5.530356 1.65819250
5.629113 1.65819336
5.727869 1.65819424
5.826625 1.65819515
5.925382 1.65819610
6.024138 1.65819708
6.122894 1.65819809
6.221651 1.65819912
6.320407 1.65820020
6.419163 1.65820130
6.517920 1.65820245
6.616676 1.65820362
6.715432 1.65820483
6.814189 1.65820607
6.912945 1.65820736
7.011702 1.65820867
7.110458 1.65821003
7.209214 1.65821142
7.307971 1.65821285
7.406727 1.65821432
7.505483 1.65821583
7.604240 1.65821737
7.702996 1.65821897
7.801752 1.65822060
7.900509 1.65822227
7.999265 1.65822398
8.098022 1.65822574
8.196778 1.65822754
8.295534 1.65822939
8.394291 1.65823128
8.493047 1.65823322
8.591803 1.65823520
8.690560 1.65823723
8.789316 1.65823930
8.888072 1.65824143
8.986829 1.65824360
9.085585 1.65824582
9.184341 1.65824809
9.283098 1.65825042
9.381854 1.65825279
9.480611 1.65825522
9.579367 1.65825770
9.678123 1.65826023
9.776880 1.65826281
9.875636 1.65826546
9.974392 1.65826815
10.073149 1.65827090
10.171905 1.65827371
10.270661 1.65827658
10.369418 1.65827951
10.468174 1.65828249
10.566931 1.65828553
10.665687 1.65828864
10.764443 1.65829180
10.863200 1.65829503
10.961956 1.65829832
11.060712 1.65830167
11.159469 1.65830509
11.258225 1.65830857
11.356981 1.65831212
11.455738 1.65831572
11.554494 1.65831941
11.653250 1.65832315
11.752007 1.65832696
11.850763 1.65833084
11.949520 1.65833479
12.048276 1.65833880
12.147032 1.65834289
12.245789 1.65834704
12.344545 1.65835127
12.443301 1.65835556
12.542058 1.65835993
12.640814 1.65836435
12.739570 1.65836886
12.838327 1.65837342
12.937083 1.65837806
13.035840 1.65838275
13.134596 1.65838753
13.233352 1.65839235
13.332109 1.65839724
13.430865 1.65840218
13.529621 1.65840719
13.628378 1.65841224
13.727134 1.65841735
13.825890 1.65842248
13.924647 1.65842768
14.023403 1.65843288
14.122159 1.65843813
14.220916 1.65844337
14.319672 1.65844865
14.418429 1.65845389
14.517185 1.65845914
14.615941 1.65846432
14.714698 1.65846949
14.813454 1.65847455
14.912210 1.65847955
15.010967 1.65848440
15.109723 1.65848913
15.208479 1.65849365
15.307236 1.65849799
15.405992 1.65850202
15.504749 1.65850578
15.603505 1.65850914
15.702261 1.65851209
15.801018 1.65851451
15.899774 1.65851638
15.998530 1.65851754
16.097287 1.65851795
16.196043 1.65851741
16.294799 1.65851588
16.393556 1.65851312
16.492312 1.65850903
16.591068 1.65850334
16.689825 1.65849591
16.788581 1.65848641
16.887338 1.65847464
16.986094 1.65846019
17.084850 1.65844279
17.183607 1.65842196
17.282363 1.65839731
17.381119 1.65836825
17.479876 1.65833430
17.578632 1.65829469
17.677388 1.65824880
17.776145 1.65819570
17.874901 1.65813457
17.973658 1.65806426
18.072414 1.65798371
18.171170 1.65789149
18.269927 1.65778626
18.368683 1.65766625
18.467439 1.65752973
18.566196 1.65737454
18.664952 1.65719845
18.763708 1.65699881
18.862465 1.65677282
18.961221 1.65651718
19.059977 1.65622839
19.158734 1.65590237
19.257490 1.65553474
19.356247 1.65512047
19.455003 1.65465411
19.553759 1.65412945
19.652516 1.65353974
19.751272 1.65287735
19.850028 1.65213391
19.948785 1.65130006
20.047541 1.65036547
20.146297 1.64931867
20.245054 1.64814696
20.343810 1.64683630
20.442567 1.64537113
20.541323 1.64373428
20.640079 1.64190671
20.738836 1.63986751
20.837592 1.63759345
20.936348 1.63505907
21.035105 1.63223608
21.133861 1.62909359
21.232617 1.62559724
21.331374 1.62170956
21.430130 1.61738892
21.528886 1.61258995
21.627643 1.60726226
21.726399 1.60135091
21.825156 1.59479486
21.923912 1.58752747
22.022668 1.57947460
22.121425 1.57055493
22.220181 1.56067762
22.318937 1.54974231
22.417694 1.53763607
22.516450 1.52423253
22.615206 1.50938772
22.713963 1.49293762
22.812719 1.47469200
22.911476 1.45442877
23.010232 1.43188421
23.108988 1.40674146
23.207745 1.37861362
23.306501 1.34702118
23.405257 1.31136136
23.504014 1.27086436
23.602770 1.22453586
23.701526 1.17107252
23.800283 1.10875179
23.899039 1.03526901
23.997795 0.94752408
24.096552 0.84130992
24.195308 0.71089885
24.294065 0.54846966
24.392821 0.34328742
24.491577 0.08076231
24.590334 -0.25906857
24.689090 -0.70148009
24.787846 -1.26448174
24.886603 -1.88988609
24.985359 -2.33628447
25.084115 -2.37856723
25.182872 -2.17496494
25.281628 -2.04173501
25.380385 -2.12995289
25.479141 -2.49247414
25.577897 -3.18300302
25.676654 -4.27348301
25.775410 -5.81583334
25.874166 -7.72809969
25.972923 -9.61038973
26.071679 -10.75965142
26.170435 -10.71811480
26.269192 -9.82806226
26.367948 -8.93766803
26.466704 -8.70282356
26.565461 -9.29268199
26.664217 -10.36885782
26.762974 -11.14796747
26.861730 -10.85645150
26.960486 -9.41788869
27.059243 -7.45858562
27.157999 -5.63465744
27.256755 -4.24394004
27.355512 -3.32535668
27.454268 -2.83398676
27.553024 -2.72718176
27.651781 -2.99477873
27.750537 -3.66348612
27.849294 -4.78455183
27.948050 -6.38542976
28.046806 -8.34299914
28.145563 -10.20171455
28.244319 -11.23949755
28.343075 -11.06454697
28.441832 -10.10637695
28.540588 -9.22703044
28.639344 -9.03821477
28.738101 -9.65764326
28.836857 -10.69499806
28.935613 -11.33901738
29.034370 -10.86756992
29.133126 -9.30206370
29.231883 -7.30722133
29.330639 -5.50628924
29.429395 -4.15735625
29.528152 -3.28154751
29.626908 -2.83061433
29.725664 -2.76382379
29.824421 -3.07444683
29.923177 -3.79218701
30.021933 -4.96837617
30.120690 -6.62146985
30.219446 -8.59885204
30.318203 -10.40171348
30.416959 -11.30724246
30.515715 -11.00363028
30.614472 -10.00346219
30.713228 -9.17069448
30.811984 -9.06635617
30.910741 -9.75279620
31.009497 -10.78453656
31.108253 -11.32546402
31.207010 -10.71125072
31.305766 -9.05799617
31.404522 -7.05915726
31.503279 -5.30182877
31.602035 -4.00711919
31.700792 -3.18122589
31.799548 -2.77408664
31.898304 -2.74772109
31.997061 -3.09933655
32.095817 -3.86181620
32.194573 -5.08628189
32.293330 -6.78088954
32.392086 -8.76146382
32.490842 -10.48770544
32.589599 -11.24563138
32.688355 -10.80984977
32.787112 -9.76869701
32.885868 -8.97810767
32.984624 -8.94534168
33.083381 -9.67627187
33.182137 -10.66996003
33.280893 -11.07181461
33.379650 -10.28354972
33.478406 -8.51310831
33.577162 -6.47450249
33.675919 -4.71890147
33.774675 -3.43824040
33.873431 -2.63313671
33.972188 -2.25988638
34.070944 -2.28844268
34.169701 -2.72042132
34.268457 -3.58726475
34.367213 -4.93233919
34.465970 -6.74505026
34.564726 -8.80229317
34.663482 -10.52141334
34.762239 -11.20546429
34.860995 -10.72067182
34.959751 -9.72489909
35.058508 -9.05991112
35.157264 -9.17991022
35.256021 -10.03631391
35.354777 -11.07589279
35.453533 -11.43514414
35.552290 -10.59017670
35.651046 -8.83424132
35.749802 -6.88642864
35.848559 -5.24809805
35.947315 -4.06722332
36.046071 -3.32118674
36.144828 -2.95734854
36.243584 -2.94699801
36.342340 -3.30103010
36.441097 -4.06408137
36.539853 -5.28926681
36.638610 -6.96119935
36.737366 -8.82660012
36.836122 -10.26940222
36.934879 -10.62174944
37.033635 -9.84487927
37.132391 -8.65576803
37.231148 -7.87159099
37.329904 -7.88858626
37.428660 -8.59894675
37.527417 -9.39430691
37.626173 -9.40641149
37.724929 -8.18883294
37.823686 -6.11398510
37.922442 -3.90475175
38.021199 -2.03049359
38.119955 -0.62690462
38.218711 0.31991814
38.317468 0.85513930
38.416224 1.02247657
38.514980 0.87671011
38.613737 0.57056171
38.712493 0.43723736
38.811249 0.71004845
38.910006 1.21401358
39.008762 1.69430990
39.107519 2.07267679
39.206275 2.36019455
39.305031 2.57814604
39.403788 2.74301123
39.502544 2.86698908
39.601300 2.95871538
39.700057 3.02418506
39.798813 3.06720037
39.897569 3.09019758
39.996326 3.09611772
40.095082 3.09737174
40.193838 3.09797491
40.292595 3.09841655
40.391351 3.09879386
40.490108 3.09913888
40.588864 3.09946568
40.687620 3.09978132
40.786377 3.10008978
40.885133 3.10039343
40.983889 3.10069379
41.082646 3.10099184
41.181402 3.10128828
41.280158 3.10158359
41.378915 3.10187815
41.477671 3.10217236
41.576428 3.10246670
41.675184 3.10276203
41.773940 3.10306010
41.872697 3.10336493
41.971453 3.10368765
42.070209 3.10406852
42.168966 3.10468989
42.267722 3.10625540
42.366478 3.10873292
42.465235 3.11167849
42.563991 3.11437933
42.662747 3.11575198
42.761504 3.11417584
42.860260 3.10723274
42.959017 3.09133725
43.057773 3.06126801
43.156529 3.00929704
43.255286 2.92481644
43.354042 2.79644189
43.452798 2.62070455
43.551555 2.42319268
43.650311 2.27125860
43.749067 2.23711931
43.847824 2.33035875
43.946580 2.48736767
44.045337 2.63208360
44.144093 2.72349130
44.242849 2.75293573
44.341606 2.72419278
44.440362 2.64183767
44.539118 2.50966199
44.637875 2.33533220
44.736631 2.14312950
44.835387 1.98591836
44.934144 1.92145985
45.032900 1.95405249
45.131656 2.01784111
45.230413 2.02781197
45.329169 1.92645458
45.427926 1.69960876
45.526682 1.40193751
45.625438 1.17303230
45.724195 1.16248225
45.822951 1.39556183
45.921707 1.75227745
46.020464 2.08854425
46.119220 2.33017177
46.217976 2.46666702
46.316733 2.51083123
46.415489 2.47471618
46.514246 2.36407300
46.613002 2.17881822
46.711758 1.91647820
46.810515 1.58489313
46.909271 1.23073918
47.008027 0.95883024
47.106784 0.87589346
47.205540 0.98926232
47.304296 1.21989566
47.403053 1.49444773
47.501809 1.74952936
47.600565 1.95085520
47.699322 2.13445011
47.798078 2.33434982
47.896835 2.52475235
47.995591 2.67752427
48.094347 2.79176043
48.193104 2.87618501
48.291860 2.93880884
48.390616 2.98549780
48.489373 3.02024485
48.588129 3.04574898
48.686885 3.06373221
48.785642 3.07533788
48.884398 3.08108405
48.983155 3.08273771
49.081911 3.08335231
49.180667 3.08376375
49.279424 3.08411309
49.378180 3.08443575
49.476936 3.08474479
49.575693 3.08504626
49.674449 3.08534325
49.773205 3.08563750
49.871962 3.08593002
49.970718 3.08622142
50.069474 3.08651209
50.168231 3.08680227
50.266987 3.08709213
50.365744 3.08738175
50.464500 3.08767123
50.563256 3.08796059
50.662013 3.08824988
50.760769 3.08853912
50.859525 3.08882832
50.958282 3.08911749
51.057038 3.08940665
51.155794 3.08969578
51.254551 3.08998491
51.353307 3.09027403
51.452064 3.09056314
51.550820 3.09085224
51.649576 3.09114134
51.748333 3.09143044
51.847089 3.09171954
51.945845 3.09200863
52.044602 3.09229772
52.143358 3.09258680
52.242114 3.09287589
52.340871 3.09316497
52.439627 3.09345405
52.538383 3.09374313
52.637140 3.09403221
52.735896 3.09432128
52.834653 3.09461035
52.933409 3.09489942
53.032165 3.09518849
53.130922 3.09547756
53.229678 3.09576663
53.328434 3.09605569
53.427191 3.09634475
53.525947 3.09663381
53.624703 3.09692287
53.723460 3.09721193
53.822216 3.09750098
53.920973 3.09779003
54.019729 3.09807908
54.118485 3.09836813
54.217242 3.09865718
54.315998 3.09894622
54.414754 3.09923526
54.513511 3.09952430
54.612267 3.09981334
54.711023 3.10010238
54.809780 3.10039141
54.908536 3.10068045
55.007292 3.10096948
55.106049 3.10125851
55.204805 3.10154753
55.303562 3.10183656
55.402318 3.10212558
55.501074 3.10241460
55.599831 3.10270362
55.698587 3.10299264
55.797343 3.10328165
55.896100 3.10357066
55.994856 3.10385968
56.093612 3.10414868
56.192369 3.10443769
56.291125 3.10472669
56.389882 3.10501570
56.488638 3.10530470
56.587394 3.10559370
56.686151 3.10588269
56.784907 3.10617168
56.883663 3.10646068
56.982420 3.10674967
57.081176 3.10703865
57.179932 3.10732764
57.278689 3.10761662
57.377445 3.10790560
57.476201 3.10819458
57.574958 3.10848356
57.673714 3.10877254
57.772471 3.10906151
57.871227 3.10935048
57.969983 3.10963945
58.068740 3.10992842
58.167496 3.11021738
58.266252 3.11050634
58.365009 3.11079530
58.463765 3.11108426
58.562521 3.11137322
58.661278 3.11166217
58.760034 3.11195112
58.858791 3.11224007
58.957547 3.11252902
59.056303 3.11281797
59.155060 3.11310691
59.253816 3.11339585
59.352572 3.11368479
59.451329 3.11397373
59.550085 3.11426267
59.648841 3.11455160
59.747598 3.11484053
59.846354 3.11512946
59.945110 3.11541839
60.043867 3.11570731
60.142623 3.11599624
60.241380 3.11628516
60.340136 3.11657408
60.438892 3.11686300
60.537649 3.11715191
60.636405 3.11744082
60.735161 3.11772974
60.833918 3.11801864
60.932674 3.11830755
61.031430 3.11859646
61.130187 3.11888536
61.228943 3.11917426
61.327700 3.11946316
61.426456 3.11975206
61.525212 3.12004096
61.623969 3.12032985
61.722725 3.12061874
61.821481 3.12090763
61.920238 3.12119652
62.018994 3.12148541
62.117750 3.12177429
62.216507 3.12206317
62.315263 3.12235206
62.414019 3.12264094
62.512776 3.12292981
62.611532 3.12321869
62.710289 3.12350756
62.809045 3.12379643
62.907801 3.12408530
63.006558 3.12437417
63.105314 3.12466304
63.204070 3.12495190
63.302827 3.12524077
63.401583 3.12552963
63.500339 3.12581849
63.599096 3.12610735
63.697852 3.12639620
63.796609 3.12668506
63.895365 3.12697391
63.994121 3.12726276
64.092878 3.12755161
64.191634 3.12784046
64.290390 3.12812931
64.389147 3.12841815
64.487903 3.12870700
64.586659 3.12899584
64.685416 3.12928468
64.784172 3.12957352
64.882928 3.12986236
64.981685 3.13015119
65.080441 3.13044003
65.179198 3.13072886
65.277954 3.13101769
65.376710 3.13130652
65.475467 3.13159535
65.574223 3.13188418
65.672979 3.13217301
65.771736 3.13246183
65.870492 3.13275066
65.969248 3.13303948
66.068005 3.13332830
66.166761 3.13361712
66.265518 3.13390594
66.364274 3.13419475
66.463030 3.13448357
66.561787 3.13477238
66.660543 3.13506120
66.759299 3.13535001
66.858056 3.13563882
66.956812 3.13592763
67.055568 3.13621644
67.154325 3.13650525
67.253081 3.13679406
67.351837 3.13708286
67.450594 3.13737167
67.549350 3.13766047
67.648107 3.13794927
67.746863 3.13823807
67.845619 3.13852687
67.944376 3.13881567
68.043132 3.13910447
68.141888 3.13939327
68.240645 3.13968207
68.339401 3.13997086
68.438157 3.14025966
68.536914 3.14054845
68.635670 3.14083724
68.734427 3.14112604
68.833183 3.14141483
68.931939 3.14170362
69.030696 3.14199241
69.129452 3.14228120
69.228208 3.14256999
69.326965 3.14285877
69.425721 3.14314756
69.524477 3.14343635
69.623234 3.14372513
69.721990 3.14401392
69.820746 3.14430270
69.919503 3.14459149
70.018259 3.14488027
70.117016 3.14516905
70.215772 3.14545784
70.314528 3.14574662
70.413285 3.14603540
70.512041 3.14632418
70.610797 3.14661296
70.709554 3.14690174
70.808310 3.14719052
70.907066 3.14747930
71.005823 3.14776808
71.104579 3.14805686
71.203336 3.14834564
71.302092 3.14863442
71.400848 3.14892319
71.499605 3.14921197
71.598361 3.14950075
71.697117 3.14978952
71.795874 3.15007830
71.894630 3.15036708
71.993386 3.15065585
72.092143 3.15094463
72.190899 3.15123341
72.289655 3.15152218
72.388412 3.15181098
72.487168 3.15209994
72.585925 3.15238855
