0.098756 1.67201397
0.197513 1.67201383
0.296269 1.67201397
0.395025 1.67201397
0.493782 1.67201396
0.592538 1.67201396
0.691295 1.67201395
0.790051 1.67201395
0.888807 1.67201396
0.987564 1.67201396
1.086320 1.67201397
1.185076 1.67201399
1.283833 1.67201401
1.382589 1.67201404
1.481345 1.67201407
1.580102 1.67201411
1.678858 1.67201416
1.777614 1.67201421
1.876371 1.67201428
1.975127 1.67201435
2.073884 1.67201443
2.172640 1.67201452
2.271396 1.67201462
2.370153 1.67201473
2.468909 1.67201485
2.567665 1.67201498
2.666422 1.67201513
2.765178 1.67201528
2.863934 1.67201545
2.962691 1.67201563
3.061447 1.67201583
3.160204 1.67201604
3.258960 1.67201627
3.357716 1.67201650
3.456473 1.67201676
3.555229 1.67201703
3.653985 1.67201732
3.752742 1.67201762
3.851498 1.67201795
3.950254 1.67201829
4.049011 1.67201865
4.147767 1.67201902
4.246523 1.67201942
4.345280 1.67201983
4.444036 1.67202027
4.542793 1.67202073
4.641549 1.67202121
4.740305 1.67202170
4.839062 1.67202223
4.937818 1.67202277
5.036574 1.67202334
5.135331 1.67202393
5.234087 1.67202455
5.332843 1.67202519
5.431600 1.67202585
5.530356 1.67202654
5.629113 1.67202726
5.727869 1.67202800
5.826625 1.67202878
5.925382 1.67202957
6.024138 1.67203040
6.122894 1.67203125
6.221651 1.67203214
6.320407 1.67203305
6.419163 1.67203400
6.517920 1.67203497
6.616676 1.67203598
6.715432 1.67203701
6.814189 1.67203809
6.912945 1.67203919
7.011702 1.67204032
7.110458 1.67204149
7.209214 1.67204269
7.307971 1.67204393
7.406727 1.67204520
7.505483 1.67204651
7.604240 1.67204786
7.702996 1.67204924
7.801752 1.67205066
7.900509 1.67205211
7.999265 1.67205361
8.098022 1.67205514
8.196778 1.67205671
8.295534 1.67205832
8.394291 1.67205998
8.493047 1.67206167
8.591803 1.67206341
8.690560 1.67206518
8.789316 1.67206700
8.888072 1.67206886
8.986829 1.67207077
9.085585 1.67207272
9.184341 1.67207471
9.283098 1.67207675
9.381854 1.67207883
9.480611 1.67208096
9.579367 1.67208314
9.678123 1.67208536
9.776880 1.67208763
9.875636 1.67208995
9.974392 1.67209232
10.073149 1.67209473
10.171905 1.67209719
10.270661 1.67209971
10.369418 1.67210227
10.468174 1.67210488
10.566931 1.67210755
10.665687 1.67211027
10.764443 1.67211303
10.863200 1.67211585
10.961956 1.67211873
11.060712 1.67212165
11.159469 1.67212463
11.258225 1.67212766
11.356981 1.67213075
11.455738 1.67213389
11.554494 1.67213708
11.653250 1.67214033
11.752007 1.67214363
11.850763 1.67214699
11.949520 1.67215040
12.048276 1.67215387
12.147032 1.67215738
12.245789 1.67216096
12.344545 1.67216458
12.443301 1.67216826
12.542058 1.67217199
12.640814 1.67217578
12.739570 1.67217961
12.838327 1.67218349
12.937083 1.67218742
13.035840 1.67219140
13.134596 1.67219542
13.233352 1.67219949
13.332109 1.67220359
13.430865 1.67220774
13.529621 1.67221191
13.628378 1.67221611
13.727134 1.67222034
13.825890 1.67222459
13.924647 1.67222885
14.023403 1.67223312
14.122159 1.67223738
14.220916 1.67224164
14.319672 1.67224587
14.418429 1.67225007
14.517185 1.67225422
14.615941 1.67225831
14.714698 1.67226231
14.813454 1.67226622
14.912210 1.67227000
15.010967 1.67227363
15.109723 1.67227708
15.208479 1.67228032
15.307236 1.67228330
15.405992 1.67228599
15.504749 1.67228833
15.603505 1.67229027
15.702261 1.67229174
15.801018 1.67229267
15.899774 1.67229297
15.998530 1.67229257
16.097287 1.67229133
16.196043 1.67228916
16.294799 1.67228591
16.393556 1.67228143
16.492312 1.67227554
16.591068 1.67226805
16.689825 1.67225873
16.788581 1.67224735
16.887338 1.67223359
16.986094 1.67221716
17.084850 1.67219768
17.183607 1.67217475
17.282363 1.67214791
17.381119 1.67211664
17.479876 1.67208034
17.578632 1.67203837
17.677388 1.67198998
17.776145 1.67193435
17.874901 1.67187051
17.973658 1.67179744
18.072414 1.67171393
18.171170 1.67161868
18.269927 1.67151017
18.368683 1.67138675
18.467439 1.67124652
18.566196 1.67108742
18.664952 1.67090707
18.763708 1.67070288
18.862465 1.67047188
18.961221 1.67021083
19.059977 1.66991603
19.158734 1.66958345
19.257490 1.66920850
19.356247 1.66878614
19.455003 1.66831069
19.553759 1.66777593
19.652516 1.66717482
19.751272 1.66649963
19.850028 1.66574172
19.948785 1.66489155
20.047541 1.66393847
20.146297 1.66287074
20.245054 1.66167527
20.343810 1.66033766
20.442567 1.65884188
20.541323 1.65717029
20.640079 1.65530326
20.738836 1.65321926
20.837592 1.65089437
20.936348 1.64830230
21.035105 1.64541396
21.133861 1.64219740
21.232617 1.63861727
21.331374 1.63463483
21.430130 1.63020726
21.528886 1.62528761
21.627643 1.61982410
21.726399 1.61375994
21.825156 1.60703247
21.923912 1.59957290
22.022668 1.59130522
22.121425 1.58214571
22.220181 1.57200151
22.318937 1.56076962
22.417694 1.54833492
22.516450 1.53456827
22.615206 1.51932352
22.713963 1.50243387
22.812719 1.48370692
22.911476 1.46291801
23.010232 1.43980152
23.108988 1.41403837
23.207745 1.38524021
23.306501 1.35292597
23.405257 1.31649214
23.504014 1.27516834
23.602770 1.22796054
23.701526 1.17356607
23.800283 1.11026399
23.899039 1.03575174
23.997795 0.94693222
24.096552 0.83960159
24.195308 0.70803614
24.294065 0.54441819
24.392821 0.33801647
24.491577 0.07424305
24.590334 -0.26686391
24.689090 -0.71058163
24.787846 -1.27492329
24.886603 -1.90170960
24.985359 -2.34953823
25.084115 -2.39033026
25.182872 -2.18535877
25.281628 -2.05091477
25.380385 -2.13812347
25.479141 -2.49986326
25.577897 -3.18981307
25.676654 -4.27986112
25.775410 -5.82186110
25.874166 -7.73380678
25.972923 -9.61579142
26.071679 -10.76477861
26.170435 -10.72301784
26.269192 -9.83279240
26.367948 -8.94226277
26.466704 -8.70729405
26.565461 -9.29700817
26.664217 -10.37298293
26.762974 -11.15180046
26.861730 -10.85987868
26.960486 -9.42079960
27.059243 -7.46089348
27.157999 -5.63629449
27.256755 -4.24484588
27.355512 -3.32549071
27.454268 -2.83335487
27.553024 -2.72585770
27.651781 -2.99290449
27.750537 -3.66124862
27.849294 -4.78214388
27.948050 -6.38301703
28.046806 -8.34071198
28.145563 -10.19965891
28.244319 -11.23776719
28.343075 -11.06321001
28.441832 -10.10544781
28.540588 -9.22645620
28.639344 -9.03788165
28.738101 -9.65738830
28.836857 -10.69462317
28.935613 -11.33830847
29.034370 -10.86632506
29.133126 -9.30012425
29.231883 -7.30448722
29.330639 -5.50270828
29.429395 -4.15291010
29.528152 -3.27626136
29.626908 -2.82457902
29.725664 -2.75721054
29.824421 -3.06749909
29.923177 -3.78518728
30.021933 -4.96159633
30.120690 -6.61512745
30.219446 -8.59308958
30.318203 -10.39659811
30.416959 -11.30276555
30.515715 -10.99970684
30.614472 -9.99993652
30.713228 -9.16735717
30.811984 -9.06296445
30.910741 -9.74909654
31.009497 -10.78028707
31.108253 -11.32045991
31.207010 -10.70534662
31.305766 -9.05111671
31.404522 -7.05128862
31.503279 -5.29300297
31.602035 -3.99740371
31.700792 -3.17073623
31.799548 -2.76300736
31.898304 -2.73631713
31.997061 -3.08794242
32.095817 -3.85080626
32.194573 -5.07602880
32.293330 -6.77172529
32.392086 -8.75365813
32.490842 -10.48145760
32.589599 -11.24105975
32.688355 -10.80695686
32.787112 -9.76732238
32.885868 -8.97793557
32.984624 -8.94595825
33.083381 -9.67721926
33.182137 -10.67077839
33.280893 -11.07208259
33.379650 -10.28293635
33.478406 -8.51140973
33.577162 -6.47163786
33.675919 -4.71489762
33.774675 -3.43324374
33.873431 -2.62744080
33.972188 -2.25394964
34.070944 -2.28287804
34.169701 -2.71595939
34.268457 -3.58470637
34.367213 -4.93247782
34.465970 -6.74857808
34.564726 -8.80973007
34.663482 -10.53306968
34.762239 -11.22142237
34.860995 -10.74076628
34.959751 -9.74872697
35.058508 -9.08700454
35.157264 -9.21003089
35.256021 -10.06969241
35.354777 -11.11344344
35.453533 -11.47853383
35.552290 -10.64150307
35.651046 -8.89541324
35.749802 -6.95869350
35.848559 -5.33206316
35.947315 -4.16315944
36.046071 -3.42927961
36.144828 -3.07788993
36.243584 -3.08050049
36.342340 -3.44822296
36.441097 -4.22582839
36.539853 -5.46643088
36.638610 -7.15441503
36.737366 -9.03600279
36.836122 -10.49446885
36.934879 -10.86135932
37.033635 -10.09770526
37.132391 -8.92084372
37.231148 -8.14892463
37.329904 -8.17980537
37.428660 -8.90773887
37.527417 -9.72675239
37.626173 -9.77075383
37.724929 -8.59387119
37.823686 -6.56673799
37.922442 -4.40889500
38.021199 -2.58627060
38.119955 -1.23215668
38.218711 -0.33130067
38.317468 0.16193031
38.416224 0.29085755
38.514980 0.10954552
38.613737 -0.23001213
38.712493 -0.39539740
38.811249 -0.15384382
38.910006 0.31935520
39.008762 0.76946293
39.107519 1.11845954
39.206275 1.37799487
39.305031 1.57023991
39.403788 1.71228987
39.502544 1.81656071
39.601300 1.89171823
39.700057 1.94380924
39.798813 1.97675783
39.897569 1.99310875
39.996326 1.99561524
40.095082 1.99450382
40.193838 1.99294945
40.292595 1.99131297
40.391351 1.98965269
40.490108 1.98798268
40.588864 1.98630736
40.687620 1.98462845
40.786377 1.98294679
40.885133 1.98126295
40.983889 1.97957735
41.082646 1.97789029
41.181402 1.97620200
41.280158 1.97451264
41.378915 1.97282230
41.477671 1.97113106
41.576428 1.96943901
41.675184 1.96774651
41.773940 1.96605453
41.872697 1.96436600
41.971453 1.96269034
42.070209 1.96106473
42.168966 1.95966287
42.267722 1.95915826
42.366478 1.95951341
42.465235 1.96028905
42.563991 1.96077848
42.662747 1.95990496
42.761504 1.95605531
42.860260 1.94681952
42.959017 1.92862016
43.057773 1.89624417
43.156529 1.84197018
43.255286 1.75519572
43.354042 1.62453882
43.452798 1.44653074
43.551555 1.24676094
43.650311 1.09258690
43.749067 1.05623181
43.847824 1.14728026
43.946580 1.30211459
44.045337 1.44465695
44.144093 1.53387487
44.242849 1.56109616
44.341606 1.53008115
44.440362 1.44539481
44.539118 1.31082579
44.637875 1.13404469
44.736631 0.93934437
44.835387 0.77960786
44.934144 0.71261858
45.032900 0.74269797
45.131656 0.80400973
45.230413 0.81155069
45.329169 0.70780948
45.427926 0.47861292
45.526682 0.17860203
45.625438 -0.05266020
45.724195 -0.06560653
45.822951 0.16504065
45.921707 0.51930755
46.020464 0.85312546
46.119220 1.09230756
46.217976 1.22635203
46.316733 1.26804710
46.415489 1.22943524
46.514246 1.11626222
46.613002 0.92844336
46.711758 0.66350967
46.810515 0.32931279
46.909271 -0.02745275
47.008027 -0.30194928
47.106784 -0.38743097
47.205540 -0.27656392
47.304296 -0.04840473
47.403053 0.22367710
47.501809 0.47626699
47.600565 0.67505733
47.699322 0.85605597
47.798078 1.05328971
47.896835 1.24095766
47.995591 1.39093651
48.094347 1.50233722
48.193104 1.58390498
48.291860 1.64367419
48.390616 1.68753618
48.489373 1.71951200
48.588129 1.74233187
48.686885 1.75775276
48.785642 1.76694619
48.884398 1.77045796
48.983155 1.77002266
49.081911 1.76860091
49.180667 1.76699575
49.279424 1.76533955
49.378180 1.76366377
49.476936 1.76197912
49.575693 1.76029010
49.674449 1.75859882
49.773205 1.75690632
49.871962 1.75521315
49.970718 1.75351963
50.069474 1.75182590
50.168231 1.75013207
50.266987 1.74843818
50.365744 1.74674427
50.464500 1.74505035
50.563256 1.74335643
50.662013 1.74166252
50.760769 1.73996944
50.859525 1.73828513
50.958282 1.73661042
51.057038 1.73494531
51.155794 1.73328979
51.254551 1.73164387
51.353307 1.73000754
51.452064 1.72838080
51.550820 1.72676366
51.649576 1.72515610
51.748333 1.72355814
51.847089 1.72196976
51.945845 1.72039098
52.044602 1.71882179
52.143358 1.71726218
52.242114 1.71571217
52.340871 1.71417174
52.439627 1.71264090
52.538383 1.71111965
52.637140 1.70960799
52.735896 1.70810592
52.834653 1.70661343
52.933409 1.70513054
53.032165 1.70365723
53.130922 1.70219352
53.229678 1.70073939
53.328434 1.69929485
53.427191 1.69785989
53.525947 1.69643453
53.624703 1.69501875
53.723460 1.69361257
53.822216 1.69221597
53.920973 1.69082896
54.019729 1.68945154
54.118485 1.68808370
54.217242 1.68672546
54.315998 1.68537681
54.414754 1.68403774
54.513511 1.68270826
54.612267 1.68138837
54.711023 1.68007807
54.809780 1.67877736
54.908536 1.67748623
55.007292 1.67620470
55.106049 1.67493275
55.204805 1.67367040
55.303562 1.67241763
55.402318 1.67117445
55.501074 1.66994086
55.599831 1.66871685
55.698587 1.66750244
55.797343 1.66629762
55.896100 1.66510238
55.994856 1.66391673
56.093612 1.66274068
56.192369 1.66157421
56.291125 1.66041733
56.389882 1.65927003
56.488638 1.65813233
56.587394 1.65700422
56.686151 1.65588569
56.784907 1.65477676
56.883663 1.65367741
56.982420 1.65258765
57.081176 1.65150749
57.179932 1.65043691
57.278689 1.64937592
57.377445 1.64832451
57.476201 1.64728270
57.574958 1.64625048
57.673714 1.64522784
57.772471 1.64421480
57.871227 1.64321134
57.969983 1.64221748
58.068740 1.64123320
58.167496 1.64025851
58.266252 1.63929341
58.365009 1.63833790
58.463765 1.63739198
58.562521 1.63645565
58.661278 1.63552890
58.760034 1.63461175
58.858791 1.63370418
58.957547 1.63280621
59.056303 1.63191782
59.155060 1.63103902
59.253816 1.63016982
59.352572 1.62931020
59.451329 1.62846017
59.550085 1.62761973
59.648841 1.62678888
59.747598 1.62596762
59.846354 1.62515594
59.945110 1.62435386
60.043867 1.62356137
60.142623 1.62277846
60.241380 1.62200515
60.340136 1.62124142
60.438892 1.62048728
60.537649 1.61974274
60.636405 1.61900778
60.735161 1.61828241
60.833918 1.61756663
60.932674 1.61686044
61.031430 1.61616384
61.130187 1.61547683
61.228943 1.61479940
61.327700 1.61413157
61.426456 1.61347333
61.525212 1.61282467
61.623969 1.61218561
61.722725 1.61155613
61.821481 1.61093624
61.920238 1.61032595
62.018994 1.60972524
62.117750 1.60913412
62.216507 1.60855259
62.315263 1.60798065
62.414019 1.60741830
62.512776 1.60686554
62.611532 1.60632237
62.710289 1.60578878
62.809045 1.60526479
62.907801 1.60475039
63.006558 1.60424557
63.105314 1.60375035
63.204070 1.60326471
63.302827 1.60278867
63.401583 1.60232221
63.500339 1.60186534
63.599096 1.60141806
63.697852 1.60098037
63.796609 1.60055227
63.895365 1.60013376
63.994121 1.59972484
64.092878 1.59932551
64.191634 1.59893577
64.290390 1.59855561
64.389147 1.59818505
64.487903 1.59782408
64.586659 1.59747269
64.685416 1.59713089
64.784172 1.59679869
64.882928 1.59647607
64.981685 1.59616304
65.080441 1.59585960
65.179198 1.59556575
65.277954 1.59528149
65.376710 1.59500682
65.475467 1.59474174
65.574223 1.59448625
65.672979 1.59424035
65.771736 1.59400403
65.870492 1.59377731
65.969248 1.59356017
66.068005 1.59335263
66.166761 1.59315467
66.265518 1.59296630
66.364274 1.59278753
66.463030 1.59261834
66.561787 1.59245874
66.660543 1.59230873
66.759299 1.59216831
66.858056 1.59203748
66.956812 1.59191623
67.055568 1.59180458
67.154325 1.59170252
67.253081 1.59161004
67.351837 1.59152715
67.450594 1.59145386
67.549350 1.59139015
67.648107 1.59133603
67.746863 1.59129150
67.845619 1.59125656
67.944376 1.59123121
68.043132 1.59121545
68.141888 1.59120928
68.240645 1.59121270
68.339401 1.59122570
68.438157 1.59124830
68.536914 1.59128048
68.635670 1.59132226
68.734427 1.59137362
68.833183 1.59143457
68.931939 1.59150511
69.030696 1.59158524
69.129452 1.59167496
69.228208 1.59177427
69.326965 1.59188317
69.425721 1.59200165
69.524477 1.59212973
69.623234 1.59226739
69.721990 1.59241465
69.820746 1.59257149
69.919503 1.59273792
70.018259 1.59291394
70.117016 1.59309955
70.215772 1.59329475
70.314528 1.59349954
70.413285 1.59371392
70.512041 1.59393788
70.610797 1.59417144
70.709554 1.59441458
70.808310 1.59466732
70.907066 1.59492964
71.005823 1.59520155
71.104579 1.59548305
71.203336 1.59577414
71.302092 1.59607482
71.400848 1.59638508
71.499605 1.59670495
71.598361 1.59703439
71.697117 1.59737261
71.795874 1.59771164
71.894630 1.59805068
71.993386 1.59838972
72.092143 1.59872875
72.190899 1.59906779
72.289655 1.59940682
72.388412 1.59974589
72.487168 1.60008519
72.585925 1.60042398
