0.098756 1.65326597
0.197513 1.65326913
0.296269 1.65326578
0.395025 1.65326545
0.493782 1.65326549
0.592538 1.65326554
0.691295 1.65326559
0.790051 1.65326564
0.888807 1.65326569
0.987564 1.65326574
1.086320 1.65326578
1.185076 1.65326583
1.283833 1.65326587
1.382589 1.65326591
1.481345 1.65326595
1.580102 1.65326599
1.678858 1.65326603
1.777614 1.65326607
1.876371 1.65326610
1.975127 1.65326614
2.073884 1.65326617
2.172640 1.65326619
2.271396 1.65326622
2.370153 1.65326624
2.468909 1.65326627
2.567665 1.65326628
2.666422 1.65326630
2.765178 1.65326631
2.863934 1.65326632
2.962691 1.65326633
3.061447 1.65326633
3.160204 1.65326634
3.258960 1.65326633
3.357716 1.65326633
3.456473 1.65326631
3.555229 1.65326630
3.653985 1.65326628
3.752742 1.65326626
3.851498 1.65326623
3.950254 1.65326620
4.049011 1.65326616
4.147767 1.65326612
4.246523 1.65326608
4.345280 1.65326603
4.444036 1.65326597
4.542793 1.65326591
4.641549 1.65326584
4.740305 1.65326576
4.839062 1.65326568
4.937818 1.65326560
5.036574 1.65326550
5.135331 1.65326541
5.234087 1.65326530
5.332843 1.65326519
5.431600 1.65326507
5.530356 1.65326494
5.629113 1.65326480
5.727869 1.65326466
5.826625 1.65326451
5.925382 1.65326435
6.024138 1.65326418
6.122894 1.65326400
6.221651 1.65326381
6.320407 1.65326362
6.419163 1.65326341
6.517920 1.65326320
6.616676 1.65326297
6.715432 1.65326274
6.814189 1.65326249
6.912945 1.65326223
7.011702 1.65326196
7.110458 1.65326168
7.209214 1.65326139
7.307971 1.65326109
7.406727 1.65326077
7.505483 1.65326044
7.604240 1.65326010
7.702996 1.65325974
7.801752 1.65325937
7.900509 1.65325899
7.999265 1.65325859
8.098022 1.65325818
8.196778 1.65325775
8.295534 1.65325731
8.394291 1.65325685
8.493047 1.65325638
8.591803 1.65325588
8.690560 1.65325538
8.789316 1.65325485
8.888072 1.65325431
8.986829 1.65325374
9.085585 1.65325317
9.184341 1.65325257
9.283098 1.65325195
9.381854 1.65325131
9.480611 1.65325066
9.579367 1.65324997
9.678123 1.65324928
9.776880 1.65324855
9.875636 1.65324781
9.974392 1.65324704
10.073149 1.65324626
10.171905 1.65324544
10.270661 1.65324461
10.369418 1.65324374
10.468174 1.65324286
10.566931 1.65324195
10.665687 1.65324101
10.764443 1.65324004
10.863200 1.65323906
10.961956 1.65323803
11.060712 1.65323699
11.159469 1.65323590
11.258225 1.65323480
11.356981 1.65323366
11.455738 1.65323249
11.554494 1.65323128
11.653250 1.65323005
11.752007 1.65322877
11.850763 1.65322747
11.949520 1.65322612
12.048276 1.65322474
12.147032 1.65322332
12.245789 1.65322186
12.344545 1.65322036
12.443301 1.65321882
12.542058 1.65321722
12.640814 1.65321559
12.739570 1.65321390
12.838327 1.65321217
12.937083 1.65321038
13.035840 1.65320854
13.134596 1.65320663
13.233352 1.65320467
13.332109 1.65320263
13.430865 1.65320054
13.529621 1.65319836
13.628378 1.65319610
13.727134 1.65319376
13.825890 1.65319133
13.924647 1.65318879
14.023403 1.65318616
14.122159 1.65318340
14.220916 1.65318052
14.319672 1.65317749
14.418429 1.65317432
14.517185 1.65317097
14.615941 1.65316745
14.714698 1.65316372
14.813454 1.65315977
14.912210 1.65315557
15.010967 1.65315110
15.109723 1.65314631
15.208479 1.65314119
15.307236 1.65313568
15.405992 1.65312975
15.504749 1.65312333
15.603505 1.65311639
15.702261 1.65310884
15.801018 1.65310062
15.899774 1.65309163
15.998530 1.65308180
16.097287 1.65307101
16.196043 1.65305914
16.294799 1.65304605
16.393556 1.65303160
16.492312 1.65301560
16.591068 1.65299786
16.689825 1.65297816
16.788581 1.65295626
16.887338 1.65293186
16.986094 1.65290465
17.084850 1.65287427
17.183607 1.65284032
17.282363 1.65280234
17.381119 1.65275983
17.479876 1.65271220
17.578632 1.65265880
17.677388 1.65259891
17.776145 1.65253172
17.874901 1.65245629
17.973658 1.65237159
18.072414 1.65227647
18.171170 1.65216963
18.269927 1.65204961
18.368683 1.65191479
18.467439 1.65176332
18.566196 1.65159318
18.664952 1.65140207
18.763708 1.65118744
18.862465 1.65094645
18.961221 1.65067591
19.059977 1.65037227
19.158734 1.65003158
19.257490 1.64964943
19.356247 1.64922092
19.455003 1.64874059
19.553759 1.64820237
19.652516 1.64759951
19.751272 1.64692454
19.850028 1.64616914
19.948785 1.64532408
20.047541 1.64437915
20.146297 1.64332303
20.245054 1.64214317
20.343810 1.64082569
20.442567 1.63935524
20.541323 1.63771486
20.640079 1.63588578
20.738836 1.63384730
20.837592 1.63157653
20.936348 1.62904830
21.035105 1.62623475
21.133861 1.62310528
21.232617 1.61962608
21.331374 1.61576001
21.430130 1.61146613
21.528886 1.60669939
21.627643 1.60141023
21.726399 1.59554409
21.825156 1.58904086
21.923912 1.58183430
22.022668 1.57385132
22.121425 1.56501099
22.220181 1.55522365
22.318937 1.54438930
22.417694 1.53239625
22.516450 1.51911844
22.615206 1.50441325
22.713963 1.48811685
22.812719 1.47004036
22.911476 1.44996181
23.010232 1.42761876
23.108988 1.40269427
23.207745 1.37480256
23.306501 1.34346377
23.405257 1.30807595
23.504014 1.26786856
23.602770 1.22184758
23.701526 1.16870837
23.800283 1.10672795
23.899039 1.03359957
23.997795 0.94622171
24.096552 0.84038420
24.195308 0.71035681
24.294065 0.54831425
24.392821 0.34351787
24.491577 0.08137296
24.590334 -0.25808791
24.689090 -0.70014448
24.787846 -1.26281046
24.886603 -1.88790219
24.985359 -2.33401344
25.084115 -2.37632566
25.182872 -2.17276416
25.281628 -2.03958457
25.380385 -2.12785713
25.479141 -2.49043573
25.577897 -3.18102494
25.676654 -4.27157282
25.775410 -5.81400343
25.874166 -7.72636805
25.972923 -9.60877740
26.071679 -10.75817938
26.170435 -10.71679944
26.269192 -9.82690148
26.367948 -8.93663799
26.466704 -8.70188098
26.565461 -9.29177115
26.664217 -10.36791750
26.762974 -11.14693843
26.861730 -10.85528496
26.960486 -9.41655529
27.059243 -7.45707977
27.157999 -5.63299810
27.256755 -4.24216637
27.355512 -3.32352258
27.454268 -2.83215213
27.553024 -2.72540534
27.651781 -2.99311278
27.750537 -3.66197458
27.849294 -4.78322908
27.948050 -6.38431803
28.046806 -8.34210243
28.145563 -10.20101075
28.244319 -11.23893220
28.343075 -11.06403524
28.441832 -10.10581766
28.540588 -9.22631758
28.639344 -9.03724607
28.738101 -9.65632595
28.836857 -10.69325550
28.935613 -11.33679571
29.034370 -10.86484063
29.133126 -9.29881928
29.231883 -7.30346808
29.330639 -5.50204907
29.429395 -4.15266939
29.528152 -3.27647141
29.626908 -2.82521791
29.725664 -2.75818253
29.824421 -3.06863867
29.923177 -3.78629325
30.021933 -4.96248354
30.120690 -6.61567164
30.219446 -8.59324481
30.318203 -10.39639226
30.416959 -11.30229838
30.515715 -10.99915828
30.614472 -9.99957542
30.713228 -9.16755187
30.811984 -9.06420127
30.910741 -9.75198742
31.009497 -10.78557368
31.108253 -11.32898305
31.207010 -10.71794032
31.305766 -9.06844146
31.404522 -7.07370235
31.503279 -5.32056951
31.602035 -4.02998109
31.700792 -3.20804836
31.799548 -2.80471948
31.898304 -2.78213696
31.997061 -3.13773009
32.095817 -3.90468813
32.194573 -5.13448231
32.293330 -6.83561082
32.392086 -8.82421617
32.490842 -10.56030050
32.589599 -11.33018700
32.688355 -10.90876860
32.787112 -9.88460790
32.885868 -9.11388893
32.984624 -9.10425331
33.083381 -9.86209664
33.182137 -10.88712067
33.280893 -11.32538819
33.379650 -10.57902733
33.478406 -8.85575330
33.577162 -6.86820376
33.675919 -5.16442394
33.774675 -3.93099533
33.873431 -3.16133573
33.972188 -2.80446075
34.070944 -2.82555621
34.169701 -3.22601566
34.268457 -4.04197107
34.367213 -5.32392103
34.465970 -7.06809938
34.564726 -9.05640627
34.663482 -10.70906436
34.762239 -11.33030753
34.860995 -10.78633225
34.959751 -9.73418124
35.058508 -9.01436605
35.157264 -9.07957490
35.256021 -9.87958705
35.354777 -10.85958501
35.453533 -11.15491290
35.552290 -10.24176989
35.651046 -8.41571340
35.749802 -6.40084589
35.848559 -4.70567080
35.947315 -3.48569217
36.046071 -2.72365070
36.144828 -2.36783140
36.243584 -2.38562641
36.342340 -2.78100817
36.441097 -3.59133553
36.539853 -4.86406823
36.638610 -6.58040875
36.737366 -8.48550786
36.836122 -9.96285280
36.934879 -10.34474591
37.033635 -9.59291873
37.132391 -8.42500926
37.231148 -7.65884024
37.329904 -7.69116611
37.428660 -8.41454432
37.527417 -9.22082523
37.626173 -9.24187208
37.724929 -8.03137028
37.823686 -5.96190539
37.922442 -3.75653380
38.021199 -1.88470965
38.119955 -0.48243806
38.218711 0.46378215
38.317468 0.99883763
38.416224 1.16627650
38.514980 1.02077360
38.613737 0.71498327
38.712493 0.58206857
38.811249 0.85531373
38.910006 1.35972160
39.008762 1.84045678
39.107519 2.21924989
39.206275 2.50717075
39.305031 2.72548774
39.403788 2.89067206
39.502544 3.01491865
39.601300 3.10686336
39.700057 3.17250078
39.798813 3.21563210
39.897569 3.23869288
39.996326 3.24462812
40.095082 3.24588251
40.193838 3.24648400
40.292595 3.24692357
40.391351 3.24729872
40.490108 3.24764163
40.588864 3.24796636
40.687620 3.24827998
40.786377 3.24858646
40.885133 3.24888816
40.983889 3.24918658
41.082646 3.24948270
41.181402 3.24977720
41.280158 3.25007054
41.378915 3.25036311
41.477671 3.25065525
41.576428 3.25094743
41.675184 3.25124047
41.773940 3.25153607
41.872697 3.25183815
41.971453 3.25215773
42.070209 3.25253487
42.168966 3.25315140
42.267722 3.25470935
42.366478 3.25717676
42.465235 3.26011031
42.563991 3.26279777
42.662747 3.26415620
42.761504 3.26256540
42.860260 3.25560758
42.959017 3.23969764
43.057773 3.20961451
43.156529 3.15763043
43.255286 3.07313767
43.354042 2.94475198
43.452798 2.76900439
43.551555 2.57148308
43.650311 2.41954027
43.749067 2.38539301
43.847824 2.47862518
43.946580 2.63562745
44.045337 2.78033707
44.144093 2.87173854
44.242849 2.90117647
44.341606 2.87242649
44.440362 2.79006365
44.539118 2.65787957
44.637875 2.48354087
44.736631 2.29132898
44.835387 2.13410869
44.934144 2.06964134
45.032900 2.10222566
45.131656 2.16600649
45.230413 2.17597011
45.329169 2.07460577
45.427926 1.84775320
45.526682 1.55007520
45.625438 1.32116310
45.724195 1.31060608
45.822951 1.54367861
45.921707 1.90038731
46.020464 2.23664737
46.119220 2.47826821
46.217976 2.61475676
46.316733 2.65891405
46.415489 2.62279187
46.514246 2.51214140
46.613002 2.32687929
46.711758 2.06453210
46.810515 1.73294014
46.909271 1.37877979
47.008027 1.10686494
47.106784 1.02392278
47.205540 1.13728675
47.304296 1.36791580
47.403053 1.64246398
47.501809 1.89754207
47.600565 2.09886435
47.699322 2.28245552
47.798078 2.48235111
47.896835 2.67274906
47.995591 2.82551595
48.094347 2.93974667
48.193104 3.02416559
48.291860 3.08678363
48.390616 3.13346690
48.489373 3.16820844
48.588129 3.19370750
48.686885 3.21168624
48.785642 3.22328821
48.884398 3.22903159
48.983155 3.23068314
49.081911 3.23129580
49.180667 3.23170531
49.279424 3.23205271
49.378180 3.23237342
49.476936 3.23268052
49.575693 3.23298003
49.674449 3.23327507
49.773205 3.23356737
49.871962 3.23385793
49.970718 3.23414739
50.069474 3.23443611
50.168231 3.23472434
50.266987 3.23501224
50.365744 3.23529992
50.464500 3.23558744
50.563256 3.23587486
50.662013 3.23616220
50.760769 3.23644948
50.859525 3.23673673
50.958282 3.23702395
51.057038 3.23731115
51.155794 3.23759834
51.254551 3.23788551
51.353307 3.23817268
51.452064 3.23845984
51.550820 3.23874699
51.649576 3.23903414
51.748333 3.23932129
51.847089 3.23960843
51.945845 3.23989557
52.044602 3.24018271
52.143358 3.24046985
52.242114 3.24075698
52.340871 3.24104411
52.439627 3.24133124
52.538383 3.24161837
52.637140 3.24190550
52.735896 3.24219263
52.834653 3.24247975
52.933409 3.24276688
53.032165 3.24305400
53.130922 3.24334112
53.229678 3.24362824
53.328434 3.24391536
53.427191 3.24420248
53.525947 3.24448959
53.624703 3.24477671
53.723460 3.24506382
53.822216 3.24535093
53.920973 3.24563805
54.019729 3.24592516
54.118485 3.24621227
54.217242 3.24649938
54.315998 3.24678648
54.414754 3.24707359
54.513511 3.24736070
54.612267 3.24764780
54.711023 3.24793491
54.809780 3.24822201
54.908536 3.24850911
55.007292 3.24879621
55.106049 3.24908331
55.204805 3.24937041
55.303562 3.24965751
55.402318 3.24994461
55.501074 3.25023171
55.599831 3.25051881
55.698587 3.25080590
55.797343 3.25109300
55.896100 3.25138009
55.994856 3.25166719
56.093612 3.25195428
56.192369 3.25224137
56.291125 3.25252847
56.389882 3.25281556
56.488638 3.25310265
56.587394 3.25338974
56.686151 3.25367683
56.784907 3.25396392
56.883663 3.25425101
56.982420 3.25453810
57.081176 3.25482519
57.179932 3.25511227
57.278689 3.25539936
57.377445 3.25568645
57.476201 3.25597354
57.574958 3.25626062
57.673714 3.25654771
57.772471 3.25683479
57.871227 3.25712188
57.969983 3.25740896
58.068740 3.25769605
58.167496 3.25798313
58.266252 3.25827022
58.365009 3.25855730
58.463765 3.25884438
58.562521 3.25913147
58.661278 3.25941855
58.760034 3.25970563
58.858791 3.25999271
58.957547 3.26027980
59.056303 3.26056688
59.155060 3.26085396
59.253816 3.26114104
59.352572 3.26142812
59.451329 3.26171520
59.550085 3.26200229
59.648841 3.26228937
59.747598 3.26257645
59.846354 3.26286353
59.945110 3.26315061
60.043867 3.26343769
60.142623 3.26372477
60.241380 3.26401185
60.340136 3.26429893
60.438892 3.26458601
60.537649 3.26487309
60.636405 3.26516017
60.735161 3.26544725
60.833918 3.26573433
60.932674 3.26602141
61.031430 3.26630849
61.130187 3.26659557
61.228943 3.26688265
61.327700 3.26716973
61.426456 3.26745681
61.525212 3.26774389
61.623969 3.26803097
61.722725 3.26831805
61.821481 3.26860513
61.920238 3.26889221
62.018994 3.26917929
62.117750 3.26946637
62.216507 3.26975345
62.315263 3.27004053
62.414019 3.27032761
62.512776 3.27061469
62.611532 3.27090177
62.710289 3.27118885
62.809045 3.27147593
62.907801 3.27176301
63.006558 3.27205009
63.105314 3.27233717
63.204070 3.27262425
63.302827 3.27291133
63.401583 3.27319841
63.500339 3.27348549
63.599096 3.27377257
63.697852 3.27405965
63.796609 3.27434673
63.895365 3.27463381
63.994121 3.27492089
64.092878 3.27520797
64.191634 3.27549505
64.290390 3.27578213
64.389147 3.27606921
64.487903 3.27635630
64.586659 3.27664338
64.685416 3.27693046
64.784172 3.27721754
64.882928 3.27750462
64.981685 3.27779170
65.080441 3.27807878
65.179198 3.27836587
65.277954 3.27865295
65.376710 3.27894003
65.475467 3.27922711
65.574223 3.27951419
65.672979 3.27980128
65.771736 3.28008836
65.870492 3.28037544
65.969248 3.28066252
66.068005 3.28094960
66.166761 3.28123669
66.265518 3.28152377
66.364274 3.28181085
66.463030 3.28209794
66.561787 3.28238502
66.660543 3.28267210
66.759299 3.28295918
66.858056 3.28324627
66.956812 3.28353335
67.055568 3.28382043
67.154325 3.28410752
67.253081 3.28439460
67.351837 3.28468168
67.450594 3.28496877
67.549350 3.28525585
67.648107 3.28554293
67.746863 3.28583002
67.845619 3.28611710
67.944376 3.28640419
68.043132 3.28669127
68.141888 3.28697835
68.240645 3.28726544
68.339401 3.28755252
68.438157 3.28783961
68.536914 3.28812669
68.635670 3.28841378
68.734427 3.28870086
68.833183 3.28898794
68.931939 3.28927503
69.030696 3.28956211
69.129452 3.28984920
69.228208 3.29013628
69.326965 3.29042337
69.425721 3.29071045
69.524477 3.29099754
69.623234 3.29128462
69.721990 3.29157171
69.820746 3.29185879
69.919503 3.29214588
70.018259 3.29243296
70.117016 3.29272005
70.215772 3.29300713
70.314528 3.29329422
70.413285 3.29358130
70.512041 3.29386839
70.610797 3.29415547
70.709554 3.29444256
70.808310 3.29472965
70.907066 3.29501673
71.005823 3.29530382
71.104579 3.29559090
71.203336 3.29587799
71.302092 3.29616507
71.400848 3.29645216
71.499605 3.29673924
71.598361 3.29702633
71.697117 3.29731342
71.795874 3.29760050
71.894630 3.29788759
71.993386 3.29817467
72.092143 3.29846176
72.190899 3.29874884
72.289655 3.29903593
72.388412 3.29932304
72.487168 3.29961030
72.585925 3.29989722
