0.098756 1.65048846
0.197513 1.65049439
0.296269 1.65048806
0.395025 1.65048743
0.493782 1.65048750
0.592538 1.65048759
0.691295 1.65048768
0.790051 1.65048778
0.888807 1.65048787
0.987564 1.65048796
1.086320 1.65048806
1.185076 1.65048816
1.283833 1.65048826
1.382589 1.65048836
1.481345 1.65048847
1.580102 1.65048858
1.678858 1.65048870
1.777614 1.65048882
1.876371 1.65048894
1.975127 1.65048907
2.073884 1.65048920
2.172640 1.65048933
2.271396 1.65048947
2.370153 1.65048962
2.468909 1.65048977
2.567665 1.65048993
2.666422 1.65049009
2.765178 1.65049026
2.863934 1.65049043
2.962691 1.65049061
3.061447 1.65049080
3.160204 1.65049100
3.258960 1.65049120
3.357716 1.65049141
3.456473 1.65049163
3.555229 1.65049185
3.653985 1.65049209
3.752742 1.65049233
3.851498 1.65049258
3.950254 1.65049284
4.049011 1.65049311
4.147767 1.65049339
4.246523 1.65049368
4.345280 1.65049397
4.444036 1.65049428
4.542793 1.65049460
4.641549 1.65049493
4.740305 1.65049527
4.839062 1.65049562
4.937818 1.65049598
5.036574 1.65049636
5.135331 1.65049674
5.234087 1.65049714
5.332843 1.65049756
5.431600 1.65049798
5.530356 1.65049842
5.629113 1.65049887
5.727869 1.65049933
5.826625 1.65049981
5.925382 1.65050030
6.024138 1.65050081
6.122894 1.65050133
6.221651 1.65050187
6.320407 1.65050242
6.419163 1.65050299
6.517920 1.65050357
6.616676 1.65050417
6.715432 1.65050479
6.814189 1.65050542
6.912945 1.65050607
7.011702 1.65050674
7.110458 1.65050742
7.209214 1.65050813
7.307971 1.65050885
7.406727 1.65050959
7.505483 1.65051035
7.604240 1.65051113
7.702996 1.65051192
7.801752 1.65051274
7.900509 1.65051357
7.999265 1.65051443
8.098022 1.65051531
8.196778 1.65051621
8.295534 1.65051713
8.394291 1.65051807
8.493047 1.65051904
8.591803 1.65052002
8.690560 1.65052103
8.789316 1.65052206
8.888072 1.65052312
8.986829 1.65052420
9.085585 1.65052530
9.184341 1.65052643
9.283098 1.65052758
9.381854 1.65052875
9.480611 1.65052995
9.579367 1.65053118
9.678123 1.65053243
9.776880 1.65053371
9.875636 1.65053502
9.974392 1.65053635
10.073149 1.65053771
10.171905 1.65053909
10.270661 1.65054050
10.369418 1.65054195
10.468174 1.65054341
10.566931 1.65054491
10.665687 1.65054644
10.764443 1.65054799
10.863200 1.65054958
10.961956 1.65055119
11.060712 1.65055283
11.159469 1.65055450
11.258225 1.65055620
11.356981 1.65055794
11.455738 1.65055970
11.554494 1.65056149
11.653250 1.65056331
11.752007 1.65056516
11.850763 1.65056704
11.949520 1.65056895
12.048276 1.65057089
12.147032 1.65057286
12.245789 1.65057486
12.344545 1.65057688
12.443301 1.65057894
12.542058 1.65058102
12.640814 1.65058312
12.739570 1.65058525
12.838327 1.65058741
12.937083 1.65058958
13.035840 1.65059178
13.134596 1.65059400
13.233352 1.65059622
13.332109 1.65059847
13.430865 1.65060072
13.529621 1.65060298
13.628378 1.65060524
13.727134 1.65060750
13.825890 1.65060975
13.924647 1.65061199
14.023403 1.65061420
14.122159 1.65061638
14.220916 1.65061852
14.319672 1.65062062
14.418429 1.65062265
14.517185 1.65062460
14.615941 1.65062646
14.714698 1.65062822
14.813454 1.65062984
14.912210 1.65063130
15.010967 1.65063259
15.109723 1.65063366
15.208479 1.65063449
15.307236 1.65063503
15.405992 1.65063525
15.504749 1.65063508
15.603505 1.65063449
15.702261 1.65063339
15.801018 1.65063172
15.899774 1.65062940
15.998530 1.65062632
16.097287 1.65062240
16.196043 1.65061750
16.294799 1.65061149
16.393556 1.65060423
16.492312 1.65059552
16.591068 1.65058519
16.689825 1.65057301
16.788581 1.65055873
16.887338 1.65054207
16.986094 1.65052271
17.084850 1.65050029
17.183607 1.65047442
17.282363 1.65044463
17.381119 1.65041042
17.479876 1.65037121
17.578632 1.65032635
17.677388 1.65027511
17.776145 1.65021668
17.874901 1.65015013
17.973658 1.65007444
18.072414 1.64998844
18.171170 1.64989084
18.269927 1.64978017
18.368683 1.64965482
18.467439 1.64951294
18.566196 1.64935251
18.664952 1.64917122
18.763708 1.64896654
18.862465 1.64873560
18.961221 1.64847524
19.059977 1.64818190
19.158734 1.64785163
19.257490 1.64748000
19.356247 1.64706215
19.455003 1.64659258
19.553759 1.64606526
19.652516 1.64547341
19.751272 1.64480959
19.850028 1.64406544
19.948785 1.64323179
20.047541 1.64229838
20.146297 1.64125394
20.245054 1.64008589
20.343810 1.63878040
20.442567 1.63732208
20.541323 1.63569403
20.640079 1.63387744
20.738836 1.63185170
20.837592 1.62959389
20.936348 1.62707888
21.035105 1.62427884
21.133861 1.62116323
21.232617 1.61769825
21.331374 1.61384685
21.430130 1.60956810
21.528886 1.60481710
21.627643 1.59954427
21.726399 1.59369524
21.825156 1.58720991
21.923912 1.58002225
22.022668 1.57205917
22.121425 1.56324000
22.220181 1.55347507
22.318937 1.54266470
22.417694 1.53069715
22.516450 1.51744675
22.615206 1.50277080
22.713963 1.48650598
22.812719 1.46846329
22.911476 1.44842144
23.010232 1.42611794
23.108988 1.40123676
23.207745 1.37339225
23.306501 1.34210585
23.405257 1.30677604
23.504014 1.26663418
23.602770 1.22068730
23.701526 1.16763356
23.800283 1.10575210
23.899039 1.03274033
23.997795 0.94550067
24.096552 0.83982927
24.195308 0.71000266
24.294065 0.54820502
24.392821 0.34370857
24.491577 0.08193211
24.590334 -0.25707611
24.689090 -0.69857864
24.787846 -1.26057029
24.886603 -1.88484963
24.985359 -2.32999532
25.084115 -2.37395130
25.182872 -2.17183910
25.281628 -2.03988779
25.380385 -2.12912204
25.479141 -2.49238055
25.577897 -3.18339774
25.676654 -4.27418252
25.775410 -5.81672810
25.874166 -7.72914074
25.972923 -9.61154805
26.071679 -10.76088431
26.170435 -10.71936804
26.269192 -9.82929825
26.367948 -8.93888568
26.466704 -8.70406217
26.565461 -9.29401780
26.664217 -10.37039710
26.762974 -11.14983532
26.861730 -10.85877141
26.960486 -9.42075971
27.059243 -7.46206720
27.157999 -5.63878097
27.256755 -4.24872106
27.355512 -3.33078537
27.454268 -2.84000145
27.553024 -2.73364998
27.651781 -3.00149921
27.750537 -3.67021758
27.849294 -4.79105844
27.948050 -6.39152313
28.046806 -8.34855573
28.145563 -10.20667083
28.244319 -11.24384246
28.343075 -11.06832159
28.441832 -10.10967812
28.540588 -9.23000223
28.639344 -9.04103500
28.738101 -9.66050735
28.836857 -10.69810327
28.935613 -11.34254420
29.034370 -10.87166067
29.133126 -9.30681070
29.231883 -7.31266828
29.330639 -5.51244863
29.429395 -4.16422025
29.528152 -3.28907687
29.626908 -2.83871203
29.725664 -2.77231837
29.824421 -3.08309885
29.923177 -3.80072340
30.021933 -4.97653987
30.120690 -6.62906525
30.219446 -8.60576450
30.318203 -10.40790899
30.416959 -11.31276242
30.515715 -11.00858364
30.614472 -10.00800832
30.713228 -9.17502188
30.811984 -9.07066234
30.910741 -9.75726861
31.009497 -10.78933487
31.108253 -11.33070437
31.207010 -10.71699517
31.305766 -9.06425987
31.404522 -7.06592594
31.503279 -5.30907793
31.602035 -4.01481565
31.700792 -3.18930839
31.799548 -2.78243439
31.898304 -2.75613541
31.997061 -3.10754566
32.095817 -3.86950158
32.194573 -5.09311607
32.293330 -6.78657176
32.392086 -8.76573580
32.490842 -10.49035246
32.589599 -11.24648585
32.688355 -10.80883371
32.787112 -9.76588972
32.885868 -8.97374505
32.984624 -8.93975176
33.083381 -9.66981269
33.182137 -10.66297566
33.280893 -11.06459652
33.379650 -10.27629728
33.478406 -8.50591262
33.577162 -6.46737124
33.675919 -4.71177779
33.774675 -3.43098041
33.873431 -2.62546943
33.972188 -2.25138512
34.070944 -2.27852852
34.169701 -2.70840058
34.268457 -3.57238804
34.367213 -4.91388847
34.465970 -6.72244595
34.564726 -8.77518028
34.663482 -10.48970564
34.762239 -11.16935229
34.860995 -10.68058798
34.959751 -9.68143954
35.058508 -9.01363984
35.157264 -9.13108571
35.256021 -9.98467172
35.354777 -11.02045813
35.453533 -11.37418755
35.552290 -10.52155611
35.651046 -8.75603442
35.749802 -6.79740411
35.848559 -5.14769467
35.947315 -3.95525120
36.046071 -3.19758058
36.144828 -2.82198033
36.243584 -2.79956345
36.342340 -3.14105014
36.441097 -3.89097975
36.539853 -5.10249633
36.638610 -6.76045017
36.737366 -8.61205079
36.836122 -10.04185334
36.934879 -10.38251442
37.033635 -9.59528468
37.132391 -8.39648211
37.231148 -7.60199209
37.329904 -7.60618304
37.428660 -8.29899132
37.527417 -9.06947024
37.626173 -9.04707432
37.724929 -7.78493821
37.823686 -5.65769509
37.922442 -3.39212299
38.021199 -1.46145807
38.119955 -0.00404096
38.218711 0.99258157
38.317468 1.57311602
38.416224 1.78176677
38.514980 1.67414213
38.613737 1.40380126
38.712493 1.30483003
38.811249 1.61113199
38.910006 2.14802732
39.008762 2.66056028
39.107519 3.07017866
39.206275 3.38733962
39.305031 3.63239145
39.403788 3.82118328
39.502544 3.96571839
39.601300 4.07463679
39.700057 4.15391601
39.798813 4.20726821
39.897569 4.23704972
39.996326 4.24642190
40.095082 4.25005364
40.193838 4.25282144
40.292595 4.25534603
40.391351 4.25776423
40.490108 4.26012647
40.588864 4.26245665
40.687620 4.26476740
40.786377 4.26706593
40.885133 4.26935655
40.983889 4.27164194
41.082646 4.27392387
41.181402 4.27620352
41.280158 4.27848177
41.378915 4.28075933
41.477671 4.28303693
41.576428 4.28531547
41.675184 4.28759635
41.773940 4.28988210
41.872697 4.29217785
41.971453 4.29449643
42.070209 4.29688121
42.168966 4.29952315
42.267722 4.30315613
42.366478 4.30775323
42.465235 4.31286586
42.563991 4.31777502
42.662747 4.32139057
42.761504 4.32208441
42.860260 4.31743019
42.959017 4.30383443
43.057773 4.27606748
43.156529 4.22639472
43.255286 4.14420294
43.354042 4.01810565
43.452798 3.84463403
43.551555 3.64937542
43.650311 3.49967665
43.749067 3.46774857
43.847824 3.56317418
43.946580 3.72235315
44.045337 3.86923829
44.144093 3.96283168
44.242849 3.99449521
44.341606 3.96802020
44.440362 3.88799196
44.539118 3.75820484
44.637875 3.58632125
44.736631 3.39661065
44.835387 3.24191944
44.934144 3.17998645
45.032900 3.21508751
45.131656 3.28134820
45.230413 3.29374430
45.329169 3.19476597
45.427926 2.97026633
45.526682 2.67493039
45.625438 2.44837819
45.724195 2.44022095
45.822951 2.67572970
45.921707 3.03489089
46.020464 3.37360319
46.119220 3.61767223
46.217976 3.75661396
46.316733 3.80324263
46.415489 3.76961943
46.514246 3.66150086
46.613002 3.47880473
46.711758 3.21905277
46.810515 2.89007374
46.909271 2.53852566
47.008027 2.26919868
47.106784 2.18880157
47.205540 2.30466758
47.304296 2.53777135
47.403053 2.81479083
47.501809 3.07236241
47.600565 3.27622263
47.699322 3.46241316
47.798078 3.66497827
47.896835 3.85811466
47.995591 4.01367862
48.094347 4.13074867
48.193104 4.21802809
48.291860 4.28350401
48.390616 4.33301708
48.489373 4.37053210
48.588129 4.39871709
48.686885 4.41925917
48.785642 4.43327366
48.884398 4.44125094
48.983155 4.44499052
49.081911 4.44763850
49.180667 4.45006361
49.279424 4.45241556
49.378180 4.45473372
49.476936 4.45703354
49.575693 4.45932256
49.674449 4.46160491
49.773205 4.46388299
49.871962 4.46615827
49.970718 4.46843169
50.069474 4.47070384
50.168231 4.47297512
50.266987 4.47524579
50.365744 4.47751604
50.464500 4.47978599
50.563256 4.48205574
50.662013 4.48432532
50.760769 4.48659396
50.859525 4.48885376
50.958282 4.49110390
51.057038 4.49334441
51.155794 4.49557529
51.254551 4.49779656
51.353307 4.50000822
51.452064 4.50221027
51.550820 4.50440272
51.649576 4.50658557
51.748333 4.50875883
51.847089 4.51092249
51.945845 4.51307656
52.044602 4.51522103
52.143358 4.51735591
52.242114 4.51948120
52.340871 4.52159690
52.439627 4.52370301
52.538383 4.52579952
52.637140 4.52788644
52.735896 4.52996378
52.834653 4.53203152
52.933409 4.53408967
53.032165 4.53613823
53.130922 4.53817720
53.229678 4.54020658
53.328434 4.54222637
53.427191 4.54423657
53.525947 4.54623718
53.624703 4.54822820
53.723460 4.55020963
53.822216 4.55218146
53.920973 4.55414371
54.019729 4.55609637
54.118485 4.55803943
54.217242 4.55997291
54.315998 4.56189680
54.414754 4.56381109
54.513511 4.56571580
54.612267 4.56761091
54.711023 4.56949644
54.809780 4.57137237
54.908536 4.57323872
55.007292 4.57509547
55.106049 4.57694264
55.204805 4.57878021
55.303562 4.58060819
55.402318 4.58242658
55.501074 4.58423539
55.599831 4.58603460
55.698587 4.58782422
55.797343 4.58960425
55.896100 4.59137469
55.994856 4.59313554
56.093612 4.59488680
56.192369 4.59662847
56.291125 4.59836055
56.389882 4.60008304
56.488638 4.60179594
56.587394 4.60349925
56.686151 4.60519297
56.784907 4.60687710
56.883663 4.60855163
56.982420 4.61021658
57.081176 4.61187194
57.179932 4.61351770
57.278689 4.61515388
57.377445 4.61678047
57.476201 4.61839746
57.574958 4.62000487
57.673714 4.62160268
57.772471 4.62319090
57.871227 4.62476954
57.969983 4.62633858
58.068740 4.62789803
58.167496 4.62944790
58.266252 4.63098817
58.365009 4.63251885
58.463765 4.63403994
58.562521 4.63555144
58.661278 4.63705335
58.760034 4.63854567
58.858791 4.64002840
58.957547 4.64150154
59.056303 4.64296509
59.155060 4.64441905
59.253816 4.64586342
59.352572 4.64729820
59.451329 4.64872339
59.550085 4.65013898
59.648841 4.65154499
59.747598 4.65294141
59.846354 4.65432823
59.945110 4.65570547
60.043867 4.65707312
60.142623 4.65843117
60.241380 4.65977964
60.340136 4.66111851
60.438892 4.66244779
60.537649 4.66376749
60.636405 4.66507759
60.735161 4.66637811
60.833918 4.66766903
60.932674 4.66895036
61.031430 4.67022210
61.130187 4.67148426
61.228943 4.67273682
61.327700 4.67397979
61.426456 4.67521317
61.525212 4.67643696
61.623969 4.67765116
61.722725 4.67885577
61.821481 4.68005080
61.920238 4.68123623
62.018994 4.68241207
62.117750 4.68357832
62.216507 4.68473497
62.315263 4.68588204
62.414019 4.68701952
62.512776 4.68814741
62.611532 4.68926571
62.710289 4.69037442
62.809045 4.69147354
62.907801 4.69256307
63.006558 4.69364300
63.105314 4.69471335
63.204070 4.69577411
63.302827 4.69682528
63.401583 4.69786686
63.500339 4.69889884
63.599096 4.69992124
63.697852 4.70093405
63.796609 4.70193726
63.895365 4.70293089
63.994121 4.70391493
64.092878 4.70488938
64.191634 4.70585423
64.290390 4.70680950
64.389147 4.70775518
64.487903 4.70869126
64.586659 4.70961776
64.685416 4.71053467
64.784172 4.71144198
64.882928 4.71233971
64.981685 4.71322785
65.080441 4.71410640
65.179198 4.71497535
65.277954 4.71583472
65.376710 4.71668450
65.475467 4.71752469
65.574223 4.71835528
65.672979 4.71917629
65.771736 4.71998771
65.870492 4.72078954
65.969248 4.72158177
66.068005 4.72236442
66.166761 4.72313748
66.265518 4.72390095
66.364274 4.72465483
66.463030 4.72539912
66.561787 4.72613382
66.660543 4.72685893
66.759299 4.72757445
66.858056 4.72828038
66.956812 4.72897672
67.055568 4.72966347
67.154325 4.73034063
67.253081 4.73100820
67.351837 4.73166618
67.450594 4.73231457
67.549350 4.73295338
67.648107 4.73358259
67.746863 4.73420221
67.845619 4.73481225
67.944376 4.73541269
68.043132 4.73600354
68.141888 4.73658481
68.240645 4.73715648
68.339401 4.73771857
68.438157 4.73827107
68.536914 4.73881397
68.635670 4.73934729
68.734427 4.73987102
68.833183 4.74038516
68.931939 4.74088971
69.030696 4.74138467
69.129452 4.74187004
69.228208 4.74234582
69.326965 4.74281201
69.425721 4.74326861
69.524477 4.74371562
69.623234 4.74415305
69.721990 4.74458088
69.820746 4.74499912
69.919503 4.74540778
70.018259 4.74580685
70.117016 4.74619632
70.215772 4.74657621
70.314528 4.74694651
70.413285 4.74730722
70.512041 4.74765834
70.610797 4.74799987
70.709554 4.74833181
70.808310 4.74865416
70.907066 4.74896692
71.005823 4.74927010
71.104579 4.74956368
71.203336 4.74984768
71.302092 4.75012209
71.400848 4.75038690
71.499605 4.75064212
71.598361 4.75088776
71.697117 4.75112463
71.795874 4.75136068
71.894630 4.75159672
71.993386 4.75183277
72.092143 4.75206882
72.190899 4.75230487
72.289655 4.75254092
72.388412 4.75277699
72.487168 4.75301314
72.585925 4.75324909
