0.098756 1.67598757
0.197513 1.67598723
0.296269 1.67598764
0.395025 1.67598768
0.493782 1.67598767
0.592538 1.67598767
0.691295 1.67598767
0.790051 1.67598766
0.888807 1.67598766
0.987564 1.67598765
1.086320 1.67598764
1.185076 1.67598763
1.283833 1.67598762
1.382589 1.67598761
1.481345 1.67598760
1.580102 1.67598758
1.678858 1.67598757
1.777614 1.67598755
1.876371 1.67598753
1.975127 1.67598751
2.073884 1.67598748
2.172640 1.67598746
2.271396 1.67598743
2.370153 1.67598740
2.468909 1.67598737
2.567665 1.67598733
2.666422 1.67598729
2.765178 1.67598725
2.863934 1.67598721
2.962691 1.67598716
3.061447 1.67598711
3.160204 1.67598706
3.258960 1.67598701
3.357716 1.67598695
3.456473 1.67598689
3.555229 1.67598682
3.653985 1.67598676
3.752742 1.67598669
3.851498 1.67598662
3.950254 1.67598654
4.049011 1.67598646
4.147767 1.67598638
4.246523 1.67598630
4.345280 1.67598621
4.444036 1.67598612
4.542793 1.67598602
4.641549 1.67598593
4.740305 1.67598582
4.839062 1.67598573
4.937818 1.67598562
5.036574 1.67598551
5.135331 1.67598539
5.234087 1.67598528
5.332843 1.67598516
5.431600 1.67598505
5.530356 1.67598492
5.629113 1.67598480
5.727869 1.67598467
5.826625 1.67598454
5.925382 1.67598441
6.024138 1.67598428
6.122894 1.67598414
6.221651 1.67598400
6.320407 1.67598386
6.419163 1.67598372
6.517920 1.67598357
6.616676 1.67598344
6.715432 1.67598329
6.814189 1.67598315
6.912945 1.67598299
7.011702 1.67598285
7.110458 1.67598270
7.209214 1.67598256
7.307971 1.67598241
7.406727 1.67598227
7.505483 1.67598211
7.604240 1.67598197
7.702996 1.67598182
7.801752 1.67598169
7.900509 1.67598154
7.999265 1.67598141
8.098022 1.67598126
8.196778 1.67598114
8.295534 1.67598100
8.394291 1.67598088
8.493047 1.67598075
8.591803 1.67598063
8.690560 1.67598051
8.789316 1.67598040
8.888072 1.67598029
8.986829 1.67598019
9.085585 1.67598009
9.184341 1.67598000
9.283098 1.67597991
9.381854 1.67597984
9.480611 1.67597977
9.579367 1.67597971
9.678123 1.67597965
9.776880 1.67597961
9.875636 1.67597957
9.974392 1.67597955
10.073149 1.67597953
10.171905 1.67597953
10.270661 1.67597953
10.369418 1.67597955
10.468174 1.67597958
10.566931 1.67597962
10.665687 1.67597967
10.764443 1.67597975
10.863200 1.67597982
10.961956 1.67597992
11.060712 1.67598003
11.159469 1.67598016
11.258225 1.67598030
11.356981 1.67598046
11.455738 1.67598063
11.554494 1.67598083
11.653250 1.67598103
11.752007 1.67598126
11.850763 1.67598150
11.949520 1.67598177
12.048276 1.67598204
12.147032 1.67598235
12.245789 1.67598266
12.344545 1.67598300
12.443301 1.67598335
12.542058 1.67598373
12.640814 1.67598411
12.739570 1.67598452
12.838327 1.67598494
12.937083 1.67598538
13.035840 1.67598583
13.134596 1.67598630
13.233352 1.67598677
13.332109 1.67598726
13.430865 1.67598774
13.529621 1.67598824
13.628378 1.67598872
13.727134 1.67598922
13.825890 1.67598968
13.924647 1.67599015
14.023403 1.67599058
14.122159 1.67599100
14.220916 1.67599136
14.319672 1.67599169
14.418429 1.67599194
14.517185 1.67599214
14.615941 1.67599223
14.714698 1.67599223
14.813454 1.67599209
14.912210 1.67599182
15.010967 1.67599135
15.109723 1.67599070
15.208479 1.67598979
15.307236 1.67598862
15.405992 1.67598712
15.504749 1.67598526
15.603505 1.67598296
15.702261 1.67598019
15.801018 1.67597684
15.899774 1.67597285
15.998530 1.67596811
16.097287 1.67596254
16.196043 1.67595599
16.294799 1.67594834
16.393556 1.67593943
16.492312 1.67592909
16.591068 1.67591710
16.689825 1.67590327
16.788581 1.67588731
16.887338 1.67586896
16.986094 1.67584787
17.084850 1.67582371
17.183607 1.67579603
17.282363 1.67576440
17.381119 1.67572825
17.479876 1.67568702
17.578632 1.67564003
17.677388 1.67558654
17.776145 1.67552568
17.874901 1.67545653
17.973658 1.67537800
18.072414 1.67528890
18.171170 1.67518787
18.269927 1.67507342
18.368683 1.67494384
18.467439 1.67479724
18.566196 1.67463147
18.664952 1.67444419
18.763708 1.67423269
18.862465 1.67399404
18.961221 1.67372489
19.059977 1.67342154
19.158734 1.67307984
19.257490 1.67269519
19.356247 1.67226244
19.455003 1.67177587
19.553759 1.67122910
19.652516 1.67061506
19.751272 1.66992586
19.850028 1.66915277
19.948785 1.66828606
20.047541 1.66731499
20.146297 1.66622759
20.245054 1.66501065
20.343810 1.66364950
20.442567 1.66212793
20.541323 1.66042799
20.640079 1.65852986
20.738836 1.65641163
20.837592 1.65404912
20.936348 1.65141563
21.035105 1.64848173
21.133861 1.64521500
21.232617 1.64157971
21.331374 1.63753657
21.430130 1.63304232
21.528886 1.62804941
21.627643 1.62250556
21.726399 1.61635334
21.825156 1.60952954
21.923912 1.60196471
22.022668 1.59358229
22.121425 1.58429792
22.220181 1.57401817
22.318937 1.56263950
22.417694 1.55004627
22.516450 1.53610896
22.615206 1.52068094
22.713963 1.50359524
22.812719 1.48465914
22.911476 1.46364809
23.010232 1.44029630
23.108988 1.41428518
23.207745 1.38522651
23.306501 1.35264011
23.405257 1.31592297
23.504014 1.27430615
23.602770 1.22679658
23.701526 1.17209369
23.800283 1.10847802
23.899039 1.03364978
23.997795 0.94451399
24.096552 0.83687024
24.195308 0.70499740
24.294065 0.54108161
24.392821 0.33439444
24.491577 0.07035173
24.590334 -0.27100575
24.689090 -0.71495232
24.787846 -1.27949924
24.886603 -1.90646526
24.985359 -2.35444617
25.084115 -2.39512155
25.182872 -2.19000983
25.281628 -2.05540005
25.380385 -2.14241537
25.479141 -2.50393004
25.577897 -3.19361503
25.676654 -4.28334923
25.775410 -5.82498112
25.874166 -7.73650782
25.972923 -9.61803685
26.071679 -10.76655534
26.170435 -10.72433925
26.269192 -9.83369976
26.367948 -8.94282183
26.466704 -8.70759168
26.565461 -9.29714558
26.664217 -10.37307254
26.762974 -11.15195922
26.861730 -10.86021592
26.960486 -9.42139829
27.059243 -7.46179519
27.157999 -5.63749729
27.256755 -4.24631012
27.355512 -3.32714574
27.454268 -2.83510845
27.553024 -2.72760376
27.651781 -2.99452938
27.750537 -3.66263474
27.849294 -4.78317330
27.948050 -6.38357929
28.046806 -8.34071473
28.145563 -10.19904318
28.244319 -11.23652067
28.343075 -11.06137477
28.441832 -10.10312016
28.540588 -9.22377597
28.639344 -9.03501552
28.738101 -9.65451145
28.836857 -10.69190182
28.935613 -11.33588239
29.034370 -10.86428943
29.133126 -9.29852189
29.231883 -7.30330925
29.330639 -5.50190058
29.429395 -4.15238122
29.528152 -3.27589301
29.626908 -2.82423790
29.725664 -2.75675883
29.824421 -3.06680448
29.923177 -3.78413326
30.021933 -4.96009348
30.120690 -6.61312885
30.219446 -8.59060810
30.318203 -10.39372415
30.416959 -11.29967692
30.515715 -10.99664572
30.614472 -9.99715528
30.713228 -9.16507610
30.811984 -9.06135293
30.910741 -9.74825851
31.009497 -10.78024701
31.108253 -11.32115529
31.207010 -10.70664375
31.305766 -9.05285635
31.404522 -7.05332580
31.503279 -5.29521503
31.602035 -3.99968434
31.700792 -3.17299469
31.799548 -2.76516895
31.898304 -2.73832091
31.997061 -3.08973757
32.095817 -3.85234532
32.194573 -5.07725984
32.293330 -6.77258891
32.392086 -8.75408665
32.490842 -10.48137558
32.589599 -11.24037695
32.688355 -10.80555504
32.787112 -9.76504467
32.885868 -8.97456365
32.984624 -8.94117920
33.083381 -9.67060328
33.182137 -10.66176533
33.280893 -11.06000182
33.379650 -10.26709892
33.478406 -8.49125035
33.577162 -6.44681010
33.675919 -4.68525077
33.774675 -3.39872034
33.873431 -2.58796527
33.972188 -2.20929737
34.070944 -2.23251080
34.169701 -2.65894242
34.268457 -3.52006149
34.367213 -4.85914824
34.465970 -6.66523893
34.564726 -8.71471161
34.663482 -10.42431413
34.762239 -11.09645454
34.860995 -10.59672401
34.959751 -9.58242751
35.058508 -8.89487631
35.157264 -8.98792052
35.256021 -9.81269263
35.354777 -10.81581361
35.453533 -11.13398304
35.552290 -10.24424989
35.651046 -8.44217110
35.749802 -6.45117397
35.848559 -4.77908092
35.947315 -3.58116363
36.046071 -2.84033556
36.144828 -2.50535912
36.243584 -2.54425926
36.342340 -2.96157445
36.441097 -3.79502041
36.539853 -5.09212351
36.638610 -6.83371896
36.737366 -8.76407730
36.836122 -10.26547696
36.934879 -10.66906235
37.033635 -9.93606725
37.132391 -8.78458975
37.231148 -8.03381997
37.329904 -8.08275877
37.428660 -8.82682209
37.527417 -9.66117616
37.626173 -9.72071112
37.724929 -8.56005083
37.823686 -6.54968215
37.922442 -4.40865194
38.021199 -2.60267820
38.119955 -1.26552739
38.218711 -0.38256530
38.317468 0.09177966
38.416224 0.20058440
38.514980 -0.00254653
38.613737 -0.36616251
38.712493 -0.55840290
38.811249 -0.34700813
38.910006 0.09237520
39.008762 0.50482492
39.107519 0.81225852
39.206275 1.02638916
39.305031 1.16954363
39.403788 1.25906931
39.502544 1.30800940
39.601300 1.32669805
39.700057 1.32465258
39.798813 1.31144747
39.897569 1.29658516
39.996326 1.28852129
40.095082 1.29861620
40.193838 1.32878219
40.292595 1.37404020
40.391351 1.42745447
40.490108 1.48287843
40.588864 1.53622820
40.687620 1.58543403
40.786377 1.62978202
40.885133 1.66920684
40.983889 1.70386330
41.082646 1.73397349
41.181402 1.75973899
41.280158 1.78137220
41.378915 1.79907454
41.477671 1.81304940
41.576428 1.82350369
41.675184 1.83064855
41.773940 1.83472333
41.872697 1.83611071
41.971453 1.83575399
42.070209 1.83490596
42.168966 1.83421970
42.267722 1.83430160
42.366478 1.83516086
42.465235 1.83639163
42.563991 1.83728395
42.662747 1.83675170
42.761504 1.83317815
42.860260 1.82415688
42.959017 1.80612064
43.057773 1.77386935
43.156529 1.71969446
43.255286 1.63300123
43.354042 1.50240998
43.452798 1.32444732
43.551555 1.12469980
43.650311 0.97053293
43.749067 0.93418767
43.847824 1.02526462
43.946580 1.18015073
44.045337 1.32276801
44.144093 1.41208612
44.242849 1.43943393
44.341606 1.40856808
44.440362 1.32404424
44.539118 1.18963765
44.637875 1.01300461
44.736631 0.81842649
44.835387 0.65878074
44.934144 0.59185126
45.032900 0.62196405
45.131656 0.68328909
45.230413 0.69083020
45.329169 0.58708216
45.427926 0.35787550
45.526682 0.05785406
45.625438 -0.17341474
45.724195 -0.18635866
45.822951 0.04430032
45.921707 0.39858414
46.020464 0.73242179
46.119220 0.97162869
46.217976 1.10570646
46.316733 1.14744442
46.415489 1.10888186
46.514246 0.99575786
46.613002 0.80797920
46.711758 0.54306960
46.810515 0.20887723
46.909271 -0.14790081
47.008027 -0.42241646
47.106784 -0.50791160
47.205540 -0.39704608
47.304296 -0.16887724
47.403053 0.10321998
47.501809 0.35582422
47.600565 0.55462165
47.699322 0.73561501
47.798078 0.93282774
47.896835 1.12045759
47.995591 1.27038157
48.094347 1.38171225
48.193104 1.46319758
48.291860 1.52287532
48.390616 1.56664073
48.489373 1.59851947
48.588129 1.62124732
48.686885 1.63658872
48.785642 1.64572389
48.884398 1.64920654
48.983155 1.64876233
49.081911 1.64733718
49.180667 1.64572990
49.279424 1.64407203
49.378180 1.64239474
49.476936 1.64070867
49.575693 1.63901826
49.674449 1.63732559
49.773205 1.63563171
49.871962 1.63393716
49.970718 1.63224225
50.069474 1.63054712
50.168231 1.62885189
50.266987 1.62715659
50.365744 1.62546127
50.464500 1.62376593
50.563256 1.62207059
50.662013 1.62037525
50.760769 1.61868074
50.859525 1.61699500
50.958282 1.61531884
51.057038 1.61365229
51.155794 1.61199534
51.254551 1.61034797
51.353307 1.60871019
51.452064 1.60708201
51.550820 1.60546341
51.649576 1.60385441
51.748333 1.60225499
51.847089 1.60066516
51.945845 1.59908492
52.044602 1.59751427
52.143358 1.59595321
52.242114 1.59440173
52.340871 1.59285985
52.439627 1.59132755
52.538383 1.58980483
52.637140 1.58829171
52.735896 1.58678817
52.834653 1.58529422
52.933409 1.58380986
53.032165 1.58233509
53.130922 1.58086990
53.229678 1.57941430
53.328434 1.57796829
53.427191 1.57653187
53.525947 1.57510503
53.624703 1.57368778
53.723460 1.57228012
53.822216 1.57088205
53.920973 1.56949356
54.019729 1.56811467
54.118485 1.56674536
54.217242 1.56538564
54.315998 1.56403550
54.414754 1.56269496
54.513511 1.56136400
54.612267 1.56004263
54.711023 1.55873085
54.809780 1.55742866
54.908536 1.55613605
55.007292 1.55485303
55.106049 1.55357961
55.204805 1.55231577
55.303562 1.55106151
55.402318 1.54981685
55.501074 1.54858177
55.599831 1.54735629
55.698587 1.54614039
55.797343 1.54493408
55.896100 1.54373736
55.994856 1.54255022
56.093612 1.54137268
56.192369 1.54020472
56.291125 1.53904636
56.389882 1.53789758
56.488638 1.53675839
56.587394 1.53562878
56.686151 1.53450877
56.784907 1.53339835
56.883663 1.53229751
56.982420 1.53120626
57.081176 1.53012461
57.179932 1.52905254
57.278689 1.52799006
57.377445 1.52693717
57.476201 1.52589386
57.574958 1.52486015
57.673714 1.52383602
57.772471 1.52282149
57.871227 1.52181654
57.969983 1.52082118
58.068740 1.51983541
58.167496 1.51885923
58.266252 1.51789264
58.365009 1.51693564
58.463765 1.51598823
58.562521 1.51505040
58.661278 1.51412217
58.760034 1.51320352
58.858791 1.51229447
58.957547 1.51139500
59.056303 1.51050512
59.155060 1.50962483
59.253816 1.50875413
59.352572 1.50789302
59.451329 1.50704150
59.550085 1.50619957
59.648841 1.50536723
59.747598 1.50454447
59.846354 1.50373131
59.945110 1.50292773
60.043867 1.50213375
60.142623 1.50134935
60.241380 1.50057454
60.340136 1.49980933
60.438892 1.49905370
60.537649 1.49830766
60.636405 1.49757121
60.735161 1.49684435
60.833918 1.49612708
60.932674 1.49541940
61.031430 1.49472130
61.130187 1.49403280
61.228943 1.49335389
61.327700 1.49268456
61.426456 1.49202483
61.525212 1.49137468
61.623969 1.49073413
61.722725 1.49010316
61.821481 1.48948179
61.920238 1.48887000
62.018994 1.48826780
62.117750 1.48767519
62.216507 1.48709217
62.315263 1.48651874
62.414019 1.48595490
62.512776 1.48540065
62.611532 1.48485599
62.710289 1.48432092
62.809045 1.48379544
62.907801 1.48327955
63.006558 1.48277324
63.105314 1.48227653
63.204070 1.48178941
63.302827 1.48131187
63.401583 1.48084393
63.500339 1.48038557
63.599096 1.47993681
63.697852 1.47949763
63.796609 1.47906804
63.895365 1.47864805
63.994121 1.47823764
64.092878 1.47783682
64.191634 1.47744559
64.290390 1.47706395
64.389147 1.47669190
64.487903 1.47632944
64.586659 1.47597657
64.685416 1.47563329
64.784172 1.47529960
64.882928 1.47497549
64.981685 1.47466098
65.080441 1.47435606
65.179198 1.47406072
65.277954 1.47377498
65.376710 1.47349882
65.475467 1.47323226
65.574223 1.47297528
65.672979 1.47272790
65.771736 1.47249010
65.870492 1.47226189
65.969248 1.47204327
66.068005 1.47183424
66.166761 1.47163480
66.265518 1.47144495
66.364274 1.47126469
66.463030 1.47109402
66.561787 1.47093294
66.660543 1.47078145
66.759299 1.47063955
66.858056 1.47050723
66.956812 1.47038451
67.055568 1.47027137
67.154325 1.47016783
67.253081 1.47007387
67.351837 1.46998951
67.450594 1.46991473
67.549350 1.46984954
67.648107 1.46979394
67.746863 1.46974793
67.845619 1.46971151
67.944376 1.46968468
68.043132 1.46966744
68.141888 1.46965979
68.240645 1.46966173
68.339401 1.46967325
68.438157 1.46969437
68.536914 1.46972507
68.635670 1.46976537
68.734427 1.46981525
68.833183 1.46987473
68.931939 1.46994379
69.030696 1.47002244
69.129452 1.47011068
69.228208 1.47020851
69.326965 1.47031593
69.425721 1.47043294
69.524477 1.47055953
69.623234 1.47069572
69.721990 1.47084150
69.820746 1.47099686
69.919503 1.47116182
70.018259 1.47133636
70.117016 1.47152049
70.215772 1.47171421
70.314528 1.47191752
70.413285 1.47213042
70.512041 1.47235291
70.610797 1.47258499
70.709554 1.47282666
70.808310 1.47307791
70.907066 1.47333876
71.005823 1.47360919
71.104579 1.47388921
71.203336 1.47417883
71.302092 1.47447803
71.400848 1.47478682
71.499605 1.47510520
71.598361 1.47543317
71.697117 1.47576991
71.795874 1.47610747
71.894630 1.47644504
71.993386 1.47678259
72.092143 1.47712015
72.190899 1.47745771
72.289655 1.47779527
72.388412 1.47813285
72.487168 1.47847068
72.585925 1.47880799
