0.098756 1.51662703
0.197513 1.51662992
0.296269 1.51662684
0.395025 1.51662654
0.493782 1.51662657
0.592538 1.51662662
0.691295 1.51662666
0.790051 1.51662671
0.888807 1.51662675
0.987564 1.51662680
1.086320 1.51662684
1.185076 1.51662689
1.283833 1.51662694
1.382589 1.51662699
1.481345 1.51662704
1.580102 1.51662709
1.678858 1.51662714
1.777614 1.51662719
1.876371 1.51662725
1.975127 1.51662730
2.073884 1.51662736
2.172640 1.51662742
2.271396 1.51662748
2.370153 1.51662754
2.468909 1.51662760
2.567665 1.51662767
2.666422 1.51662773
2.765178 1.51662780
2.863934 1.51662787
2.962691 1.51662794
3.061447 1.51662802
3.160204 1.51662809
3.258960 1.51662817
3.357716 1.51662825
3.456473 1.51662834
3.555229 1.51662842
3.653985 1.51662851
3.752742 1.51662860
3.851498 1.51662869
3.950254 1.51662879
4.049011 1.51662889
4.147767 1.51662899
4.246523 1.51662909
4.345280 1.51662920
4.444036 1.51662931
4.542793 1.51662942
4.641549 1.51662954
4.740305 1.51662966
4.839062 1.51662978
4.937818 1.51662990
5.036574 1.51663003
5.135331 1.51663017
5.234087 1.51663030
5.332843 1.51663044
5.431600 1.51663058
5.530356 1.51663073
5.629113 1.51663088
5.727869 1.51663104
5.826625 1.51663119
5.925382 1.51663136
6.024138 1.51663152
6.122894 1.51663169
6.221651 1.51663187
6.320407 1.51663204
6.419163 1.51663223
6.517920 1.51663241
6.616676 1.51663261
6.715432 1.51663280
6.814189 1.51663300
6.912945 1.51663321
7.011702 1.51663342
7.110458 1.51663363
7.209214 1.51663385
7.307971 1.51663407
7.406727 1.51663430
7.505483 1.51663453
7.604240 1.51663477
7.702996 1.51663501
7.801752 1.51663526
7.900509 1.51663552
7.999265 1.51663577
8.098022 1.51663604
8.196778 1.51663631
8.295534 1.51663658
8.394291 1.51663686
8.493047 1.51663714
8.591803 1.51663743
8.690560 1.51663773
8.789316 1.51663803
8.888072 1.51663834
8.986829 1.51663865
9.085585 1.51663897
9.184341 1.51663929
9.283098 1.51663962
9.381854 1.51663995
9.480611 1.51664029
9.579367 1.51664064
9.678123 1.51664099
9.776880 1.51664135
9.875636 1.51664171
9.974392 1.51664208
10.073149 1.51664246
10.171905 1.51664284
10.270661 1.51664323
10.369418 1.51664362
10.468174 1.51664402
10.566931 1.51664443
10.665687 1.51664484
10.764443 1.51664526
10.863200 1.51664568
10.961956 1.51664611
11.060712 1.51664655
11.159469 1.51664699
11.258225 1.51664744
11.356981 1.51664790
11.455738 1.51664836
11.554494 1.51664883
11.653250 1.51664930
11.752007 1.51664978
11.850763 1.51665027
11.949520 1.51665076
12.048276 1.51665126
12.147032 1.51665176
12.245789 1.51665227
12.344545 1.51665279
12.443301 1.51665331
12.542058 1.51665384
12.640814 1.51665438
12.739570 1.51665492
12.838327 1.51665547
12.937083 1.51665602
13.035840 1.51665658
13.134596 1.51665715
13.233352 1.51665772
13.332109 1.51665830
13.430865 1.51665888
13.529621 1.51665947
13.628378 1.51666007
13.727134 1.51666067
13.825890 1.51666128
13.924647 1.51666189
14.023403 1.51666251
14.122159 1.51666313
14.220916 1.51666376
14.319672 1.51666440
14.418429 1.51666504
14.517185 1.51666569
14.615941 1.51666634
14.714698 1.51666699
14.813454 1.51666766
14.912210 1.51666832
15.010967 1.51666900
15.109723 1.51666967
15.208479 1.51667036
15.307236 1.51667104
15.405992 1.51667173
15.504749 1.51667243
15.603505 1.51667313
15.702261 1.51667383
15.801018 1.51667454
15.899774 1.51667525
15.998530 1.51667597
16.097287 1.51667668
16.196043 1.51667741
16.294799 1.51667813
16.393556 1.51667885
16.492312 1.51667958
16.591068 1.51668031
16.689825 1.51668104
16.788581 1.51668177
16.887338 1.51668250
16.986094 1.51668323
17.084850 1.51668395
17.183607 1.51668467
17.282363 1.51668539
17.381119 1.51668610
17.479876 1.51668680
17.578632 1.51668749
17.677388 1.51668816
17.776145 1.51668882
17.874901 1.51668946
17.973658 1.51669008
18.072414 1.51669066
18.171170 1.51669120
18.269927 1.51669170
18.368683 1.51669215
18.467439 1.51669254
18.566196 1.51669285
18.664952 1.51669306
18.763708 1.51669318
18.862465 1.51669315
18.961221 1.51669298
19.059977 1.51669262
19.158734 1.51669204
19.257490 1.51669119
19.356247 1.51669004
19.455003 1.51668850
19.553759 1.51668652
19.652516 1.51668399
19.751272 1.51668082
19.850028 1.51667687
19.948785 1.51667201
20.047541 1.51666603
20.146297 1.51665872
20.245054 1.51664980
20.343810 1.51663897
20.442567 1.51662581
20.541323 1.51660987
20.640079 1.51659056
20.738836 1.51656718
20.837592 1.51653889
20.936348 1.51650464
21.035105 1.51646317
21.133861 1.51641293
21.232617 1.51635201
21.331374 1.51627807
21.430130 1.51618822
21.528886 1.51607889
21.627643 1.51594563
21.726399 1.51578292
21.825156 1.51558385
21.923912 1.51533977
22.022668 1.51503977
22.121425 1.51467006
22.220181 1.51421313
22.318937 1.51364667
22.417694 1.51294207
22.516450 1.51206250
22.615206 1.51096037
22.713963 1.50957377
22.812719 1.50782193
22.911476 1.50559879
23.010232 1.50276465
23.108988 1.49913423
23.207745 1.49446134
23.306501 1.48841644
23.405257 1.48055776
23.504014 1.47028891
23.602770 1.45680387
23.701526 1.43900589
23.800283 1.41540174
23.899039 1.38394584
23.997795 1.34183528
24.096552 1.28521282
24.195308 1.20877027
24.294065 1.10520375
24.392821 0.96445173
24.491577 0.77279936
24.590334 0.51141137
24.689090 0.15596513
24.787846 -0.31379627
24.886603 -0.85399511
24.985359 -1.24691836
25.084115 -1.26267586
25.182872 -1.04636305
25.281628 -0.94760518
25.380385 -1.15697992
25.479141 -1.73669850
25.577897 -2.71937887
25.676654 -4.13406520
25.775410 -5.98722062
25.874166 -8.18007528
25.972923 -10.34139352
26.071679 -11.78891705
26.170435 -12.00019904
26.269192 -11.22415864
26.367948 -10.30866080
26.466704 -9.98175246
26.565461 -10.45914279
26.664217 -11.39246330
26.762974 -11.97987895
26.861730 -11.48533573
26.960486 -9.90272149
27.059243 -7.87554253
27.157999 -6.01697127
27.256755 -4.57945306
27.355512 -3.58411980
27.454268 -2.99409396
27.553024 -2.79013520
27.651781 -2.98745631
27.750537 -3.62785768
27.849294 -4.76182016
27.948050 -6.39910988
28.046806 -8.37856422
28.145563 -10.19673558
28.244319 -11.12588234
28.343075 -10.84432916
28.441832 -9.85543993
28.540588 -9.02205536
28.639344 -8.91118531
28.738101 -9.59766326
28.836857 -10.65571700
28.935613 -11.25870729
29.034370 -10.71733942
29.133126 -9.10876495
29.231883 -7.11725731
29.330639 -5.34859356
29.429395 -4.04250797
29.528152 -3.21375990
29.626908 -2.81393032
29.725664 -2.80308183
29.824421 -3.17491678
29.923177 -3.95908516
30.021933 -5.20455123
30.120690 -6.91614937
30.219446 -8.90073951
30.318203 -10.60669947
30.416959 -11.32440676
30.515715 -10.85435480
30.614472 -9.80493115
30.713228 -9.02821114
30.811984 -9.01881843
30.910741 -9.77691666
31.009497 -10.80316502
31.108253 -11.24465284
31.207010 -10.49935918
31.305766 -8.77022216
31.404522 -6.77193658
31.503279 -5.06038054
31.602035 -3.83038926
31.700792 -3.08054868
31.799548 -2.75965317
31.898304 -2.82652061
31.997061 -3.27256832
32.095817 -4.12518246
32.194573 -5.43076607
32.293330 -7.18467560
32.392086 -9.16623585
32.490842 -10.79236249
32.589599 -11.37482684
32.688355 -10.79960482
32.787112 -9.73588304
32.885868 -9.01940365
32.984624 -9.09321581
33.083381 -9.90180687
33.182137 -10.88931321
33.280893 -11.19238039
33.379650 -10.28932618
33.478406 -8.47754641
33.577162 -6.48377592
33.675919 -4.82210699
33.774675 -3.65618635
33.873431 -2.97546484
33.972188 -2.72830272
34.070944 -2.87299723
34.169701 -3.39850748
34.268457 -4.32871480
34.367213 -5.70454114
34.465970 -7.50509815
34.564726 -9.47037076
34.663482 -10.97969254
34.762239 -11.38200538
34.860995 -10.67367691
34.959751 -9.58985242
35.058508 -8.93714681
35.157264 -9.09133242
35.256021 -9.92250361
35.354777 -10.80163961
35.453533 -10.86581429
35.552290 -9.71240413
35.651046 -7.75544468
35.749802 -5.72387717
35.848559 -4.07671977
35.947315 -2.94591148
36.046071 -2.31971227
36.144828 -2.15456070
36.243584 -2.40971520
36.342340 -3.06129700
36.441097 -4.11018552
36.539853 -5.57420808
36.638610 -7.41629171
36.737366 -9.36607243
36.836122 -10.80586892
36.934879 -11.12308230
37.033635 -10.37612260
37.132391 -9.33236765
37.231148 -8.77322464
37.329904 -8.98234790
37.428660 -9.65154142
37.527417 -9.98918307
37.626173 -9.25052552
37.724929 -7.41984819
37.823686 -5.13706446
37.922442 -3.02748826
38.021199 -1.36446838
38.119955 -0.18095364
38.218711 0.56370210
38.317468 0.91530711
38.416224 0.91897913
38.514980 0.66560107
38.613737 0.40749267
38.712493 0.48747248
38.811249 0.92070126
38.910006 1.43114719
39.008762 1.85667155
39.107519 2.18122147
39.206275 2.42603497
39.305031 2.61033343
39.403788 2.74862454
39.502544 2.85125281
39.601300 2.92559053
39.700057 2.97652883
39.798813 3.00717597
39.897569 3.01995028
39.996326 3.02158619
40.095082 3.02220607
40.193838 3.02257447
40.292595 3.02285313
40.391351 3.02309019
40.490108 3.02330457
40.588864 3.02350531
40.687620 3.02369728
40.786377 3.02388338
40.885133 3.02406545
40.983889 3.02424467
41.082646 3.02442186
41.181402 3.02459758
41.280158 3.02477226
41.378915 3.02494622
41.477671 3.02511981
41.576428 3.02529353
41.675184 3.02546827
41.773940 3.02564593
41.872697 3.02583105
41.971453 3.02603661
42.070209 3.02631164
42.168966 3.02689599
42.267722 3.02852410
42.366478 3.03111050
42.465235 3.03419053
42.563991 3.03702256
42.662747 3.03847573
42.761504 3.03685835
42.860260 3.02964846
42.959017 3.01309955
43.057773 2.98177673
43.156529 2.92765266
43.255286 2.83983071
43.354042 2.70716708
43.452798 2.52807472
43.551555 2.33220758
43.650311 2.19003269
43.749067 2.17025851
43.847824 2.27390016
43.946580 2.43297674
44.045337 2.57419136
44.144093 2.66096078
44.242849 2.68691715
44.341606 2.65634778
44.440362 2.57363501
44.539118 2.44198802
44.637875 2.26771784
44.736631 2.07233055
44.835387 1.90562401
44.934144 1.82588226
45.032900 1.84214642
45.131656 1.89132928
45.230413 1.88643156
45.329169 1.76933226
45.427926 1.53397306
45.526682 1.25080533
45.625438 1.06574282
45.724195 1.10789470
45.822951 1.37223401
45.921707 1.73090337
46.020464 2.05363394
46.119220 2.28024420
46.217976 2.40575828
46.316733 2.44357403
46.415489 2.40518360
46.514246 2.29579395
46.613002 2.11501303
46.711758 1.85995634
46.810515 1.53678303
46.909271 1.18768424
47.008027 0.91216326
47.106784 0.81748763
47.205540 0.91286928
47.304296 1.10320595
47.403053 1.31083918
47.501809 1.53073901
47.600565 1.76780739
47.699322 2.01009582
47.798078 2.24072410
47.896835 2.43785907
47.995591 2.59052447
48.094347 2.70394058
48.193104 2.78776886
48.291860 2.85003124
48.390616 2.89652160
48.489373 2.93118061
48.588129 2.95664638
48.686885 2.97444287
48.785642 2.98519639
48.884398 2.98971179
48.983155 2.99106844
49.081911 2.99153419
49.180667 2.99182046
49.279424 2.99204835
49.378180 2.99225045
49.476936 2.99243928
49.575693 2.99262069
49.674449 2.99279775
49.773205 2.99297214
49.871962 2.99314485
49.970718 2.99331649
50.069474 2.99348743
50.168231 2.99365791
50.266987 2.99382808
50.365744 2.99399804
50.464500 2.99416785
50.563256 2.99433757
50.662013 2.99450722
50.760769 2.99467682
50.859525 2.99484639
50.958282 2.99501594
51.057038 2.99518546
51.155794 2.99535498
51.254551 2.99552449
51.353307 2.99569399
51.452064 2.99586349
51.550820 2.99603299
51.649576 2.99620248
51.748333 2.99637197
51.847089 2.99654146
51.945845 2.99671095
52.044602 2.99688044
52.143358 2.99704992
52.242114 2.99721941
52.340871 2.99738890
52.439627 2.99755839
52.538383 2.99772787
52.637140 2.99789736
52.735896 2.99806685
52.834653 2.99823633
52.933409 2.99840582
53.032165 2.99857531
53.130922 2.99874479
53.229678 2.99891428
53.328434 2.99908377
53.427191 2.99925325
53.525947 2.99942274
53.624703 2.99959223
53.723460 2.99976171
53.822216 2.99993120
53.920973 3.00010069
54.019729 3.00027017
54.118485 3.00043966
54.217242 3.00060915
54.315998 3.00077863
54.414754 3.00094812
54.513511 3.00111761
54.612267 3.00128710
54.711023 3.00145658
54.809780 3.00162607
54.908536 3.00179556
55.007292 3.00196504
55.106049 3.00213453
55.204805 3.00230402
55.303562 3.00247351
55.402318 3.00264299
55.501074 3.00281248
55.599831 3.00298197
55.698587 3.00315145
55.797343 3.00332094
55.896100 3.00349043
55.994856 3.00365992
56.093612 3.00382940
56.192369 3.00399889
56.291125 3.00416838
56.389882 3.00433787
56.488638 3.00450736
56.587394 3.00467684
56.686151 3.00484633
56.784907 3.00501582
56.883663 3.00518531
56.982420 3.00535480
57.081176 3.00552428
57.179932 3.00569377
57.278689 3.00586326
57.377445 3.00603275
57.476201 3.00620224
57.574958 3.00637172
57.673714 3.00654121
57.772471 3.00671070
57.871227 3.00688019
57.969983 3.00704968
58.068740 3.00721917
58.167496 3.00738866
58.266252 3.00755814
58.365009 3.00772763
58.463765 3.00789712
58.562521 3.00806661
58.661278 3.00823610
58.760034 3.00840559
58.858791 3.00857508
58.957547 3.00874457
59.056303 3.00891406
59.155060 3.00908355
59.253816 3.00925304
59.352572 3.00942253
59.451329 3.00959202
59.550085 3.00976151
59.648841 3.00993100
59.747598 3.01010049
59.846354 3.01026998
59.945110 3.01043947
60.043867 3.01060896
60.142623 3.01077845
60.241380 3.01094794
60.340136 3.01111743
60.438892 3.01128692
60.537649 3.01145641
60.636405 3.01162590
60.735161 3.01179539
60.833918 3.01196488
60.932674 3.01213437
61.031430 3.01230387
61.130187 3.01247336
61.228943 3.01264285
61.327700 3.01281234
61.426456 3.01298183
61.525212 3.01315133
61.623969 3.01332082
61.722725 3.01349031
61.821481 3.01365980
61.920238 3.01382929
62.018994 3.01399879
62.117750 3.01416828
62.216507 3.01433777
62.315263 3.01450727
62.414019 3.01467676
62.512776 3.01484625
62.611532 3.01501575
62.710289 3.01518524
62.809045 3.01535473
62.907801 3.01552423
63.006558 3.01569372
63.105314 3.01586321
63.204070 3.01603271
63.302827 3.01620220
63.401583 3.01637170
63.500339 3.01654119
63.599096 3.01671069
63.697852 3.01688018
63.796609 3.01704968
63.895365 3.01721917
63.994121 3.01738867
64.092878 3.01755816
64.191634 3.01772766
64.290390 3.01789715
64.389147 3.01806665
64.487903 3.01823615
64.586659 3.01840564
64.685416 3.01857514
64.784172 3.01874463
64.882928 3.01891413
64.981685 3.01908363
65.080441 3.01925312
65.179198 3.01942262
65.277954 3.01959212
65.376710 3.01976161
65.475467 3.01993111
65.574223 3.02010061
65.672979 3.02027011
65.771736 3.02043960
65.870492 3.02060910
65.969248 3.02077860
66.068005 3.02094810
66.166761 3.02111760
66.265518 3.02128709
66.364274 3.02145659
66.463030 3.02162609
66.561787 3.02179559
66.660543 3.02196509
66.759299 3.02213459
66.858056 3.02230409
66.956812 3.02247359
67.055568 3.02264309
67.154325 3.02281259
67.253081 3.02298208
67.351837 3.02315158
67.450594 3.02332108
67.549350 3.02349058
67.648107 3.02366008
67.746863 3.02382958
67.845619 3.02399908
67.944376 3.02416858
68.043132 3.02433808
68.141888 3.02450759
68.240645 3.02467709
68.339401 3.02484659
68.438157 3.02501609
68.536914 3.02518559
68.635670 3.02535509
68.734427 3.02552459
68.833183 3.02569409
68.931939 3.02586359
69.030696 3.02603309
69.129452 3.02620260
69.228208 3.02637210
69.326965 3.02654160
69.425721 3.02671110
69.524477 3.02688060
69.623234 3.02705010
69.721990 3.02721961
69.820746 3.02738911
69.919503 3.02755861
70.018259 3.02772811
70.117016 3.02789761
70.215772 3.02806712
70.314528 3.02823662
70.413285 3.02840612
70.512041 3.02857562
70.610797 3.02874513
70.709554 3.02891463
70.808310 3.02908413
70.907066 3.02925363
71.005823 3.02942314
71.104579 3.02959264
71.203336 3.02976214
71.302092 3.02993164
71.400848 3.03010115
71.499605 3.03027065
71.598361 3.03044015
71.697117 3.03060966
71.795874 3.03077916
71.894630 3.03094866
71.993386 3.03111816
72.092143 3.03128767
72.190899 3.03145717
72.289655 3.03162667
72.388412 3.03179619
72.487168 3.03196578
72.585925 3.03213520
