0.100633 1.92265694
0.201265 1.92266057
0.301898 1.92265673
0.402530 1.92265635
0.503163 1.92265640
0.603796 1.92265646
0.704428 1.92265652
0.805061 1.92265658
0.905694 1.92265663
1.006326 1.92265668
1.106959 1.92265673
1.207591 1.92265677
1.308224 1.92265682
1.408857 1.92265686
1.509489 1.92265689
1.610122 1.92265692
1.710755 1.92265695
1.811387 1.92265698
1.912020 1.92265699
2.012652 1.92265701
2.113285 1.92265702
2.213918 1.92265702
2.314550 1.92265702
2.415183 1.92265701
2.515816 1.92265700
2.616448 1.92265698
2.717081 1.92265696
2.817713 1.92265692
2.918346 1.92265688
3.018979 1.92265684
3.119611 1.92265678
3.220244 1.92265672
3.320876 1.92265665
3.421509 1.92265657
3.522142 1.92265648
3.622774 1.92265639
3.723407 1.92265628
3.824040 1.92265617
3.924672 1.92265604
4.025305 1.92265591
4.125937 1.92265577
4.226570 1.92265561
4.327203 1.92265545
4.427835 1.92265528
4.528468 1.92265509
4.629101 1.92265489
4.729733 1.92265469
4.830366 1.92265447
4.930998 1.92265424
5.031631 1.92265399
5.132264 1.92265374
5.232896 1.92265347
5.333529 1.92265319
5.434162 1.92265289
5.534794 1.92265259
5.635427 1.92265227
5.736059 1.92265193
5.836692 1.92265158
5.937325 1.92265122
6.037957 1.92265085
6.138590 1.92265046
6.239222 1.92265005
6.339855 1.92264963
6.440488 1.92264919
6.541120 1.92264874
6.641753 1.92264827
6.742386 1.92264779
6.843018 1.92264729
6.943651 1.92264678
7.044283 1.92264624
7.144916 1.92264569
7.245549 1.92264513
7.346181 1.92264455
7.446814 1.92264395
7.547447 1.92264333
7.648079 1.92264269
7.748712 1.92264204
7.849344 1.92264137
7.949977 1.92264068
8.050610 1.92263997
8.151242 1.92263924
8.251875 1.92263849
8.352508 1.92263773
8.453140 1.92263694
8.553773 1.92263614
8.654405 1.92263532
8.755038 1.92263447
8.855671 1.92263361
8.956303 1.92263273
9.056936 1.92263182
9.157568 1.92263090
9.258201 1.92262995
9.358834 1.92262898
9.459466 1.92262799
9.560099 1.92262699
9.660732 1.92262595
9.761364 1.92262490
9.861997 1.92262383
9.962629 1.92262273
10.063262 1.92262161
10.163895 1.92262047
10.264527 1.92261931
10.365160 1.92261813
10.465793 1.92261692
10.566425 1.92261569
10.667058 1.92261443
10.767690 1.92261315
10.868323 1.92261185
10.968956 1.92261053
11.069588 1.92260918
11.170221 1.92260781
11.270853 1.92260641
11.371486 1.92260500
11.472119 1.92260355
11.572751 1.92260209
11.673384 1.92260059
11.774017 1.92259908
11.874649 1.92259754
11.975282 1.92259597
12.075914 1.92259438
12.176547 1.92259277
12.277180 1.92259113
12.377812 1.92258946
12.478445 1.92258777
12.579078 1.92258606
12.679710 1.92258431
12.780343 1.92258255
12.880975 1.92258075
12.981608 1.92257894
13.082241 1.92257709
13.182873 1.92257522
13.283506 1.92257333
13.384139 1.92257141
13.484771 1.92256946
13.585404 1.92256749
13.686036 1.92256549
13.786669 1.92256346
13.887302 1.92256141
13.987934 1.92255933
14.088567 1.92255722
14.189199 1.92255509
14.289832 1.92255293
14.390465 1.92255075
14.491097 1.92254854
14.591730 1.92254630
14.692363 1.92254403
14.792995 1.92254174
14.893628 1.92253942
14.994260 1.92253708
15.094893 1.92253470
15.195526 1.92253231
15.296158 1.92252988
15.396791 1.92252743
15.497424 1.92252494
15.598056 1.92252244
15.698689 1.92251990
15.799321 1.92251734
15.899954 1.92251474
16.000587 1.92251213
16.101219 1.92250948
16.201852 1.92250681
16.302485 1.92250410
16.403117 1.92250137
16.503750 1.92249861
16.604382 1.92249583
16.705015 1.92249301
16.805648 1.92249016
16.906280 1.92248728
17.006913 1.92248438
17.107545 1.92248143
17.208178 1.92247846
17.308811 1.92247546
17.409443 1.92247242
17.510076 1.92246934
17.610709 1.92246623
17.711341 1.92246307
17.811974 1.92245988
17.912606 1.92245663
18.013239 1.92245335
18.113872 1.92245000
18.214504 1.92244661
18.315137 1.92244314
18.415770 1.92243961
18.516402 1.92243600
18.617035 1.92243230
18.717667 1.92242850
18.818300 1.92242460
18.918933 1.92242055
19.019565 1.92241636
19.120198 1.92241199
19.220831 1.92240742
19.321463 1.92240261
19.422096 1.92239752
19.522728 1.92239210
19.623361 1.92238629
19.723994 1.92238002
19.824626 1.92237319
19.925259 1.92236571
20.025891 1.92235744
20.126524 1.92234822
20.227157 1.92233788
20.327789 1.92232617
20.428422 1.92231281
20.529055 1.92229747
20.629687 1.92227972
20.730320 1.92225903
20.830952 1.92223480
20.931585 1.92220621
21.032218 1.92217232
21.132850 1.92213191
21.233483 1.92208349
21.334116 1.92202519
21.434748 1.92195467
21.535381 1.92186897
21.636013 1.92176438
21.736646 1.92163613
21.837279 1.92147821
21.937911 1.92128285
22.038544 1.92104007
22.139177 1.92073692
22.239809 1.92035654
22.340442 1.91987685
22.441074 1.91926877
22.541707 1.91849374
22.642340 1.91750050
22.742972 1.91622026
22.843605 1.91456057
22.944237 1.91239610
23.044870 1.90955665
23.145503 1.90580918
23.246135 1.90083437
23.346768 1.89419105
23.447401 1.88526975
23.548033 1.87322194
23.648666 1.85686705
23.749298 1.83455082
23.849931 1.80395788
23.950564 1.76182916
24.051196 1.70358337
24.151829 1.62276593
24.252462 1.51029355
24.353094 1.35345526
24.453727 1.13440615
24.554359 0.82861716
24.654992 0.40320651
24.755625 -0.17225758
24.856257 -0.85164561
24.956890 -1.37777836
25.057523 -1.48456083
25.158155 -1.38303407
25.258788 -1.51073634
25.359420 -2.09969881
25.460053 -3.23737240
25.560686 -4.97629014
25.661318 -7.30060874
25.761951 -9.94930316
25.862583 -12.20259426
25.963216 -13.10668811
26.063849 -12.30765338
26.164481 -10.42483106
26.265114 -8.36432688
26.365747 -6.66345101
26.466379 -5.50954504
26.567012 -4.96650455
26.667644 -5.08275595
26.768277 -5.90358247
26.868910 -7.41396405
26.969542 -9.37791479
27.070175 -11.11915904
27.170808 -11.67062009
27.271440 -10.57820320
27.372073 -8.39639900
27.472705 -6.07670166
27.573338 -4.22447689
27.673971 -3.03762681
27.774603 -2.53867450
27.875236 -2.71894880
27.975869 -3.58247627
28.076501 -5.12816161
28.177134 -7.25982381
28.277766 -9.57087313
28.378399 -11.20049830
28.479032 -11.30256299
28.579664 -9.88861905
28.680297 -7.81731273
28.780929 -5.95358217
28.881562 -4.71203396
28.982195 -4.19279771
29.082827 -4.39795637
29.183460 -5.32022571
29.284093 -6.94344095
29.384725 -9.18490807
29.485358 -11.72189115
29.585990 -13.78104177
29.686623 -14.37445214
29.787256 -13.14636069
29.887888 -10.76438190
29.988521 -8.22679751
30.089154 -6.15128393
30.189786 -4.74579088
30.290419 -4.04664868
30.391051 -4.05669070
30.491684 -4.77983784
30.592317 -6.20415702
30.692949 -8.18667487
30.793582 -10.21846361
30.894215 -11.37309166
30.994847 -10.91381278
31.095480 -9.05594585
31.196112 -6.72600416
31.296745 -4.70553254
31.397378 -3.31790019
31.498010 -2.62854324
31.598643 -2.63714888
31.699275 -3.34306321
31.799908 -4.74665684
31.900541 -6.77222001
32.001173 -9.06580129
32.101806 -10.81979854
32.202439 -11.12955150
32.303071 -9.84877282
32.403704 -7.75976841
32.504336 -5.77315197
32.604969 -4.36338406
32.705602 -3.66021329
32.806234 -3.67439368
32.906867 -4.40189490
33.007500 -5.84422425
33.108132 -7.95804505
33.208765 -10.49731680
33.309397 -12.78218303
33.410030 -13.80543265
33.510663 -13.02048204
33.611295 -10.91602787
33.711928 -8.46943806
33.812560 -6.36326618
33.913193 -4.86498363
34.013826 -4.04171032
34.114458 -3.90887449
34.215091 -4.48005932
34.315724 -5.75426400
34.416356 -7.62898971
34.516989 -9.68688168
34.617621 -11.05948623
34.718254 -10.90455788
34.818887 -9.24394005
34.919519 -6.93897120
35.020152 -4.84942742
35.120785 -3.38550850
35.221417 -2.64647741
35.322050 -2.63659501
35.422682 -3.35419825
35.523315 -4.78567265
35.623948 -6.81517083
35.724580 -9.00813216
35.825213 -10.47721091
35.925846 -10.36434381
36.026478 -8.68122821
36.127111 -6.27980517
36.227743 -4.00449885
36.328376 -2.24197586
36.429009 -1.05976512
36.529641 -0.41946140
36.630274 -0.24853568
36.730906 -0.36181020
36.831539 -0.35077055
36.932172 0.09877358
37.032804 0.79739714
37.133437 1.44352344
37.234070 1.95042513
37.334702 2.33849140
37.435335 2.63808179
37.535967 2.86982860
37.636600 3.04586939
37.737233 3.17438460
37.837865 3.26274257
37.938498 3.31852834
38.039131 3.34689343
38.139763 3.35377506
38.240396 3.35679562
38.341028 3.35903304
38.441661 3.36102354
38.542294 3.36290277
38.642926 3.36472271
38.743559 3.36650833
38.844192 3.36827298
38.944824 3.37002433
39.045457 3.37176702
39.146089 3.37350398
39.246722 3.37523710
39.347355 3.37696769
39.447987 3.37869670
39.548620 3.38042492
39.649252 3.38215315
39.749885 3.38388239
39.850518 3.38561426
39.951150 3.38735170
40.051783 3.38910093
40.152416 3.39087804
40.253048 3.39273988
40.353681 3.39495338
40.454313 3.39844474
40.554946 3.40313374
40.655579 3.40844943
40.756211 3.41347326
40.856844 3.41679758
40.957477 3.41630546
41.058109 3.40882554
41.158742 3.38960699
41.259374 3.35173207
41.360007 3.28494323
41.460640 3.17546198
41.561272 3.01054657
41.661905 2.79332292
41.762538 2.57040541
41.863170 2.43405826
41.963803 2.45430276
42.064435 2.60599203
42.165068 2.79593921
42.265701 2.94614968
42.366333 3.02621148
42.466966 3.03468506
42.567598 2.97767409
42.668231 2.85989051
42.768864 2.68562554
42.869496 2.46790419
42.970129 2.24666168
43.070762 2.09379937
43.171394 2.06208927
43.272027 2.11867335
43.372659 2.16274580
43.473292 2.10000733
43.573925 1.88725424
43.674557 1.55855194
43.775190 1.25483441
43.875823 1.17166403
43.976455 1.39139609
44.077088 1.80044904
44.177720 2.21540491
44.278353 2.52748199
44.378986 2.71424913
44.479618 2.78887250
44.580251 2.76757522
44.680884 2.65904137
44.781516 2.46395007
44.882149 2.17839792
44.982781 1.80522223
45.083414 1.38532902
45.184047 1.03119841
45.284679 0.88277974
45.385312 0.98079049
45.485944 1.24534189
45.586577 1.57946395
45.687210 1.89294357
45.787842 2.13645189
45.888475 2.35361473
45.989108 2.59007057
46.089740 2.81602228
46.190373 2.99721798
46.291005 3.13266938
46.391638 3.23301921
46.492271 3.30790332
46.592903 3.36411694
46.693536 3.40636878
46.794169 3.43771786
46.894801 3.46013512
46.995434 3.47482473
47.096066 3.48232139
47.196699 3.48524666
47.297332 3.48732801
47.397964 3.48920500
47.498597 3.49101087
47.599230 3.49278360
47.699862 3.49453845
47.800495 3.49628288
47.901127 3.49802095
48.001760 3.49975500
48.102393 3.50148644
48.203025 3.50321617
48.303658 3.50494474
48.404290 3.50667253
48.504923 3.50839977
48.605556 3.51012665
48.706188 3.51185327
48.806821 3.51357970
48.907454 3.51530530
49.008086 3.51702341
49.108719 3.51873336
49.209351 3.52043516
49.309984 3.52212884
49.410617 3.52381440
49.511249 3.52549185
49.611882 3.52716119
49.712515 3.52882243
49.813147 3.53047557
49.913780 3.53212061
50.014412 3.53375756
50.115045 3.53538641
50.215678 3.53700717
50.316310 3.53861984
50.416943 3.54022441
50.517576 3.54182090
50.618208 3.54340929
50.718841 3.54498959
50.819473 3.54656180
50.920106 3.54812592
51.020739 3.54968194
51.121371 3.55122988
51.222004 3.55276973
51.322636 3.55430148
51.423269 3.55582515
51.523902 3.55734072
51.624534 3.55884820
51.725167 3.56034760
51.825800 3.56183890
51.926432 3.56332211
52.027065 3.56479723
52.127697 3.56626426
52.228330 3.56772320
52.328963 3.56917405
52.429595 3.57061681
52.530228 3.57205148
52.630861 3.57347806
52.731493 3.57489654
52.832126 3.57630694
52.932758 3.57770925
53.033391 3.57910346
53.134024 3.58048959
53.234656 3.58186762
53.335289 3.58323757
53.435921 3.58459942
53.536554 3.58595319
53.637187 3.58729886
53.737819 3.58863644
53.838452 3.58996593
53.939085 3.59128733
54.039717 3.59260064
54.140350 3.59390586
54.240982 3.59520299
54.341615 3.59649203
54.442248 3.59777298
54.542880 3.59904583
54.643513 3.60031060
54.744146 3.60156727
54.844778 3.60281586
54.945411 3.60405635
55.046043 3.60528876
55.146676 3.60651307
55.247309 3.60772929
55.347941 3.60893742
55.448574 3.61013746
55.549207 3.61132941
55.649839 3.61251327
55.750472 3.61368904
55.851104 3.61485672
55.951737 3.61601631
56.052370 3.61716780
56.153002 3.61831121
56.253635 3.61944652
56.354267 3.62057374
56.454900 3.62169288
56.555533 3.62280392
56.656165 3.62390687
56.756798 3.62500173
56.857431 3.62608850
56.958063 3.62716718
57.058696 3.62823776
57.159328 3.62930026
57.259961 3.63035467
57.360594 3.63140098
57.461226 3.63243921
57.561859 3.63346934
57.662492 3.63449138
57.763124 3.63550533
57.863757 3.63651119
57.964389 3.63750896
58.065022 3.63849864
58.165655 3.63948023
58.266287 3.64045373
58.366920 3.64141913
58.467553 3.64237645
58.568185 3.64332567
58.668818 3.64426680
58.769450 3.64519984
58.870083 3.64612479
58.970716 3.64704165
59.071348 3.64795042
59.171981 3.64885110
59.272613 3.64974369
59.373246 3.65062818
59.473879 3.65150459
59.574511 3.65237290
59.675144 3.65323312
59.775777 3.65408526
59.876409 3.65492930
59.977042 3.65576525
60.077674 3.65659310
60.178307 3.65741287
60.278940 3.65822455
60.379572 3.65902813
60.480205 3.65982363
60.580838 3.66061103
60.681470 3.66139034
60.782103 3.66216157
60.882735 3.66292470
60.983368 3.66367973
61.084001 3.66442668
61.184633 3.66516554
61.285266 3.66589631
61.385899 3.66661898
61.486531 3.66733356
61.587164 3.66804006
61.687796 3.66873846
61.788429 3.66942877
61.889062 3.67011099
61.989694 3.67078512
62.090327 3.67145115
62.190959 3.67210910
62.291592 3.67275895
62.392225 3.67340072
62.492857 3.67403439
62.593490 3.67465997
62.694123 3.67527746
62.794755 3.67588686
62.895388 3.67648817
62.996020 3.67708139
63.096653 3.67766651
63.197286 3.67824355
63.297918 3.67881249
63.398551 3.67937335
63.499184 3.67992611
63.599816 3.68047078
63.700449 3.68100736
63.801081 3.68153585
63.901714 3.68205625
64.002347 3.68256855
64.102979 3.68307277
64.203612 3.68356889
64.304245 3.68405692
64.404877 3.68453687
64.505510 3.68500872
64.606142 3.68547248
64.706775 3.68592815
64.807408 3.68637572
64.908040 3.68681521
65.008673 3.68724661
65.109305 3.68766991
65.209938 3.68808513
65.310571 3.68849225
65.411203 3.68889128
65.511836 3.68928222
65.612469 3.68966507
65.713101 3.69003983
65.813734 3.69040649
65.914366 3.69076507
66.014999 3.69111556
66.115632 3.69145795
66.216264 3.69179225
66.316897 3.69211846
66.417530 3.69243659
66.518162 3.69274662
66.618795 3.69304855
66.719427 3.69334240
66.820060 3.69362816
66.920693 3.69390582
67.021325 3.69417540
67.121958 3.69443688
67.222591 3.69469028
67.323223 3.69493558
67.423856 3.69517279
67.524488 3.69540191
67.625121 3.69562294
67.725754 3.69583587
67.826386 3.69604072
67.927019 3.69623748
68.027651 3.69642614
68.128284 3.69660672
68.228917 3.69677920
68.329549 3.69694359
68.430182 3.69709989
68.530815 3.69724810
68.631447 3.69738822
68.732080 3.69752025
68.832712 3.69764419
68.933345 3.69776003
69.033978 3.69786779
69.134610 3.69796745
69.235243 3.69805903
69.335876 3.69814251
69.436508 3.69821790
69.537141 3.69828520
69.637773 3.69834441
69.738406 3.69839552
69.839039 3.69843855
69.939671 3.69847418
70.040304 3.69850911
70.140937 3.69854404
70.241569 3.69857898
70.342202 3.69861392
70.442834 3.69864885
70.543467 3.69868379
70.644100 3.69871870
70.744732 3.69875366
