0.100633 1.92330539
0.201265 1.92330799
0.301898 1.92330521
0.402530 1.92330493
0.503163 1.92330496
0.603796 1.92330500
0.704428 1.92330504
0.805061 1.92330508
0.905694 1.92330512
1.006326 1.92330516
1.106959 1.92330521
1.207591 1.92330526
1.308224 1.92330531
1.408857 1.92330537
1.509489 1.92330543
1.610122 1.92330549
1.710755 1.92330556
1.811387 1.92330563
1.912020 1.92330571
2.012652 1.92330579
2.113285 1.92330588
2.213918 1.92330597
2.314550 1.92330607
2.415183 1.92330618
2.515816 1.92330629
2.616448 1.92330640
2.717081 1.92330653
2.817713 1.92330666
2.918346 1.92330680
3.018979 1.92330694
3.119611 1.92330710
3.220244 1.92330726
3.320876 1.92330743
3.421509 1.92330760
3.522142 1.92330779
3.622774 1.92330799
3.723407 1.92330819
3.824040 1.92330841
3.924672 1.92330863
4.025305 1.92330886
4.125937 1.92330911
4.226570 1.92330936
4.327203 1.92330963
4.427835 1.92330991
4.528468 1.92331019
4.629101 1.92331049
4.729733 1.92331080
4.830366 1.92331113
4.930998 1.92331146
5.031631 1.92331181
5.132264 1.92331217
5.232896 1.92331254
5.333529 1.92331293
5.434162 1.92331333
5.534794 1.92331374
5.635427 1.92331417
5.736059 1.92331461
5.836692 1.92331506
5.937325 1.92331553
6.037957 1.92331601
6.138590 1.92331651
6.239222 1.92331703
6.339855 1.92331756
6.440488 1.92331810
6.541120 1.92331866
6.641753 1.92331924
6.742386 1.92331983
6.843018 1.92332044
6.943651 1.92332107
7.044283 1.92332171
7.144916 1.92332237
7.245549 1.92332305
7.346181 1.92332374
7.446814 1.92332446
7.547447 1.92332519
7.648079 1.92332593
7.748712 1.92332670
7.849344 1.92332749
7.949977 1.92332829
8.050610 1.92332911
8.151242 1.92332996
8.251875 1.92333082
8.352508 1.92333170
8.453140 1.92333260
8.553773 1.92333352
8.654405 1.92333446
8.755038 1.92333542
8.855671 1.92333640
8.956303 1.92333740
9.056936 1.92333843
9.157568 1.92333947
9.258201 1.92334054
9.358834 1.92334162
9.459466 1.92334273
9.560099 1.92334386
9.660732 1.92334501
9.761364 1.92334618
9.861997 1.92334738
9.962629 1.92334859
10.063262 1.92334983
10.163895 1.92335109
10.264527 1.92335238
10.365160 1.92335368
10.465793 1.92335502
10.566425 1.92335637
10.667058 1.92335774
10.767690 1.92335914
10.868323 1.92336057
10.968956 1.92336201
11.069588 1.92336349
11.170221 1.92336498
11.270853 1.92336650
11.371486 1.92336804
11.472119 1.92336961
11.572751 1.92337120
11.673384 1.92337282
11.774017 1.92337446
11.874649 1.92337612
11.975282 1.92337781
12.075914 1.92337953
12.176547 1.92338127
12.277180 1.92338303
12.377812 1.92338482
12.478445 1.92338664
12.579078 1.92338848
12.679710 1.92339035
12.780343 1.92339224
12.880975 1.92339416
12.981608 1.92339610
13.082241 1.92339807
13.182873 1.92340006
13.283506 1.92340208
13.384139 1.92340413
13.484771 1.92340620
13.585404 1.92340830
13.686036 1.92341042
13.786669 1.92341257
13.887302 1.92341475
13.987934 1.92341695
14.088567 1.92341918
14.189199 1.92342143
14.289832 1.92342372
14.390465 1.92342602
14.491097 1.92342836
14.591730 1.92343071
14.692363 1.92343310
14.792995 1.92343551
14.893628 1.92343795
14.994260 1.92344041
15.094893 1.92344291
15.195526 1.92344542
15.296158 1.92344797
15.396791 1.92345053
15.497424 1.92345313
15.598056 1.92345575
15.698689 1.92345840
15.799321 1.92346107
15.899954 1.92346377
16.000587 1.92346649
16.101219 1.92346924
16.201852 1.92347201
16.302485 1.92347481
16.403117 1.92347763
16.503750 1.92348048
16.604382 1.92348334
16.705015 1.92348624
16.805648 1.92348916
16.906280 1.92349210
17.006913 1.92349506
17.107545 1.92349804
17.208178 1.92350104
17.308811 1.92350406
17.409443 1.92350710
17.510076 1.92351016
17.610709 1.92351322
17.711341 1.92351631
17.811974 1.92351939
17.912606 1.92352249
18.013239 1.92352559
18.113872 1.92352869
18.214504 1.92353179
18.315137 1.92353487
18.415770 1.92353793
18.516402 1.92354097
18.617035 1.92354397
18.717667 1.92354692
18.818300 1.92354981
18.918933 1.92355262
19.019565 1.92355533
19.120198 1.92355792
19.220831 1.92356035
19.321463 1.92356260
19.422096 1.92356462
19.522728 1.92356637
19.623361 1.92356777
19.723994 1.92356877
19.824626 1.92356926
19.925259 1.92356916
20.025891 1.92356832
20.126524 1.92356659
20.227157 1.92356379
20.327789 1.92355970
20.428422 1.92355401
20.529055 1.92354641
20.629687 1.92353646
20.730320 1.92352366
20.830952 1.92350738
20.931585 1.92348685
21.032218 1.92346109
21.132850 1.92342893
21.233483 1.92338886
21.334116 1.92333906
21.434748 1.92327717
21.535381 1.92320030
21.636013 1.92310472
21.736646 1.92298576
21.837279 1.92283740
21.937911 1.92265198
22.038544 1.92241958
22.139177 1.92212738
22.239809 1.92175868
22.340442 1.92129159
22.441074 1.92069730
22.541707 1.91993762
22.642340 1.91896177
22.742972 1.91770164
22.843605 1.91606567
22.944237 1.91392976
23.044870 1.91112540
23.145503 1.90742189
23.246135 1.90250313
23.346768 1.89593241
23.447401 1.88710647
23.548033 1.87518543
23.648666 1.85900081
23.749298 1.83691526
23.849931 1.80663707
23.950564 1.76494036
24.051196 1.70729007
24.151829 1.62729609
24.252462 1.51596432
24.353094 1.36070489
24.453727 1.14383897
24.554359 0.84105246
24.654992 0.41964756
24.755625 -0.15143580
24.856257 -0.83035495
24.956890 -1.36628037
25.057523 -1.48506154
25.158155 -1.38363316
25.258788 -1.50163958
25.359420 -2.07759564
25.460053 -3.20098317
25.560686 -4.92500938
25.661318 -7.23653696
25.761951 -9.88255099
25.862583 -12.15368515
25.963216 -13.09403206
26.063849 -12.32980072
26.164481 -10.46477836
26.265114 -8.40765936
26.365747 -6.70414362
26.466379 -5.54528637
26.567012 -4.99528094
26.667644 -5.10263857
26.768277 -5.91345208
26.868910 -7.41445227
26.969542 -9.37321432
27.070175 -11.11798339
27.170808 -11.68132309
27.271440 -10.60070080
27.372073 -8.42283329
27.472705 -6.09960609
27.573338 -4.24054952
27.673971 -3.04609318
27.774603 -2.53939339
27.875236 -2.71174246
27.975869 -3.56704781
28.076501 -5.10460027
28.177134 -7.23043170
28.277766 -9.54314583
28.378399 -11.18613879
28.479032 -11.30765216
28.579664 -9.90636770
28.680297 -7.83523064
28.780929 -5.96331025
28.881562 -4.71034773
28.982195 -4.17860645
29.082827 -4.37058971
29.183460 -5.27912022
29.284093 -6.88880360
29.384725 -9.12017082
29.485358 -11.65876614
29.585990 -13.74144616
29.686623 -14.37685790
29.787256 -13.18622555
29.887888 -10.81868136
29.988521 -8.27520809
30.089154 -6.18441405
30.189786 -4.76070900
30.290419 -4.04229785
30.391051 -4.03207670
30.491684 -4.73393629
30.592317 -6.13780476
30.692949 -8.10862423
30.793582 -10.15353368
30.894215 -11.35473715
30.994847 -10.95348111
31.095480 -9.12957027
31.196112 -6.80013522
31.296745 -4.76123586
31.397378 -3.34967193
31.498010 -2.63582277
31.598643 -2.61989284
31.699275 -3.30082393
31.799908 -4.67983652
31.900541 -6.68691783
32.001173 -8.98341857
32.101806 -10.77767076
32.202439 -11.15356775
32.303071 -9.92549433
32.403704 -7.85270890
32.504336 -5.85599381
32.604969 -4.42744272
32.705602 -3.70541369
32.806234 -3.70248456
32.906867 -4.41423603
33.007500 -5.84144390
33.108132 -7.94144108
33.208765 -10.47382310
33.309397 -12.76876370
33.410030 -13.81919607
33.510663 -13.05855971
33.611295 -10.95682063
33.711928 -8.49482722
33.812560 -6.36876340
33.913193 -4.85340139
34.013826 -4.01620906
34.114458 -3.87096067
34.215091 -4.42985395
34.315724 -5.69239161
34.416356 -7.56166577
34.516989 -9.63356002
34.617621 -11.05032522
34.718254 -10.95598484
34.818887 -9.34042730
34.919519 -7.05084954
35.020152 -4.95744891
35.120785 -3.48331271
35.221417 -2.73276745
35.322050 -2.71010367
35.422682 -3.41184413
35.523315 -4.82322900
35.623948 -6.83327332
35.724580 -9.02389611
35.825213 -10.52408009
35.925846 -10.46458819
36.026478 -8.82327196
36.127111 -6.43647538
36.227743 -4.15951419
36.328376 -2.39201279
36.429009 -1.20607122
36.529641 -0.56376341
36.630274 -0.39403404
36.730906 -0.51912217
36.831539 -0.53775702
36.932172 -0.12088735
37.032804 0.55854211
37.133437 1.19309741
37.234070 1.68874730
37.334702 2.06447465
37.435335 2.35074129
37.535967 2.56819191
37.636600 2.73140190
37.737233 2.85104309
37.837865 2.93389637
37.938498 2.98621918
38.039131 3.01279984
38.139763 3.01896228
38.240396 3.02115781
38.341028 3.02261928
38.441661 3.02386525
38.542294 3.02501779
38.642926 3.02612148
38.743559 3.02719712
38.844192 3.02825565
38.944824 3.02930329
39.045457 3.03034379
39.146089 3.03137952
39.246722 3.03241202
39.347355 3.03344235
39.447987 3.03447128
39.548620 3.03549945
39.649252 3.03652749
39.749885 3.03755624
39.850518 3.03858705
39.951150 3.03962253
40.051783 3.04066835
40.152416 3.04173954
40.253048 3.04289016
40.353681 3.04437219
40.454313 3.04710454
40.554946 3.05102290
40.655579 3.05556441
40.756211 3.05982024
40.856844 3.06239643
40.957477 3.06119520
41.058109 3.05307231
41.158742 3.03331785
41.259374 2.99506815
41.360007 2.92813860
41.460640 2.81881133
41.561272 2.65422827
41.661905 2.43692402
41.762538 2.21246209
41.863170 2.07265714
41.963803 2.08886310
42.064435 2.23793545
42.165068 2.42719621
42.265701 2.57775304
42.366333 2.65831548
42.466966 2.66711175
42.567598 2.61021441
42.668231 2.49236682
42.768864 2.31784413
42.869496 2.09947621
42.970129 1.87676959
43.070762 1.72139557
43.171394 1.68673207
43.272027 1.74089703
43.372659 1.78331263
43.473292 1.71923939
43.573925 1.50524008
43.674557 1.17578041
43.775190 0.87246369
43.875823 0.79074884
43.976455 1.01173489
44.077088 1.42074651
44.177720 1.83448007
44.278353 2.14484327
44.378986 2.32983575
44.479618 2.40270534
44.580251 2.37961179
44.680884 2.26915495
44.781516 2.07194848
44.882149 1.78411244
44.982781 1.40883235
45.083414 0.98805697
45.184047 0.63548345
45.284679 0.49053300
45.385312 0.59152267
45.485944 0.85734201
45.586577 1.19125229
45.687210 1.50315223
45.787842 1.74439159
45.888475 1.95924954
45.989108 2.19364677
46.089740 2.41787390
46.190373 2.59757216
46.291005 2.73164934
46.391638 2.83070346
46.492271 2.90435126
46.592903 2.95937974
46.693536 3.00049665
46.794169 3.03076490
46.894801 3.05216709
46.995434 3.06591040
47.096066 3.07256982
47.196699 3.07475058
47.297332 3.07610994
47.397964 3.07727391
47.498597 3.07837151
47.599230 3.07943889
47.699862 3.08049029
47.800495 3.08153253
47.901127 3.08256927
48.001760 3.08360258
48.102393 3.08463369
48.203025 3.08566337
48.303658 3.08669209
48.404290 3.08772018
48.504923 3.08874783
48.605556 3.08977518
48.706188 3.09080233
48.806821 3.09182933
48.907454 3.09285582
49.008086 3.09387795
49.108719 3.09489533
49.209351 3.09590798
49.309984 3.09691591
49.410617 3.09791912
49.511249 3.09891763
49.611882 3.09991143
49.712515 3.10090053
49.813147 3.10188493
49.913780 3.10286463
50.014412 3.10383963
50.115045 3.10480994
50.215678 3.10577556
50.316310 3.10673647
50.416943 3.10769270
50.517576 3.10864423
50.618208 3.10959106
50.718841 3.11053320
50.819473 3.11147065
50.920106 3.11240340
51.020739 3.11333146
51.121371 3.11425482
51.222004 3.11517350
51.322636 3.11608748
51.423269 3.11699676
51.523902 3.11790135
51.624534 3.11880125
51.725167 3.11969645
51.825800 3.12058697
51.926432 3.12147278
52.027065 3.12235391
52.127697 3.12323034
52.228330 3.12410208
52.328963 3.12496912
52.429595 3.12583147
52.530228 3.12668913
52.630861 3.12754209
52.731493 3.12839037
52.832126 3.12923394
52.932758 3.13007283
53.033391 3.13090702
53.134024 3.13173652
53.234656 3.13256132
53.335289 3.13338143
53.435921 3.13419685
53.536554 3.13500757
53.637187 3.13581361
53.737819 3.13661494
53.838452 3.13741159
53.939085 3.13820354
54.039717 3.13899080
54.140350 3.13977336
54.240982 3.14055123
54.341615 3.14132441
54.442248 3.14209290
54.542880 3.14285669
54.643513 3.14361579
54.744146 3.14437019
54.844778 3.14511990
54.945411 3.14586492
55.046043 3.14660525
55.146676 3.14734088
55.247309 3.14807182
55.347941 3.14879807
55.448574 3.14951962
55.549207 3.15023648
55.649839 3.15094864
55.750472 3.15165612
55.851104 3.15235890
55.951737 3.15305698
56.052370 3.15375038
56.153002 3.15443908
56.253635 3.15512308
56.354267 3.15580240
56.454900 3.15647702
56.555533 3.15714694
56.656165 3.15781218
56.756798 3.15847272
56.857431 3.15912857
56.958063 3.15977972
57.058696 3.16042618
57.159328 3.16106795
57.259961 3.16170503
57.360594 3.16233741
57.461226 3.16296510
57.561859 3.16358809
57.662492 3.16420639
57.763124 3.16482000
57.863757 3.16542892
57.964389 3.16603314
58.065022 3.16663267
58.165655 3.16722751
58.266287 3.16781765
58.366920 3.16840310
58.467553 3.16898386
58.568185 3.16955992
58.668818 3.17013129
58.769450 3.17069797
58.870083 3.17125996
58.970716 3.17181725
59.071348 3.17236984
59.171981 3.17291775
59.272613 3.17346096
59.373246 3.17399948
59.473879 3.17453331
59.574511 3.17506244
59.675144 3.17558688
59.775777 3.17610662
59.876409 3.17662168
59.977042 3.17713204
60.077674 3.17763770
60.178307 3.17813868
60.278940 3.17863496
60.379572 3.17912654
60.480205 3.17961344
60.580838 3.18009564
60.681470 3.18057314
60.782103 3.18104596
60.882735 3.18151408
60.983368 3.18197751
61.084001 3.18243624
61.184633 3.18289029
61.285266 3.18333963
61.385899 3.18378429
61.486531 3.18422425
61.587164 3.18465952
61.687796 3.18509010
61.788429 3.18551598
61.889062 3.18593717
61.989694 3.18635366
62.090327 3.18676547
62.190959 3.18717258
62.291592 3.18757499
62.392225 3.18797272
62.492857 3.18836575
62.593490 3.18875408
62.694123 3.18913773
62.794755 3.18951668
62.895388 3.18989094
62.996020 3.19026050
63.096653 3.19062537
63.197286 3.19098555
63.297918 3.19134103
63.398551 3.19169182
63.499184 3.19203792
63.599816 3.19237932
63.700449 3.19271604
63.801081 3.19304805
63.901714 3.19337538
64.002347 3.19369801
64.102979 3.19401595
64.203612 3.19432919
64.304245 3.19463774
64.404877 3.19494160
64.505510 3.19524077
64.606142 3.19553524
64.706775 3.19582502
64.807408 3.19611010
64.908040 3.19639049
65.008673 3.19666619
65.109305 3.19693720
65.209938 3.19720351
65.310571 3.19746513
65.411203 3.19772205
65.511836 3.19797428
65.612469 3.19822182
65.713101 3.19846467
65.813734 3.19870282
65.914366 3.19893628
66.014999 3.19916504
66.115632 3.19938911
66.216264 3.19960849
66.316897 3.19982317
66.417530 3.20003317
66.518162 3.20023846
66.618795 3.20043907
66.719427 3.20063498
66.820060 3.20082620
66.920693 3.20101272
67.021325 3.20119455
67.121958 3.20137169
67.222591 3.20154413
67.323223 3.20171188
67.423856 3.20187494
67.524488 3.20203330
67.625121 3.20218697
67.725754 3.20233594
67.826386 3.20248023
67.927019 3.20261982
68.027651 3.20275471
68.128284 3.20288491
68.228917 3.20301042
68.329549 3.20313124
68.430182 3.20324736
68.530815 3.20335878
68.631447 3.20346552
68.732080 3.20356756
68.832712 3.20366491
68.933345 3.20375756
69.033978 3.20384552
69.134610 3.20392878
69.235243 3.20400736
69.335876 3.20408124
69.436508 3.20415042
69.537141 3.20421491
69.637773 3.20427471
69.738406 3.20432981
69.839039 3.20438022
69.939671 3.20442634
70.040304 3.20447205
70.140937 3.20451777
70.241569 3.20456348
70.342202 3.20460920
70.442834 3.20465492
70.543467 3.20470063
70.644100 3.20474635
70.744732 3.20479207
