0.100633 1.91979986
0.201265 1.91980208
0.301898 1.91979976
0.402530 1.91979953
0.503163 1.91979957
0.603796 1.91979961
0.704428 1.91979965
0.805061 1.91979968
0.905694 1.91979971
1.006326 1.91979974
1.106959 1.91979976
1.207591 1.91979977
1.308224 1.91979978
1.408857 1.91979978
1.509489 1.91979977
1.610122 1.91979975
1.710755 1.91979973
1.811387 1.91979970
1.912020 1.91979965
2.012652 1.91979960
2.113285 1.91979954
2.213918 1.91979946
2.314550 1.91979938
2.415183 1.91979928
2.515816 1.91979916
2.616448 1.91979904
2.717081 1.91979890
2.817713 1.91979875
2.918346 1.91979858
3.018979 1.91979840
3.119611 1.91979820
3.220244 1.91979798
3.320876 1.91979775
3.421509 1.91979750
3.522142 1.91979723
3.622774 1.91979695
3.723407 1.91979664
3.824040 1.91979632
3.924672 1.91979598
4.025305 1.91979561
4.125937 1.91979522
4.226570 1.91979482
4.327203 1.91979439
4.427835 1.91979394
4.528468 1.91979346
4.629101 1.91979296
4.729733 1.91979244
4.830366 1.91979190
4.930998 1.91979133
5.031631 1.91979073
5.132264 1.91979011
5.232896 1.91978946
5.333529 1.91978878
5.434162 1.91978808
5.534794 1.91978735
5.635427 1.91978659
5.736059 1.91978580
5.836692 1.91978498
5.937325 1.91978414
6.037957 1.91978326
6.138590 1.91978236
6.239222 1.91978142
6.339855 1.91978045
6.440488 1.91977945
6.541120 1.91977842
6.641753 1.91977735
6.742386 1.91977625
6.843018 1.91977512
6.943651 1.91977395
7.044283 1.91977275
7.144916 1.91977151
7.245549 1.91977024
7.346181 1.91976893
7.446814 1.91976759
7.547447 1.91976621
7.648079 1.91976479
7.748712 1.91976334
7.849344 1.91976184
7.949977 1.91976031
8.050610 1.91975874
8.151242 1.91975713
8.251875 1.91975549
8.352508 1.91975380
8.453140 1.91975207
8.553773 1.91975030
8.654405 1.91974849
8.755038 1.91974664
8.855671 1.91974475
8.956303 1.91974282
9.056936 1.91974084
9.157568 1.91973882
9.258201 1.91973676
9.358834 1.91973465
9.459466 1.91973250
9.560099 1.91973031
9.660732 1.91972807
9.761364 1.91972579
9.861997 1.91972346
9.962629 1.91972108
10.063262 1.91971866
10.163895 1.91971620
10.264527 1.91971369
10.365160 1.91971113
10.465793 1.91970852
10.566425 1.91970587
10.667058 1.91970317
10.767690 1.91970042
10.868323 1.91969762
10.968956 1.91969478
11.069588 1.91969188
11.170221 1.91968894
11.270853 1.91968595
11.371486 1.91968291
11.472119 1.91967982
11.572751 1.91967668
11.673384 1.91967349
11.774017 1.91967025
11.874649 1.91966695
11.975282 1.91966361
12.075914 1.91966021
12.176547 1.91965677
12.277180 1.91965327
12.377812 1.91964972
12.478445 1.91964612
12.579078 1.91964246
12.679710 1.91963876
12.780343 1.91963500
12.880975 1.91963118
12.981608 1.91962732
13.082241 1.91962340
13.182873 1.91961943
13.283506 1.91961540
13.384139 1.91961133
13.484771 1.91960719
13.585404 1.91960301
13.686036 1.91959876
13.786669 1.91959447
13.887302 1.91959012
13.987934 1.91958572
14.088567 1.91958125
14.189199 1.91957674
14.289832 1.91957217
14.390465 1.91956755
14.491097 1.91956286
14.591730 1.91955813
14.692363 1.91955334
14.792995 1.91954849
14.893628 1.91954359
14.994260 1.91953863
15.094893 1.91953361
15.195526 1.91952855
15.296158 1.91952342
15.396791 1.91951824
15.497424 1.91951299
15.598056 1.91950770
15.698689 1.91950234
15.799321 1.91949694
15.899954 1.91949147
16.000587 1.91948594
16.101219 1.91948036
16.201852 1.91947472
16.302485 1.91946902
16.403117 1.91946327
16.503750 1.91945745
16.604382 1.91945158
16.705015 1.91944565
16.805648 1.91943966
16.906280 1.91943360
17.006913 1.91942749
17.107545 1.91942131
17.208178 1.91941507
17.308811 1.91940877
17.409443 1.91940240
17.510076 1.91939596
17.610709 1.91938946
17.711341 1.91938287
17.811974 1.91937622
17.912606 1.91936949
18.013239 1.91936268
18.113872 1.91935578
18.214504 1.91934879
18.315137 1.91934169
18.415770 1.91933449
18.516402 1.91932717
18.617035 1.91931973
18.717667 1.91931214
18.818300 1.91930439
18.918933 1.91929646
19.019565 1.91928833
19.120198 1.91927996
19.220831 1.91927134
19.321463 1.91926240
19.422096 1.91925310
19.522728 1.91924339
19.623361 1.91923319
19.723994 1.91922241
19.824626 1.91921096
19.925259 1.91919869
20.025891 1.91918546
20.126524 1.91917108
20.227157 1.91915533
20.327789 1.91913791
20.428422 1.91911850
20.529055 1.91909668
20.629687 1.91907193
20.730320 1.91904364
20.830952 1.91901103
20.931585 1.91897314
21.032218 1.91892880
21.132850 1.91887651
21.233483 1.91881445
21.334116 1.91874030
21.434748 1.91865115
21.535381 1.91854333
21.636013 1.91841218
21.736646 1.91825173
21.837279 1.91805437
21.937911 1.91781026
22.038544 1.91750668
22.139177 1.91712703
22.239809 1.91664962
22.340442 1.91604583
22.441074 1.91527783
22.541707 1.91429516
22.642340 1.91303036
22.742972 1.91139248
22.843605 1.90925861
22.944237 1.90646131
23.044870 1.90277219
23.145503 1.89787707
23.246135 1.89134367
23.346768 1.88257238
23.447401 1.87073189
23.548033 1.85466080
23.648666 1.83273827
23.749298 1.80268716
23.849931 1.76131244
23.950564 1.70411135
24.051196 1.62474672
24.151829 1.51430557
24.252462 1.36025405
24.353094 1.14517382
24.453727 0.84469386
24.554359 0.42648318
24.654992 -0.14061165
24.755625 -0.81888977
24.856257 -1.36162405
24.956890 -1.48834695
25.057523 -1.38637510
25.158155 -1.49532939
25.258788 -2.05841329
25.359420 -3.16837801
25.460053 -4.87701638
25.560686 -7.17458018
25.661318 -9.81948685
25.761951 -12.11147418
25.862583 -13.09160213
25.963216 -12.36542639
26.063849 -10.51611689
26.164481 -8.45515282
26.265114 -6.74243792
26.365747 -5.57246078
26.466379 -5.00898492
26.567012 -5.10248172
26.667644 -5.89717223
26.768277 -7.38293044
26.868910 -9.33756522
26.969542 -11.09708808
27.070175 -11.69353962
27.170808 -10.64673310
27.271440 -8.48189982
27.372073 -6.15206914
27.472705 -4.28062027
27.573338 -3.07242126
27.673971 -2.55191200
27.774603 -2.71228332
27.875236 -3.55530278
27.975869 -5.08199344
28.076501 -7.20144927
28.177134 -9.51430777
28.277766 -11.17023220
28.378399 -11.31332236
28.479032 -9.92591175
28.579664 -7.85652049
28.680297 -5.98028933
28.780929 -4.71912990
28.881562 -4.17873518
28.982195 -4.36372949
29.082827 -5.26495112
29.183460 -6.86938139
29.284093 -9.09852258
29.384725 -11.63763030
29.485358 -13.72906265
29.585990 -14.38043074
29.686623 -13.20310209
29.787256 -10.84271687
29.887888 -8.30117438
29.988521 -6.20711636
30.089154 -4.77929423
30.189786 -4.05774978
30.290419 -4.04375643
30.391051 -4.74332919
30.491684 -6.14517128
30.592317 -8.11273542
30.692949 -10.15669773
30.793582 -11.35824407
30.894215 -10.95661588
30.994847 -9.13440287
31.095480 -6.80750430
31.196112 -4.76969900
31.296745 -3.36108858
31.397378 -2.65172780
31.498010 -2.64009861
31.598643 -3.32734304
31.699275 -4.71256392
31.799908 -6.72363577
31.900541 -9.02086350
32.001173 -10.80587416
32.101806 -11.16420325
32.202439 -9.92334839
32.303071 -7.84656944
32.403704 -5.85075991
32.504336 -4.42678716
32.604969 -3.70915640
32.705602 -3.70856447
32.806234 -4.42274025
32.906867 -5.85046602
33.007500 -7.94970122
33.108132 -10.48216618
33.208765 -12.77380017
33.309397 -13.81681442
33.410030 -13.04868719
33.510663 -10.93950991
33.611295 -8.47177449
33.711928 -6.34473174
33.812560 -4.83045327
33.913193 -3.99633987
34.013826 -3.85839833
34.114458 -4.42651314
34.215091 -5.69945982
34.315724 -7.57290675
34.416356 -9.62052478
34.516989 -10.97034421
34.617621 -10.78523910
34.718254 -9.09476214
34.818887 -6.76689344
34.919519 -4.65954994
35.020152 -3.17456842
35.120785 -2.41039059
35.221417 -2.37394593
35.322050 -3.06330776
35.422682 -4.46945840
35.523315 -6.47764093
35.623948 -8.64418362
35.724580 -10.08030263
35.825213 -9.94864981
35.925846 -8.28857468
36.026478 -5.95865277
36.127111 -3.78369179
36.227743 -2.12594476
36.328376 -1.04364785
36.429009 -0.49736498
36.529641 -0.41005311
36.630274 -0.58800162
36.730906 -0.61626093
36.831539 -0.20165348
36.932172 0.44416864
37.032804 1.02775915
37.133437 1.47342472
37.234070 1.80370897
37.334702 2.04960899
37.435335 2.23407287
37.535967 2.37225071
37.636600 2.47312564
37.737233 2.54195937
37.837865 2.58426105
37.938498 2.60423994
38.039131 2.60725076
38.139763 2.60773819
38.240396 2.60772677
38.341028 2.60756647
38.441661 2.60732681
38.542294 2.60700469
38.642926 2.60651487
38.743559 2.60547753
38.844192 2.60197580
38.944824 2.59414407
39.045457 2.58176564
39.146089 2.56484561
39.246722 2.54339510
39.347355 2.51742261
39.447987 2.48693561
39.548620 2.45193213
39.649252 2.41239211
39.749885 2.36828539
39.850518 2.31951852
39.951150 2.26605109
40.051783 2.20803684
40.152416 2.14636636
40.253048 2.08354476
40.353681 2.02456609
40.454313 1.97705482
40.554946 1.94975018
40.655579 1.94938994
40.756211 1.97762791
40.856844 2.03014012
40.957477 2.09857695
41.058109 2.17386351
41.158742 2.24868187
41.259374 2.31811921
41.360007 2.37897388
41.460640 2.42862322
41.561272 2.46400734
41.661905 2.48086708
41.762538 2.47281421
41.863170 2.43066982
41.963803 2.34194686
42.064435 2.19380625
42.165068 1.98849516
42.265701 1.76942057
42.366333 1.62594034
42.466966 1.63374055
42.567598 1.77746137
42.668231 1.96643693
42.768864 2.11865326
42.869496 2.20053123
42.970129 2.20959413
43.070762 2.15111615
43.171394 2.02935966
43.272027 1.84774654
43.372659 1.61822040
43.473292 1.38051520
43.573925 1.20309993
43.674557 1.12914292
43.775190 1.11787681
43.875823 1.08119607
43.976455 0.98175471
44.077088 0.86944688
44.177720 0.81478711
44.278353 0.82581696
44.378986 0.87216395
44.479618 0.96761251
44.580251 1.15180346
44.680884 1.40426328
44.781516 1.64475926
44.882149 1.80515869
44.982781 1.86108434
45.083414 1.81368580
45.184047 1.66830142
45.284679 1.42878375
45.385312 1.10933571
45.485944 0.75671886
45.586577 0.45013866
45.687210 0.25856518
45.787842 0.21272193
45.888475 0.32451455
45.989108 0.59090101
46.089740 0.96371367
46.190373 1.34447936
46.291005 1.64921660
46.391638 1.85926778
46.492271 2.00512816
46.592903 2.13637366
46.693536 2.27183047
46.794169 2.39321028
46.894801 2.48880052
46.995434 2.56109731
47.096066 2.61539398
47.196699 2.65571991
47.297332 2.68473807
47.397964 2.70457850
47.498597 2.71818194
47.599230 2.72753293
47.699862 2.73367985
47.800495 2.73740628
47.901127 2.73979988
48.001760 2.74203292
48.102393 2.74421558
48.203025 2.74637573
48.303658 2.74852383
48.404290 2.75066487
48.504923 2.75280155
48.605556 2.75493545
48.706188 2.75706753
48.806821 2.75919840
48.907454 2.76132844
49.008086 2.76345793
49.108719 2.76558702
49.209351 2.76771584
49.309984 2.76984447
49.410617 2.77197297
49.511249 2.77410137
49.611882 2.77622881
49.712515 2.77834679
49.813147 2.78045444
49.913780 2.78255177
50.014412 2.78463879
50.115045 2.78671550
50.215678 2.78878191
50.316310 2.79083802
50.416943 2.79288383
50.517576 2.79491935
50.618208 2.79694458
50.718841 2.79895951
50.819473 2.80096415
50.920106 2.80295850
51.020739 2.80494255
51.121371 2.80691632
51.222004 2.80887979
51.322636 2.81083298
51.423269 2.81277587
51.523902 2.81470848
51.624534 2.81663079
51.725167 2.81854281
51.825800 2.82044455
51.926432 2.82233599
52.027065 2.82421715
52.127697 2.82608801
52.228330 2.82794859
52.328963 2.82979887
52.429595 2.83163887
52.530228 2.83346858
52.630861 2.83528799
52.731493 2.83709712
52.832126 2.83889596
52.932758 2.84068450
53.033391 2.84246276
53.134024 2.84423073
53.234656 2.84598841
53.335289 2.84773580
53.435921 2.84947289
53.536554 2.85119970
53.637187 2.85291622
53.737819 2.85462245
53.838452 2.85631839
53.939085 2.85800404
54.039717 2.85967940
54.140350 2.86134447
54.240982 2.86299925
54.341615 2.86464374
54.442248 2.86627794
54.542880 2.86790185
54.643513 2.86951547
54.744146 2.87111880
54.844778 2.87271184
54.945411 2.87429459
55.046043 2.87586705
55.146676 2.87742922
55.247309 2.87898110
55.347941 2.88052269
55.448574 2.88205399
55.549207 2.88357500
55.649839 2.88508572
55.750472 2.88658615
55.851104 2.88807629
55.951737 2.88955614
56.052370 2.89102569
56.153002 2.89248496
56.253635 2.89393394
56.354267 2.89537263
56.454900 2.89680103
56.555533 2.89821914
56.656165 2.89962695
56.756798 2.90102448
56.857431 2.90241172
56.958063 2.90378866
57.058696 2.90515532
57.159328 2.90651168
57.259961 2.90785776
57.360594 2.90919354
57.461226 2.91051904
57.561859 2.91183424
57.662492 2.91313915
57.763124 2.91443378
57.863757 2.91571811
57.964389 2.91699215
58.065022 2.91825590
58.165655 2.91950936
58.266287 2.92075253
58.366920 2.92198541
58.467553 2.92320800
58.568185 2.92442030
58.668818 2.92562230
58.769450 2.92681402
58.870083 2.92799545
58.970716 2.92916658
59.071348 2.93032743
59.171981 2.93147798
59.272613 2.93261824
59.373246 2.93374822
59.473879 2.93486790
59.574511 2.93597729
59.675144 2.93707639
59.775777 2.93816520
59.876409 2.93924371
59.977042 2.94031194
60.077674 2.94136988
60.178307 2.94241752
60.278940 2.94345488
60.379572 2.94448194
60.480205 2.94549871
60.580838 2.94650519
60.681470 2.94750138
60.782103 2.94848728
60.882735 2.94946289
60.983368 2.95042821
61.084001 2.95138324
61.184633 2.95232797
61.285266 2.95326242
61.385899 2.95418657
61.486531 2.95510043
61.587164 2.95600400
61.687796 2.95689728
61.788429 2.95778027
61.889062 2.95865297
61.989694 2.95951537
62.090327 2.96036749
62.190959 2.96120931
62.291592 2.96204085
62.392225 2.96286209
62.492857 2.96367304
62.593490 2.96447370
62.694123 2.96526407
62.794755 2.96604414
62.895388 2.96681393
62.996020 2.96757342
63.096653 2.96832263
63.197286 2.96906154
63.297918 2.96979016
63.398551 2.97050849
63.499184 2.97121653
63.599816 2.97191427
63.700449 2.97260173
63.801081 2.97327889
63.901714 2.97394576
64.002347 2.97460234
64.102979 2.97524863
64.203612 2.97588463
64.304245 2.97651034
64.404877 2.97712576
64.505510 2.97773088
64.606142 2.97832571
64.706775 2.97891025
64.807408 2.97948450
64.908040 2.98004846
65.008673 2.98060213
65.109305 2.98114551
65.209938 2.98167859
65.310571 2.98220138
65.411203 2.98271388
65.511836 2.98321609
65.612469 2.98370801
65.713101 2.98418964
65.813734 2.98466097
65.914366 2.98512202
66.014999 2.98557277
66.115632 2.98601323
66.216264 2.98644340
66.316897 2.98686328
66.417530 2.98727287
66.518162 2.98767216
66.618795 2.98806116
66.719427 2.98843988
66.820060 2.98880830
66.920693 2.98916642
67.021325 2.98951426
67.121958 2.98985181
67.222591 2.99017906
67.323223 2.99049602
67.423856 2.99080270
67.524488 2.99109907
67.625121 2.99138516
67.725754 2.99166096
67.826386 2.99192646
67.927019 2.99218168
68.027651 2.99242660
68.128284 2.99266123
68.228917 2.99288557
68.329549 2.99309961
68.430182 2.99330337
68.530815 2.99349683
68.631447 2.99368000
68.732080 2.99385288
68.832712 2.99401547
68.933345 2.99416777
69.033978 2.99430978
69.134610 2.99444149
69.235243 2.99456291
69.335876 2.99467404
69.436508 2.99477488
69.537141 2.99486543
69.637773 2.99494568
69.738406 2.99501564
69.839039 2.99507531
69.939671 2.99512557
70.040304 2.99517495
70.140937 2.99522432
70.241569 2.99527370
70.342202 2.99532308
70.442834 2.99537246
70.543467 2.99542185
70.644100 2.99547124
70.744732 2.99552061
