0.100633 1.92366158
0.201265 1.92366315
0.301898 1.92366146
0.402530 1.92366130
0.503163 1.92366132
0.603796 1.92366134
0.704428 1.92366136
0.805061 1.92366139
0.905694 1.92366141
1.006326 1.92366144
1.106959 1.92366146
1.207591 1.92366149
1.308224 1.92366152
1.408857 1.92366154
1.509489 1.92366157
1.610122 1.92366160
1.710755 1.92366163
1.811387 1.92366166
1.912020 1.92366169
2.012652 1.92366173
2.113285 1.92366176
2.213918 1.92366180
2.314550 1.92366183
2.415183 1.92366187
2.515816 1.92366191
2.616448 1.92366195
2.717081 1.92366199
2.817713 1.92366203
2.918346 1.92366207
3.018979 1.92366212
3.119611 1.92366216
3.220244 1.92366221
3.320876 1.92366226
3.421509 1.92366231
3.522142 1.92366236
3.622774 1.92366242
3.723407 1.92366247
3.824040 1.92366253
3.924672 1.92366259
4.025305 1.92366265
4.125937 1.92366271
4.226570 1.92366277
4.327203 1.92366284
4.427835 1.92366290
4.528468 1.92366297
4.629101 1.92366304
4.729733 1.92366311
4.830366 1.92366318
4.930998 1.92366326
5.031631 1.92366333
5.132264 1.92366341
5.232896 1.92366349
5.333529 1.92366357
5.434162 1.92366365
5.534794 1.92366373
5.635427 1.92366382
5.736059 1.92366390
5.836692 1.92366399
5.937325 1.92366408
6.037957 1.92366417
6.138590 1.92366426
6.239222 1.92366435
6.339855 1.92366444
6.440488 1.92366454
6.541120 1.92366463
6.641753 1.92366473
6.742386 1.92366482
6.843018 1.92366492
6.943651 1.92366501
7.044283 1.92366512
7.144916 1.92366521
7.245549 1.92366531
7.346181 1.92366541
7.446814 1.92366551
7.547447 1.92366561
7.648079 1.92366571
7.748712 1.92366581
7.849344 1.92366591
7.949977 1.92366601
8.050610 1.92366611
8.151242 1.92366620
8.251875 1.92366631
8.352508 1.92366640
8.453140 1.92366650
8.553773 1.92366659
8.654405 1.92366669
8.755038 1.92366678
8.855671 1.92366687
8.956303 1.92366696
9.056936 1.92366705
9.157568 1.92366713
9.258201 1.92366721
9.358834 1.92366729
9.459466 1.92366737
9.560099 1.92366745
9.660732 1.92366752
9.761364 1.92366759
9.861997 1.92366766
9.962629 1.92366772
10.063262 1.92366778
10.163895 1.92366783
10.264527 1.92366789
10.365160 1.92366793
10.465793 1.92366798
10.566425 1.92366802
10.667058 1.92366805
10.767690 1.92366808
10.868323 1.92366810
10.968956 1.92366812
11.069588 1.92366813
11.170221 1.92366814
11.270853 1.92366814
11.371486 1.92366813
11.472119 1.92366812
11.572751 1.92366810
11.673384 1.92366807
11.774017 1.92366804
11.874649 1.92366800
11.975282 1.92366794
12.075914 1.92366789
12.176547 1.92366782
12.277180 1.92366774
12.377812 1.92366766
12.478445 1.92366757
12.579078 1.92366746
12.679710 1.92366735
12.780343 1.92366722
12.880975 1.92366709
12.981608 1.92366694
13.082241 1.92366679
13.182873 1.92366661
13.283506 1.92366644
13.384139 1.92366624
13.484771 1.92366604
13.585404 1.92366582
13.686036 1.92366559
13.786669 1.92366535
13.887302 1.92366509
13.987934 1.92366482
14.088567 1.92366454
14.189199 1.92366424
14.289832 1.92366392
14.390465 1.92366359
14.491097 1.92366325
14.591730 1.92366288
14.692363 1.92366251
14.792995 1.92366211
14.893628 1.92366170
14.994260 1.92366127
15.094893 1.92366083
15.195526 1.92366036
15.296158 1.92365988
15.396791 1.92365938
15.497424 1.92365886
15.598056 1.92365831
15.698689 1.92365775
15.799321 1.92365717
15.899954 1.92365657
16.000587 1.92365595
16.101219 1.92365530
16.201852 1.92365463
16.302485 1.92365394
16.403117 1.92365323
16.503750 1.92365249
16.604382 1.92365173
16.705015 1.92365094
16.805648 1.92365012
16.906280 1.92364928
17.006913 1.92364841
17.107545 1.92364752
17.208178 1.92364659
17.308811 1.92364563
17.409443 1.92364464
17.510076 1.92364361
17.610709 1.92364255
17.711341 1.92364145
17.811974 1.92364030
17.912606 1.92363912
18.013239 1.92363788
18.113872 1.92363660
18.214504 1.92363525
18.315137 1.92363385
18.415770 1.92363237
18.516402 1.92363082
18.617035 1.92362918
18.717667 1.92362744
18.818300 1.92362560
18.918933 1.92362362
19.019565 1.92362150
19.120198 1.92361921
19.220831 1.92361673
19.321463 1.92361402
19.422096 1.92361104
19.522728 1.92360775
19.623361 1.92360409
19.723994 1.92359999
19.824626 1.92359537
19.925259 1.92359013
20.025891 1.92358416
20.126524 1.92357731
20.227157 1.92356940
20.327789 1.92356022
20.428422 1.92354952
20.529055 1.92353697
20.629687 1.92352219
20.730320 1.92350469
20.830952 1.92348392
20.931585 1.92345913
21.032218 1.92342944
21.132850 1.92339376
21.233483 1.92335071
21.334116 1.92329859
21.434748 1.92323526
21.535381 1.92315803
21.636013 1.92306352
21.736646 1.92294742
21.837279 1.92280427
21.937911 1.92262704
22.038544 1.92240675
22.139177 1.92213172
22.239809 1.92178685
22.340442 1.92135231
22.441074 1.92080214
22.541707 1.92010193
22.642340 1.91920606
22.742972 1.91805345
22.843605 1.91656220
22.944237 1.91462147
23.044870 1.91208111
23.145503 1.90873588
23.246135 1.90430507
23.346768 1.89840150
23.447401 1.89049117
23.548033 1.87983164
23.648666 1.86539138
23.749298 1.84572657
23.849931 1.81881863
23.950564 1.78182809
24.051196 1.73076609
24.151829 1.66001105
24.252462 1.56165061
24.353094 1.42458658
24.453727 1.23322777
24.554359 0.96603874
24.654992 0.59331834
24.755625 0.08023782
24.856257 -0.57381325
24.956890 -1.20588125
25.057523 -1.48837862
25.158155 -1.41461102
25.258788 -1.40734432
25.359420 -1.79463612
25.460053 -2.70248053
25.560686 -4.19423128
25.661318 -6.29317063
25.761951 -8.86725269
25.862583 -11.39446595
25.963216 -12.93695527
26.063849 -12.79695982
26.164481 -11.23915697
26.265114 -9.16436140
26.365747 -7.28824314
26.466379 -5.91013101
26.567012 -5.12017001
26.667644 -4.96727211
26.768277 -5.50213723
26.868910 -6.74534281
26.969542 -8.57810497
27.070175 -10.51903888
27.170808 -11.64961129
27.271440 -11.20019781
27.372073 -9.33943195
27.472705 -6.97343783
27.573338 -4.89177017
27.673971 -3.43138170
27.774603 -2.65862061
27.875236 -2.56784100
27.975869 -3.15771157
28.076501 -4.43355367
28.177134 -6.35663748
28.277766 -8.67573335
28.378399 -10.69764816
28.479032 -11.46739538
28.579664 -10.58514320
28.680297 -8.65126332
28.780929 -6.62699199
28.881562 -5.11256224
28.982195 -4.30059575
29.082827 -4.21528186
29.183460 -4.85010395
29.284093 -6.19485525
29.384725 -8.20822519
29.485358 -10.69323810
29.585990 -13.06697033
29.686623 -14.35055065
29.787256 -13.82789261
29.887888 -11.78633073
29.988521 -9.20854095
30.089154 -6.90414122
30.189786 -5.21716533
30.290419 -4.22959135
30.391051 -3.94974260
30.491684 -4.37961890
30.592317 -5.52180265
30.692949 -7.30992527
30.793582 -9.41558870
30.894215 -11.05713635
30.994847 -11.30485392
31.095480 -9.93479009
31.196112 -7.68078381
31.296745 -5.46706628
31.397378 -3.79682534
31.498010 -2.81283239
31.598643 -2.52751355
31.699275 -2.93653080
31.799908 -4.04480815
31.900541 -5.82558124
32.001173 -8.07758847
32.101806 -10.19262687
32.202439 -11.21314271
32.303071 -10.57309958
32.403704 -8.71606695
32.504336 -6.60669852
32.604969 -4.92675191
32.705602 -3.92571720
32.806234 -3.64465551
32.906867 -4.07914688
33.007500 -5.22952156
33.108132 -7.07866146
33.208765 -9.49018574
33.309397 -11.98512257
33.410030 -13.62989258
33.510663 -13.56953495
33.611295 -11.86761090
33.711928 -9.41972313
33.812560 -7.09585542
33.913193 -5.31977525
34.013826 -4.21207591
34.114458 -3.79461653
34.215091 -4.07709754
34.315724 -5.06677540
34.416356 -6.72480065
34.516989 -8.80395788
34.617621 -10.61937758
34.718254 -11.21258362
34.818887 -10.15683430
34.919519 -8.02762432
35.020152 -5.78682326
35.120785 -4.04757322
35.221417 -3.01057255
35.322050 -2.70257777
35.422682 -3.11894650
35.523315 -4.25132302
35.623948 -6.04582628
35.724580 -8.24042033
35.825213 -10.13749969
35.925846 -10.76887533
36.026478 -9.70108124
36.127111 -7.50221980
36.227743 -5.11952558
36.328376 -3.14217451
36.429009 -1.73972410
36.529641 -0.90061794
36.630274 -0.56803186
36.730906 -0.62395658
36.831539 -0.75760122
36.932172 -0.53902059
37.032804 0.06401349
37.133437 0.72467081
37.234070 1.26078812
37.334702 1.66505612
37.435335 1.96855481
37.535967 2.19614570
37.636600 2.36607316
37.737233 2.49175798
37.837865 2.58100225
37.938498 2.63943155
38.039131 2.67233634
38.139763 2.68383783
38.240396 2.68553391
38.341028 2.68627110
38.441661 2.68676990
38.542294 2.68717380
38.642926 2.68753096
38.743559 2.68786218
38.844192 2.68817781
38.944824 2.68848354
39.045457 2.68878275
39.146089 2.68907753
39.246722 2.68936926
39.347355 2.68965886
39.447987 2.68994699
39.548620 2.69023414
39.649252 2.69052073
39.749885 2.69080727
39.850518 2.69109450
39.951150 2.69138378
40.051783 2.69167798
40.152416 2.69198401
40.253048 2.69232219
40.353681 2.69277334
40.454313 2.69382939
40.554946 2.69619474
40.655579 2.69957627
40.756211 2.70330814
40.856844 2.70634318
40.957477 2.70709158
41.058109 2.70316415
41.158742 2.69097430
41.259374 2.66523986
41.360007 2.61802166
41.460640 2.53805509
41.561272 2.41122732
41.661905 2.22663788
41.762538 1.99820822
41.863170 1.78968681
41.963803 1.69556866
42.064435 1.76122327
42.165068 1.93356587
42.265701 2.11594431
42.366333 2.24423928
42.466966 2.29993014
42.567598 2.28577580
42.668231 2.20754538
42.768864 2.06954206
42.869496 1.87739981
42.970129 1.65035468
43.070762 1.44041639
43.171394 1.32168031
43.272027 1.32401027
43.372659 1.38589930
43.473292 1.40095781
43.573925 1.28894698
43.674557 1.02760447
43.775190 0.68485318
43.875823 0.43394895
43.976455 0.45158513
44.077088 0.75195253
44.177720 1.17901804
44.278353 1.56516569
44.378986 1.83365800
44.479618 1.97912546
44.580251 2.01863497
44.680884 1.96604911
44.781516 1.82704882
44.882149 1.60033724
44.982781 1.28230185
45.083414 0.88393721
45.184047 0.46788397
45.284679 0.16684998
45.385312 0.10176767
45.485944 0.26583353
45.586577 0.56397317
45.687210 0.90201060
45.787842 1.19205161
45.888475 1.41442363
45.989108 1.63025897
46.089740 1.86379162
46.190373 2.07447894
46.291005 2.23798576
46.391638 2.35898820
46.492271 2.44826987
46.592903 2.51447502
46.693536 2.56376697
46.794169 2.60025546
46.894801 2.62664374
46.995434 2.64472989
47.096066 2.65533076
47.196699 2.65949146
47.297332 2.66044695
47.397964 2.66095267
47.498597 2.66133530
47.599230 2.66167143
47.699862 2.66198566
47.800495 2.66228827
47.901127 2.66258425
48.001760 2.66287630
48.102393 2.66316590
48.203025 2.66345397
48.303658 2.66374104
48.404290 2.66402746
48.504923 2.66431345
48.605556 2.66459914
48.706188 2.66488464
48.806821 2.66517000
48.907454 2.66545527
49.008086 2.66574038
49.108719 2.66602438
49.209351 2.66630720
49.309984 2.66658884
49.410617 2.66686930
49.511249 2.66714860
49.611882 2.66742674
49.712515 2.66770372
49.813147 2.66797953
49.913780 2.66825419
50.014412 2.66852769
50.115045 2.66880004
50.215678 2.66907122
50.316310 2.66934126
50.416943 2.66961013
50.517576 2.66987785
50.618208 2.67014441
50.718841 2.67040982
50.819473 2.67067407
50.920106 2.67093717
51.020739 2.67119911
51.121371 2.67145990
51.222004 2.67171953
51.322636 2.67197800
51.423269 2.67223532
51.523902 2.67249149
51.624534 2.67274649
51.725167 2.67300035
51.825800 2.67325305
51.926432 2.67350459
52.027065 2.67375498
52.127697 2.67400421
52.228330 2.67425229
52.328963 2.67449921
52.429595 2.67474498
52.530228 2.67498959
52.630861 2.67523304
52.731493 2.67547535
52.832126 2.67571649
52.932758 2.67595648
53.033391 2.67619532
53.134024 2.67643300
53.234656 2.67666952
53.335289 2.67690489
53.435921 2.67713910
53.536554 2.67737216
53.637187 2.67760407
53.737819 2.67783482
53.838452 2.67806441
53.939085 2.67829285
54.039717 2.67852013
54.140350 2.67874626
54.240982 2.67897123
54.341615 2.67919505
54.442248 2.67941771
54.542880 2.67963922
54.643513 2.67985957
54.744146 2.68007876
54.844778 2.68029681
54.945411 2.68051369
55.046043 2.68072942
55.146676 2.68094400
55.247309 2.68115742
55.347941 2.68136969
55.448574 2.68158080
55.549207 2.68179075
55.649839 2.68199955
55.750472 2.68220720
55.851104 2.68241369
55.951737 2.68261902
56.052370 2.68282320
56.153002 2.68302623
56.253635 2.68322810
56.354267 2.68342881
56.454900 2.68362837
56.555533 2.68382678
56.656165 2.68402403
56.756798 2.68422012
56.857431 2.68441506
56.958063 2.68460885
57.058696 2.68480148
57.159328 2.68499295
57.259961 2.68518327
57.360594 2.68537244
57.461226 2.68556045
57.561859 2.68574730
57.662492 2.68593300
57.763124 2.68611755
57.863757 2.68630094
57.964389 2.68648317
58.065022 2.68666425
58.165655 2.68684418
58.266287 2.68702295
58.366920 2.68720056
58.467553 2.68737702
58.568185 2.68755233
58.668818 2.68772648
58.769450 2.68789948
58.870083 2.68807132
58.970716 2.68824201
59.071348 2.68841154
59.171981 2.68857992
59.272613 2.68874714
59.373246 2.68891320
59.473879 2.68907812
59.574511 2.68924187
59.675144 2.68940448
59.775777 2.68956593
59.876409 2.68972622
59.977042 2.68988536
60.077674 2.69004334
60.178307 2.69020017
60.278940 2.69035585
60.379572 2.69051037
60.480205 2.69066373
60.580838 2.69081594
60.681470 2.69096700
60.782103 2.69111690
60.882735 2.69126564
60.983368 2.69141324
61.084001 2.69155967
61.184633 2.69170496
61.285266 2.69184908
61.385899 2.69199206
61.486531 2.69213387
61.587164 2.69227454
61.687796 2.69241405
61.788429 2.69255240
61.889062 2.69268960
61.989694 2.69282565
62.090327 2.69296054
62.190959 2.69309427
62.291592 2.69322685
62.392225 2.69335828
62.492857 2.69348855
62.593490 2.69361767
62.694123 2.69374563
62.794755 2.69387244
62.895388 2.69399810
62.996020 2.69412260
63.096653 2.69424594
63.197286 2.69436813
63.297918 2.69448917
63.398551 2.69460905
63.499184 2.69472778
63.599816 2.69484535
63.700449 2.69496177
63.801081 2.69507703
63.901714 2.69519114
64.002347 2.69530409
64.102979 2.69541589
64.203612 2.69552654
64.304245 2.69563603
64.404877 2.69574437
64.505510 2.69585155
64.606142 2.69595758
64.706775 2.69606245
64.807408 2.69616617
64.908040 2.69626873
65.008673 2.69637014
65.109305 2.69647040
65.209938 2.69656950
65.310571 2.69666744
65.411203 2.69676424
65.511836 2.69685987
65.612469 2.69695436
65.713101 2.69704769
65.813734 2.69713986
65.914366 2.69723088
66.014999 2.69732075
66.115632 2.69740946
66.216264 2.69749701
66.316897 2.69758342
66.417530 2.69766866
66.518162 2.69775276
66.618795 2.69783570
66.719427 2.69791748
66.820060 2.69799811
66.920693 2.69807759
67.021325 2.69815591
67.121958 2.69823308
67.222591 2.69830909
67.323223 2.69838395
67.423856 2.69845765
67.524488 2.69853020
67.625121 2.69860160
67.725754 2.69867184
67.826386 2.69874093
67.927019 2.69880886
68.027651 2.69887564
68.128284 2.69894126
68.228917 2.69900573
68.329549 2.69906905
68.430182 2.69913121
68.530815 2.69919222
68.631447 2.69925207
68.732080 2.69931077
68.832712 2.69936831
68.933345 2.69942470
69.033978 2.69947994
69.134610 2.69953402
69.235243 2.69958694
69.335876 2.69963872
69.436508 2.69968933
69.537141 2.69973880
69.637773 2.69978711
69.738406 2.69983426
69.839039 2.69988026
69.939671 2.69992521
70.040304 2.69997005
70.140937 2.70001490
70.241569 2.70005975
70.342202 2.70010459
70.442834 2.70014944
70.543467 2.70019429
70.644100 2.70023915
70.744732 2.70028398
