0.100633 1.89690855
0.201265 1.89690673
0.301898 1.89690866
0.402530 1.89690885
0.503163 1.89690882
0.603796 1.89690879
0.704428 1.89690876
0.805061 1.89690873
0.905694 1.89690870
1.006326 1.89690868
1.106959 1.89690866
1.207591 1.89690865
1.308224 1.89690863
1.408857 1.89690862
1.509489 1.89690862
1.610122 1.89690862
1.710755 1.89690863
1.811387 1.89690863
1.912020 1.89690865
2.012652 1.89690867
2.113285 1.89690870
2.213918 1.89690873
2.314550 1.89690877
2.415183 1.89690882
2.515816 1.89690887
2.616448 1.89690893
2.717081 1.89690900
2.817713 1.89690908
2.918346 1.89690916
3.018979 1.89690926
3.119611 1.89690936
3.220244 1.89690947
3.320876 1.89690959
3.421509 1.89690972
3.522142 1.89690987
3.622774 1.89691002
3.723407 1.89691018
3.824040 1.89691035
3.924672 1.89691054
4.025305 1.89691074
4.125937 1.89691095
4.226570 1.89691117
4.327203 1.89691140
4.427835 1.89691165
4.528468 1.89691191
4.629101 1.89691218
4.729733 1.89691247
4.830366 1.89691277
4.930998 1.89691309
5.031631 1.89691342
5.132264 1.89691377
5.232896 1.89691413
5.333529 1.89691451
5.434162 1.89691490
5.534794 1.89691531
5.635427 1.89691573
5.736059 1.89691618
5.836692 1.89691663
5.937325 1.89691711
6.037957 1.89691761
6.138590 1.89691812
6.239222 1.89691865
6.339855 1.89691920
6.440488 1.89691977
6.541120 1.89692036
6.641753 1.89692097
6.742386 1.89692159
6.843018 1.89692224
6.943651 1.89692291
7.044283 1.89692360
7.144916 1.89692431
7.245549 1.89692504
7.346181 1.89692579
7.446814 1.89692656
7.547447 1.89692736
7.648079 1.89692818
7.748712 1.89692902
7.849344 1.89692988
7.949977 1.89693077
8.050610 1.89693168
8.151242 1.89693261
8.251875 1.89693357
8.352508 1.89693455
8.453140 1.89693556
8.553773 1.89693659
8.654405 1.89693764
8.755038 1.89693872
8.855671 1.89693983
8.956303 1.89694096
9.056936 1.89694211
9.157568 1.89694329
9.258201 1.89694450
9.358834 1.89694573
9.459466 1.89694699
9.560099 1.89694828
9.660732 1.89694959
9.761364 1.89695093
9.861997 1.89695230
9.962629 1.89695369
10.063262 1.89695512
10.163895 1.89695656
10.264527 1.89695804
10.365160 1.89695954
10.465793 1.89696108
10.566425 1.89696264
10.667058 1.89696422
10.767690 1.89696584
10.868323 1.89696748
10.968956 1.89696915
11.069588 1.89697085
11.170221 1.89697258
11.270853 1.89697434
11.371486 1.89697612
11.472119 1.89697794
11.572751 1.89697978
11.673384 1.89698165
11.774017 1.89698354
11.874649 1.89698547
11.975282 1.89698742
12.075914 1.89698941
12.176547 1.89699141
12.277180 1.89699346
12.377812 1.89699552
12.478445 1.89699762
12.579078 1.89699973
12.679710 1.89700189
12.780343 1.89700406
12.880975 1.89700627
12.981608 1.89700849
13.082241 1.89701075
13.182873 1.89701303
13.283506 1.89701535
13.384139 1.89701768
13.484771 1.89702005
13.585404 1.89702243
13.686036 1.89702485
13.786669 1.89702728
13.887302 1.89702975
13.987934 1.89703224
14.088567 1.89703476
14.189199 1.89703729
14.289832 1.89703985
14.390465 1.89704243
14.491097 1.89704504
14.591730 1.89704767
14.692363 1.89705032
14.792995 1.89705299
14.893628 1.89705569
14.994260 1.89705840
15.094893 1.89706114
15.195526 1.89706389
15.296158 1.89706667
15.396791 1.89706945
15.497424 1.89707227
15.598056 1.89707509
15.698689 1.89707795
15.799321 1.89708080
15.899954 1.89708369
16.000587 1.89708657
16.101219 1.89708949
16.201852 1.89709240
16.302485 1.89709535
16.403117 1.89709828
16.503750 1.89710125
16.604382 1.89710420
16.705015 1.89710719
16.805648 1.89711016
16.906280 1.89711317
17.006913 1.89711615
17.107545 1.89711917
17.208178 1.89712216
17.308811 1.89712518
17.409443 1.89712817
17.510076 1.89713118
17.610709 1.89713416
17.711341 1.89713716
17.811974 1.89714012
17.912606 1.89714309
18.013239 1.89714601
18.113872 1.89714894
18.214504 1.89715180
18.315137 1.89715466
18.415770 1.89715744
18.516402 1.89716020
18.617035 1.89716286
18.717667 1.89716547
18.818300 1.89716796
18.918933 1.89717037
19.019565 1.89717260
19.120198 1.89717472
19.220831 1.89717660
19.321463 1.89717830
19.422096 1.89717968
19.522728 1.89718079
19.623361 1.89718147
19.723994 1.89718173
19.824626 1.89718139
19.925259 1.89718044
20.025891 1.89717864
20.126524 1.89717595
20.227157 1.89717205
20.327789 1.89716682
20.428422 1.89715987
20.529055 1.89715096
20.629687 1.89713954
20.730320 1.89712521
20.830952 1.89710721
20.931585 1.89708486
21.032218 1.89705708
21.132850 1.89702275
21.233483 1.89698026
21.334116 1.89692786
21.434748 1.89686307
21.535381 1.89678305
21.636013 1.89668395
21.736646 1.89656117
21.837279 1.89640854
21.937911 1.89621848
22.038544 1.89598094
22.139177 1.89568317
22.239809 1.89530834
22.340442 1.89483469
22.441074 1.89423335
22.541707 1.89346634
22.642340 1.89248290
22.742972 1.89121534
22.843605 1.88957239
22.944237 1.88743074
23.044870 1.88462273
23.145503 1.88091921
23.246135 1.87600603
23.346768 1.86944962
23.447401 1.86065094
23.548033 1.84877643
23.648666 1.83266642
23.749298 1.81069640
23.849931 1.78059284
23.950564 1.73915600
24.051196 1.68188814
24.151829 1.60245222
24.252462 1.49192979
24.353094 1.33783683
24.453727 1.12264400
24.554359 0.82223906
24.654992 0.40414838
24.755625 -0.16289549
24.856257 -0.83942174
24.956890 -1.37835012
25.057523 -1.49936498
25.158155 -1.39150405
25.258788 -1.49490947
25.359420 -2.05169132
25.460053 -3.15238457
25.560686 -4.85114488
25.661318 -7.14021356
25.761951 -9.78269682
25.862583 -12.09054751
25.963216 -13.10367345
26.063849 -12.40625001
26.164481 -10.56784403
26.265114 -8.50240623
26.365747 -6.77561331
26.466379 -5.58925076
26.567012 -5.00969951
26.667644 -5.08543296
26.768277 -5.86330893
26.868910 -7.33491502
26.969542 -9.28291471
27.070175 -11.05750999
27.170808 -11.69067426
27.271440 -10.67868566
27.372073 -8.52904129
27.472705 -6.19552382
27.573338 -4.30945738
27.673971 -3.08495979
27.774603 -2.54892635
27.875236 -2.69270844
27.975869 -3.51962537
28.076501 -5.02987366
28.177134 -7.13618494
28.277766 -9.45349268
28.378399 -11.13893881
28.479032 -11.32371614
28.579664 -9.96540054
28.680297 -7.89802081
28.780929 -6.00384000
28.881562 -4.71967211
28.982195 -4.15523795
29.082827 -4.31484201
29.183460 -5.19194350
29.284093 -6.77302504
29.384725 -8.98483014
29.485358 -11.52764334
29.585990 -13.65612377
29.686623 -14.37248317
29.787256 -13.25582841
29.887888 -10.92002227
29.988521 -8.36938104
30.089154 -6.25247266
30.189786 -4.79656357
30.290419 -4.04439920
30.391051 -3.99978795
30.491684 -4.66689856
30.592317 -6.03834437
30.692949 -7.99028009
30.793582 -10.05328792
30.894215 -11.32347955
30.994847 -11.01109714
31.095480 -9.24218863
31.196112 -6.91695514
31.296745 -4.85132997
31.397378 -3.40182127
31.498010 -2.64608797
31.598643 -2.58473568
31.699275 -3.21596469
31.799908 -4.54382879
31.900541 -6.51404506
32.001173 -8.83062807
32.101806 -10.75035306
32.202439 -11.33305845
32.303071 -10.28434080
32.403704 -8.29102635
32.504336 -6.29717174
32.604969 -4.84502184
32.705602 -4.09842668
32.806234 -4.07487178
32.906867 -4.76739953
33.007500 -6.17248804
33.108132 -8.24998682
33.208765 -10.78948670
33.309397 -13.17983112
33.410030 -14.42180944
33.510663 -13.83343526
33.611295 -11.76020281
33.711928 -9.18950648
33.812560 -6.89865076
33.913193 -5.21558951
34.013826 -4.22046363
34.114458 -3.92348455
34.215091 -4.33166046
34.315724 -5.44724129
34.416356 -7.20315810
34.516989 -9.27160371
34.617621 -10.86661866
34.718254 -11.06384379
34.818887 -9.65732863
34.919519 -7.39028935
35.020152 -5.18822299
35.120785 -3.55771203
35.221417 -2.64196202
35.322050 -2.45553701
35.422682 -2.99871542
35.523315 -4.26606062
35.623948 -6.18088300
35.724580 -8.40061145
35.825213 -10.12238543
35.925846 -10.41654033
36.026478 -9.08305808
36.127111 -6.85811383
36.227743 -4.63718673
36.328376 -2.88749411
36.429009 -1.71239994
36.529641 -1.08197000
36.630274 -0.93227207
36.730906 -1.11393454
36.831539 -1.25986988
36.932172 -0.99037947
37.032804 -0.40450102
37.133437 0.17258127
37.234070 0.61475606
37.334702 0.93394743
37.435335 1.16298404
37.535967 1.32776466
37.636600 1.44639255
37.737233 1.53071357
37.837865 1.58770664
37.938498 1.62228848
38.039131 1.63859946
38.139763 1.64029881
38.240396 1.63817829
38.341028 1.63565060
38.441661 1.63307207
38.542294 1.63048962
38.642926 1.62790970
38.743559 1.62533199
38.844192 1.62275522
38.944824 1.62017845
39.045457 1.61760109
39.146089 1.61502283
39.246722 1.61244353
39.347355 1.60986307
39.447987 1.60728138
39.548620 1.60469834
39.649252 1.60211381
39.749885 1.59952768
39.850518 1.59694010
39.951150 1.59435198
40.051783 1.59176684
40.152416 1.58919765
40.253048 1.58670107
40.353681 1.58458877
40.454313 1.58365705
40.554946 1.58372759
40.655579 1.58420494
40.756211 1.58413999
40.856844 1.58207415
40.957477 1.57580898
41.058109 1.56204891
41.158742 1.53583300
41.259374 1.48995380
41.360007 1.41375083
41.460640 1.29313603
41.561272 1.11617960
41.661905 0.88972253
41.762538 0.66660400
41.863170 0.54119751
41.963803 0.57509618
42.064435 0.73160306
42.165068 0.91508198
42.265701 1.05277604
42.366333 1.11900214
42.466966 1.11393145
42.567598 1.04369005
42.668231 0.91278977
42.768864 0.72601253
42.869496 0.49911643
42.970129 0.27736155
43.070762 0.13456926
43.171394 0.11441664
43.272027 0.17101338
43.372659 0.20020108
43.473292 0.11313769
43.573925 -0.12471712
43.674557 -0.46612324
43.775190 -0.75707904
43.875823 -0.80667659
43.976455 -0.55809582
44.077088 -0.14423413
44.177720 0.25530598
44.278353 0.54482357
44.378986 0.70958537
44.479618 0.76425137
44.580251 0.72413663
44.680884 0.59674175
44.781516 0.38182052
44.882149 0.07557181
44.982781 -0.31549917
45.083414 -0.73978899
45.184047 -1.07354478
45.284679 -1.18456053
45.385312 -1.05670677
45.485944 -0.78017273
45.586577 -0.44972405
45.687210 -0.15292215
45.787842 0.07548558
45.888475 0.28850297
45.989108 0.52021723
46.089740 0.73383049
46.190373 0.90057701
46.291005 1.02298032
46.391638 1.11196122
46.492271 1.17676202
46.592903 1.22388190
46.693536 1.25780450
46.794169 1.28146927
46.894801 1.29681691
46.995434 1.30493293
47.096066 1.30662257
47.196699 1.30473786
47.297332 1.30233887
47.397964 1.29981762
47.498597 1.29725905
47.599230 1.29468642
47.699862 1.29210792
47.800495 1.28952687
47.901127 1.28694475
48.001760 1.28436221
48.102393 1.28177955
48.203025 1.27919690
48.303658 1.27661432
48.404290 1.27403183
48.504923 1.27144942
48.605556 1.26886708
48.706188 1.26628480
48.806821 1.26370258
48.907454 1.26112151
49.008086 1.25855220
49.108719 1.25599574
49.209351 1.25345214
49.309984 1.25092139
49.410617 1.24840348
49.511249 1.24589841
49.611882 1.24340618
49.712515 1.24092678
49.813147 1.23846021
49.913780 1.23600647
50.014412 1.23356557
50.115045 1.23113749
50.215678 1.22872224
50.316310 1.22631982
50.416943 1.22393023
50.517576 1.22155347
50.618208 1.21918953
50.718841 1.21683842
50.819473 1.21450014
50.920106 1.21217468
51.020739 1.20986205
51.121371 1.20756225
51.222004 1.20527527
51.322636 1.20300112
51.423269 1.20073980
51.523902 1.19849130
51.624534 1.19625563
51.725167 1.19403279
51.825800 1.19182277
51.926432 1.18962558
52.027065 1.18744121
52.127697 1.18526968
52.228330 1.18311096
52.328963 1.18096508
52.429595 1.17883202
52.530228 1.17671179
52.630861 1.17460438
52.731493 1.17250980
52.832126 1.17042805
52.932758 1.16835912
53.033391 1.16630302
53.134024 1.16425975
53.234656 1.16222930
53.335289 1.16021168
53.435921 1.15820689
53.536554 1.15621492
53.637187 1.15423579
53.737819 1.15226947
53.838452 1.15031599
53.939085 1.14837533
54.039717 1.14644750
54.140350 1.14453249
54.240982 1.14263031
54.341615 1.14074096
54.442248 1.13886444
54.542880 1.13700074
54.643513 1.13514987
54.744146 1.13331183
54.844778 1.13148661
54.945411 1.12967422
55.046043 1.12787466
55.146676 1.12608793
55.247309 1.12431402
55.347941 1.12255294
55.448574 1.12080469
55.549207 1.11906926
55.649839 1.11734666
55.750472 1.11563689
55.851104 1.11393995
55.951737 1.11225583
56.052370 1.11058454
56.153002 1.10892608
56.253635 1.10728044
56.354267 1.10564764
56.454900 1.10402766
56.555533 1.10242050
56.656165 1.10082618
56.756798 1.09924468
56.857431 1.09767601
56.958063 1.09612016
57.058696 1.09457715
57.159328 1.09304696
57.259961 1.09152960
57.360594 1.09002507
57.461226 1.08853336
57.561859 1.08705448
57.662492 1.08558843
57.763124 1.08413521
57.863757 1.08269481
57.964389 1.08126724
58.065022 1.07985250
58.165655 1.07845059
58.266287 1.07706150
58.366920 1.07568525
58.467553 1.07432181
58.568185 1.07297121
58.668818 1.07163344
58.769450 1.07030849
58.870083 1.06899637
58.970716 1.06769708
59.071348 1.06641061
59.171981 1.06513698
59.272613 1.06387617
59.373246 1.06262819
59.473879 1.06139303
59.574511 1.06017071
59.675144 1.05896121
59.775777 1.05776454
59.876409 1.05658069
59.977042 1.05540968
60.077674 1.05425149
60.178307 1.05310613
60.278940 1.05197360
60.379572 1.05085389
60.480205 1.04974702
60.580838 1.04865297
60.681470 1.04757175
60.782103 1.04650335
60.882735 1.04544779
60.983368 1.04440505
61.084001 1.04337514
61.184633 1.04235806
61.285266 1.04135380
61.385899 1.04036238
61.486531 1.03938378
61.587164 1.03841801
61.687796 1.03746506
61.788429 1.03652495
61.889062 1.03559766
61.989694 1.03468320
62.090327 1.03378157
62.190959 1.03289276
62.291592 1.03201679
62.392225 1.03115364
62.492857 1.03030332
62.593490 1.02946582
62.694123 1.02864116
62.794755 1.02782932
62.895388 1.02703031
62.996020 1.02624413
63.096653 1.02547078
63.197286 1.02471025
63.297918 1.02396255
63.398551 1.02322768
63.499184 1.02250564
63.599816 1.02179642
63.700449 1.02110003
63.801081 1.02041648
63.901714 1.01974574
64.002347 1.01908784
64.102979 1.01844276
64.203612 1.01781052
64.304245 1.01719109
64.404877 1.01658450
64.505510 1.01599074
64.606142 1.01540980
64.706775 1.01484169
64.807408 1.01428641
64.908040 1.01374396
65.008673 1.01321433
65.109305 1.01269753
65.209938 1.01219356
65.310571 1.01170242
65.411203 1.01122410
65.511836 1.01075862
65.612469 1.01030596
65.713101 1.00986612
65.813734 1.00943912
65.914366 1.00902494
66.014999 1.00862360
66.115632 1.00823508
66.216264 1.00785938
66.316897 1.00749652
66.417530 1.00714648
66.518162 1.00680927
66.618795 1.00648489
66.719427 1.00617333
66.820060 1.00587461
66.920693 1.00558871
67.021325 1.00531564
67.121958 1.00505539
67.222591 1.00480798
67.323223 1.00457339
67.423856 1.00435163
67.524488 1.00414270
67.625121 1.00394659
67.725754 1.00376331
67.826386 1.00359287
67.927019 1.00343524
68.027651 1.00329045
68.128284 1.00315848
68.228917 1.00303934
68.329549 1.00293303
68.430182 1.00283955
68.530815 1.00275889
68.631447 1.00269106
68.732080 1.00263606
68.832712 1.00259389
68.933345 1.00256454
69.033978 1.00254803
69.134610 1.00254433
69.235243 1.00255347
69.335876 1.00257544
69.436508 1.00261023
69.537141 1.00265785
69.637773 1.00271830
69.738406 1.00279158
69.839039 1.00287769
69.939671 1.00297552
70.040304 1.00307445
70.140937 1.00317339
70.241569 1.00327233
70.342202 1.00337126
70.442834 1.00347019
70.543467 1.00356913
70.644100 1.00366816
70.744732 1.00376700
