0.100633 1.92512270
0.201265 1.92512451
0.301898 1.92512263
0.402530 1.92512244
0.503163 1.92512247
0.603796 1.92512251
0.704428 1.92512254
0.805061 1.92512256
0.905694 1.92512259
1.006326 1.92512261
1.106959 1.92512263
1.207591 1.92512265
1.308224 1.92512266
1.408857 1.92512267
1.509489 1.92512267
1.610122 1.92512267
1.710755 1.92512266
1.811387 1.92512265
1.912020 1.92512263
2.012652 1.92512261
2.113285 1.92512258
2.213918 1.92512254
2.314550 1.92512250
2.415183 1.92512245
2.515816 1.92512239
2.616448 1.92512232
2.717081 1.92512225
2.817713 1.92512217
2.918346 1.92512208
3.018979 1.92512198
3.119611 1.92512187
3.220244 1.92512175
3.320876 1.92512162
3.421509 1.92512148
3.522142 1.92512134
3.622774 1.92512118
3.723407 1.92512101
3.824040 1.92512083
3.924672 1.92512064
4.025305 1.92512043
4.125937 1.92512022
4.226570 1.92511999
4.327203 1.92511975
4.427835 1.92511950
4.528468 1.92511924
4.629101 1.92511896
4.729733 1.92511867
4.830366 1.92511837
4.930998 1.92511805
5.031631 1.92511772
5.132264 1.92511738
5.232896 1.92511701
5.333529 1.92511664
5.434162 1.92511625
5.534794 1.92511586
5.635427 1.92511544
5.736059 1.92511501
5.836692 1.92511456
5.937325 1.92511410
6.037957 1.92511362
6.138590 1.92511313
6.239222 1.92511262
6.339855 1.92511210
6.440488 1.92511155
6.541120 1.92511100
6.641753 1.92511042
6.742386 1.92510984
6.843018 1.92510923
6.943651 1.92510861
7.044283 1.92510797
7.144916 1.92510732
7.245549 1.92510665
7.346181 1.92510597
7.446814 1.92510526
7.547447 1.92510454
7.648079 1.92510380
7.748712 1.92510305
7.849344 1.92510228
7.949977 1.92510150
8.050610 1.92510069
8.151242 1.92509987
8.251875 1.92509903
8.352508 1.92509818
8.453140 1.92509731
8.553773 1.92509642
8.654405 1.92509552
8.755038 1.92509460
8.855671 1.92509366
8.956303 1.92509271
9.056936 1.92509174
9.157568 1.92509076
9.258201 1.92508975
9.358834 1.92508874
9.459466 1.92508770
9.560099 1.92508666
9.660732 1.92508559
9.761364 1.92508452
9.861997 1.92508342
9.962629 1.92508232
10.063262 1.92508119
10.163895 1.92508006
10.264527 1.92507891
10.365160 1.92507775
10.465793 1.92507656
10.566425 1.92507538
10.667058 1.92507417
10.767690 1.92507296
10.868323 1.92507172
10.968956 1.92507048
11.069588 1.92506922
11.170221 1.92506796
11.270853 1.92506668
11.371486 1.92506540
11.472119 1.92506409
11.572751 1.92506279
11.673384 1.92506146
11.774017 1.92506014
11.874649 1.92505880
11.975282 1.92505746
12.075914 1.92505610
12.176547 1.92505474
12.277180 1.92505337
12.377812 1.92505200
12.478445 1.92505061
12.579078 1.92504923
12.679710 1.92504783
12.780343 1.92504644
12.880975 1.92504503
12.981608 1.92504363
13.082241 1.92504221
13.182873 1.92504081
13.283506 1.92503939
13.384139 1.92503798
13.484771 1.92503656
13.585404 1.92503515
13.686036 1.92503373
13.786669 1.92503233
13.887302 1.92503091
13.987934 1.92502951
14.088567 1.92502810
14.189199 1.92502670
14.289832 1.92502530
14.390465 1.92502392
14.491097 1.92502252
14.591730 1.92502115
14.692363 1.92501977
14.792995 1.92501842
14.893628 1.92501706
14.994260 1.92501572
15.094893 1.92501438
15.195526 1.92501307
15.296158 1.92501175
15.396791 1.92501046
15.497424 1.92500917
15.598056 1.92500792
15.698689 1.92500666
15.799321 1.92500543
15.899954 1.92500420
16.000587 1.92500301
16.101219 1.92500182
16.201852 1.92500066
16.302485 1.92499951
16.403117 1.92499840
16.503750 1.92499729
16.604382 1.92499622
16.705015 1.92499516
16.805648 1.92499413
16.906280 1.92499312
17.006913 1.92499214
17.107545 1.92499117
17.208178 1.92499025
17.308811 1.92498933
17.409443 1.92498845
17.510076 1.92498758
17.610709 1.92498675
17.711341 1.92498592
17.811974 1.92498513
17.912606 1.92498435
18.013239 1.92498360
18.113872 1.92498284
18.214504 1.92498212
18.315137 1.92498138
18.415770 1.92498065
18.516402 1.92497991
18.617035 1.92497916
18.717667 1.92497837
18.818300 1.92497757
18.918933 1.92497668
19.019565 1.92497575
19.120198 1.92497470
19.220831 1.92497354
19.321463 1.92497221
19.422096 1.92497071
19.522728 1.92496894
19.623361 1.92496690
19.723994 1.92496446
19.824626 1.92496158
19.925259 1.92495813
20.025891 1.92495401
20.126524 1.92494904
20.227157 1.92494306
20.327789 1.92493583
20.428422 1.92492709
20.529055 1.92491649
20.629687 1.92490364
20.730320 1.92488801
20.830952 1.92486902
20.931585 1.92484587
21.032218 1.92481765
21.132850 1.92478315
21.233483 1.92474096
21.334116 1.92468922
21.434748 1.92462569
21.535381 1.92454745
21.636013 1.92445093
21.736646 1.92433147
21.837279 1.92418324
21.937911 1.92399869
22.038544 1.92376814
22.139177 1.92347901
22.239809 1.92311499
22.340442 1.92265464
22.441074 1.92206983
22.541707 1.92132322
22.642340 1.92036523
22.742972 1.91912933
22.843605 1.91752622
22.944237 1.91543479
23.044870 1.91269076
23.145503 1.90906920
23.246135 1.90426209
23.346768 1.89784397
23.447401 1.88922734
23.548033 1.87759436
23.648666 1.86180762
23.749298 1.84027347
23.849931 1.81076188
23.950564 1.77013394
24.051196 1.71397746
24.151829 1.63607448
24.252462 1.52767276
24.353094 1.37651427
24.453727 1.16538328
24.554359 0.87057596
24.654992 0.45997628
24.755625 -0.09890827
24.856257 -0.77546073
24.956890 -1.33730078
25.057523 -1.49080166
25.158155 -1.39069417
25.258788 -1.48013611
25.359420 -2.01643066
25.460053 -3.09535788
25.560686 -4.77231702
25.661318 -7.04308269
25.761951 -9.68166634
25.862583 -12.01506378
25.963216 -13.08107719
26.063849 -12.43457238
26.164481 -10.61987103
26.265114 -8.55350417
26.365747 -6.81487953
26.466379 -5.61317999
26.567012 -5.01615474
26.667644 -5.07227889
26.768277 -5.82913367
26.868910 -7.28168301
26.969542 -9.22252281
27.070175 -11.01655494
27.170808 -11.69623898
27.271440 -10.73105817
27.372073 -8.60154670
27.472705 -6.26165704
27.573338 -4.35707058
27.673971 -3.11132642
27.774603 -2.55393766
27.875236 -2.67624024
27.975869 -3.48121014
28.076501 -4.96999186
28.177134 -7.06118747
28.277766 -9.38403878
28.378399 -11.10862045
28.479032 -11.35288083
28.579664 -10.03889179
28.680297 -7.98307923
28.780929 -6.07852924
28.881562 -4.77704537
28.982195 -4.19488943
29.082827 -4.33744318
29.183460 -5.19747255
29.284093 -6.76081640
29.384725 -8.95607851
29.485358 -11.49177492
29.585990 -13.63523968
29.686623 -14.38841193
29.787256 -13.30736568
29.887888 -10.98541928
29.988521 -8.42957649
30.089154 -6.30069270
30.189786 -4.83292972
30.290419 -4.07052548
30.391051 -4.01695560
30.491684 -4.67587356
30.592317 -6.03981956
30.692949 -7.98600476
30.793582 -10.04767251
30.894215 -11.32276772
30.994847 -11.01823110
31.095480 -9.25407618
31.196112 -6.92904512
31.296745 -4.86229738
31.397378 -3.41352129
31.498010 -2.66187355
31.598643 -2.60868703
31.699275 -3.25232349
31.799908 -4.59498254
31.900541 -6.57422732
32.001173 -8.87269735
32.101806 -10.72216270
32.202439 -11.19185816
32.303071 -10.03932327
32.403704 -7.98773207
32.504336 -5.97068358
32.604969 -4.50578210
32.705602 -3.74409872
32.806234 -3.70074813
32.906867 -4.37070056
33.007500 -5.75445888
33.108132 -7.81418943
33.208765 -10.32903866
33.309397 -12.66140420
33.410030 -13.80792205
33.510663 -13.14444632
33.611295 -11.07995075
33.711928 -8.59568344
33.812560 -6.42214644
33.913193 -4.85678715
34.013826 -3.97308629
34.114458 -3.78414319
34.215091 -4.30047505
34.315724 -5.52190720
34.416356 -7.35921888
34.516989 -9.42796114
34.617621 -10.88679108
34.718254 -10.85788704
34.818887 -9.27925650
34.919519 -6.97382076
35.020152 -4.82782964
35.120785 -3.28577683
35.221417 -2.46204848
35.322050 -2.36498195
35.422682 -2.99522156
35.523315 -4.34483870
35.623948 -6.31454798
35.724580 -8.50307264
35.825213 -10.05150919
35.925846 -10.08022935
36.026478 -8.53699553
36.127111 -6.23725001
36.227743 -4.03521145
36.328376 -2.33540259
36.429009 -1.21254763
36.529641 -0.63016267
36.630274 -0.51957199
36.730906 -0.70591241
36.831539 -0.78866869
36.932172 -0.43858987
37.032804 0.17251639
37.133437 0.73681998
37.234070 1.15979161
37.334702 1.46081292
37.435335 1.67165182
37.535967 1.81592327
37.636600 1.90978885
37.737233 1.96278887
37.837865 1.98062446
37.938498 1.96876910
38.039131 1.93238153
38.139763 1.87838836
38.240396 1.82558909
38.341028 1.78622366
38.441661 1.76935937
38.542294 1.77978986
38.642926 1.81629017
38.743559 1.87243049
38.844192 1.93960691
38.944824 2.01019792
39.045457 2.07916224
39.146089 2.14394604
39.246722 2.20363376
39.347355 2.25808329
39.447987 2.30734067
39.548620 2.35151784
39.649252 2.39064344
39.749885 2.42473997
39.850518 2.45379945
39.951150 2.47779981
40.051783 2.49673690
40.152416 2.51071505
40.253048 2.52025556
40.353681 2.52685819
40.454313 2.53255529
40.554946 2.53834818
40.655579 2.54423314
40.756211 2.54951638
40.856844 2.55284969
40.957477 2.55209578
41.058109 2.54401371
41.158742 2.52372403
41.259374 2.48413444
41.360007 2.41474842
41.460640 2.30160702
41.561272 2.13244505
41.661905 1.91257747
41.762538 1.69233541
41.863170 1.56533168
41.963803 1.59663454
42.064435 1.75412697
42.165068 1.94305534
42.265701 2.08858815
42.366333 2.16325309
42.466966 2.16666243
42.567598 2.10497704
42.668231 1.98278262
42.768864 1.80453934
42.869496 1.58449841
42.970129 1.36510986
43.070762 1.21923407
43.171394 1.19514888
43.272027 1.25326044
43.372659 1.29069503
43.473292 1.21575087
43.573925 0.99021188
43.674557 0.65674521
43.775190 0.36528089
43.875823 0.30868062
43.976455 0.55217996
44.077088 0.96877285
44.177720 1.37733570
44.278353 1.67801554
44.378986 1.85377800
44.479618 1.91892128
44.580251 1.88912112
44.680884 1.77230631
44.781516 1.56855162
44.882149 1.27393189
44.982781 0.89330736
45.083414 0.47375546
45.184047 0.13457604
45.284679 0.01152311
45.385312 0.13047792
45.485944 0.40473173
45.586577 0.73905069
45.687210 1.04540636
45.787842 1.28332569
45.888475 1.50238812
45.989108 1.74056691
46.089740 1.96299085
46.190373 2.13902854
46.291005 2.27017417
46.391638 2.36729162
46.492271 2.43973879
46.592903 2.49408274
46.693536 2.53483929
46.794169 2.56493978
46.894801 2.58627556
46.995434 2.59993570
47.096066 2.60657270
47.196699 2.60907198
47.297332 2.61090639
47.397964 2.61256657
47.498597 2.61416328
47.599230 2.61572993
47.699862 2.61728029
47.800495 2.61882114
47.901127 2.62035617
48.001760 2.62188752
48.102393 2.62341650
48.203025 2.62494391
48.303658 2.62647027
48.404290 2.62799591
48.504923 2.62952106
48.605556 2.63104588
48.706188 2.63257046
48.806821 2.63409487
48.907454 2.63561856
49.008086 2.63713572
49.108719 2.63864579
49.209351 2.64014876
49.309984 2.64164466
49.410617 2.64313349
49.511249 2.64461527
49.611882 2.64608999
49.712515 2.64755766
49.813147 2.64901828
49.913780 2.65047186
50.014412 2.65191839
50.115045 2.65335787
50.215678 2.65479032
50.316310 2.65621572
50.416943 2.65763408
50.517576 2.65904539
50.618208 2.66044967
50.718841 2.66184690
50.819473 2.66323710
50.920106 2.66462025
51.020739 2.66599636
51.121371 2.66736544
51.222004 2.66872747
51.322636 2.67008246
51.423269 2.67143041
51.523902 2.67277132
51.624534 2.67410519
51.725167 2.67543202
51.825800 2.67675181
51.926432 2.67806456
52.027065 2.67937027
52.127697 2.68066894
52.228330 2.68196057
52.328963 2.68324516
52.429595 2.68452270
52.530228 2.68579321
52.630861 2.68705668
52.731493 2.68831311
52.832126 2.68956249
52.932758 2.69080484
53.033391 2.69204015
53.134024 2.69326841
53.234656 2.69448964
53.335289 2.69570383
53.435921 2.69691097
53.536554 2.69811108
53.637187 2.69930414
53.737819 2.70049017
53.838452 2.70166915
53.939085 2.70284110
54.039717 2.70400600
54.140350 2.70516387
54.240982 2.70631469
54.341615 2.70745848
54.442248 2.70859522
54.542880 2.70972492
54.643513 2.71084759
54.744146 2.71196321
54.844778 2.71307179
54.945411 2.71417333
55.046043 2.71526784
55.146676 2.71635530
55.247309 2.71743572
55.347941 2.71850910
55.448574 2.71957544
55.549207 2.72063474
55.649839 2.72168700
55.750472 2.72273222
55.851104 2.72377040
55.951737 2.72480154
56.052370 2.72582564
56.153002 2.72684270
56.253635 2.72785271
56.354267 2.72885569
56.454900 2.72985163
56.555533 2.73084052
56.656165 2.73182238
56.756798 2.73279720
56.857431 2.73376497
56.958063 2.73472571
57.058696 2.73567940
57.159328 2.73662606
57.259961 2.73756567
57.360594 2.73849824
57.461226 2.73942378
57.561859 2.74034227
57.662492 2.74125372
57.763124 2.74215813
57.863757 2.74305550
57.964389 2.74394583
58.065022 2.74482912
58.165655 2.74570537
58.266287 2.74657458
58.366920 2.74743675
58.467553 2.74829187
58.568185 2.74913996
58.668818 2.74998101
58.769450 2.75081501
58.870083 2.75164198
58.970716 2.75246190
59.071348 2.75327479
59.171981 2.75408063
59.272613 2.75487943
59.373246 2.75567119
59.473879 2.75645592
59.574511 2.75723360
59.675144 2.75800424
59.775777 2.75876784
59.876409 2.75952440
59.977042 2.76027391
60.077674 2.76101639
60.178307 2.76175183
60.278940 2.76248022
60.379572 2.76320158
60.480205 2.76391589
60.580838 2.76462317
60.681470 2.76532340
60.782103 2.76601659
60.882735 2.76670274
60.983368 2.76738185
61.084001 2.76805392
61.184633 2.76871895
61.285266 2.76937694
61.385899 2.77002789
61.486531 2.77067179
61.587164 2.77130866
61.687796 2.77193848
61.788429 2.77256127
61.889062 2.77317701
61.989694 2.77378571
62.090327 2.77438737
62.190959 2.77498199
62.291592 2.77556957
62.392225 2.77615011
62.492857 2.77672361
62.593490 2.77729006
62.694123 2.77784948
62.794755 2.77840185
62.895388 2.77894719
62.996020 2.77948548
63.096653 2.78001673
63.197286 2.78054094
63.297918 2.78105811
63.398551 2.78156824
63.499184 2.78207133
63.599816 2.78256737
63.700449 2.78305638
63.801081 2.78353834
63.901714 2.78401327
64.002347 2.78448115
64.102979 2.78494199
64.203612 2.78539579
64.304245 2.78584255
64.404877 2.78628227
64.505510 2.78671494
64.606142 2.78714058
64.706775 2.78755918
64.807408 2.78797073
64.908040 2.78837524
65.008673 2.78877271
65.109305 2.78916314
65.209938 2.78954653
65.310571 2.78992288
65.411203 2.79029219
65.511836 2.79065445
65.612469 2.79100967
65.713101 2.79135786
65.813734 2.79169900
65.914366 2.79203310
66.014999 2.79236016
66.115632 2.79268018
66.216264 2.79299315
66.316897 2.79329909
66.417530 2.79359798
66.518162 2.79388984
66.618795 2.79417465
66.719427 2.79445242
66.820060 2.79472315
66.920693 2.79498683
67.021325 2.79524348
67.121958 2.79549309
67.222591 2.79573565
67.323223 2.79597117
67.423856 2.79619965
67.524488 2.79642109
67.625121 2.79663549
67.725754 2.79684285
67.826386 2.79704316
67.927019 2.79723644
68.027651 2.79742267
68.128284 2.79760186
68.228917 2.79777401
68.329549 2.79793912
68.430182 2.79809719
68.530815 2.79824821
68.631447 2.79839220
68.732080 2.79852914
68.832712 2.79865904
68.933345 2.79878190
69.033978 2.79889772
69.134610 2.79900649
69.235243 2.79910823
69.335876 2.79920292
69.436508 2.79929058
69.537141 2.79937119
69.637773 2.79944475
69.738406 2.79951128
69.839039 2.79957076
69.939671 2.79962381
70.040304 2.79967625
70.140937 2.79972869
70.241569 2.79978113
70.342202 2.79983358
70.442834 2.79988602
70.543467 2.79993847
70.644100 2.79999093
70.744732 2.80004336
