0.100633 1.92403661
0.201265 1.92403941
0.301898 1.92403642
0.402530 1.92403612
0.503163 1.92403616
0.603796 1.92403620
0.704428 1.92403624
0.805061 1.92403629
0.905694 1.92403633
1.006326 1.92403638
1.106959 1.92403642
1.207591 1.92403647
1.308224 1.92403651
1.408857 1.92403656
1.509489 1.92403661
1.610122 1.92403666
1.710755 1.92403671
1.811387 1.92403676
1.912020 1.92403682
2.012652 1.92403687
2.113285 1.92403693
2.213918 1.92403699
2.314550 1.92403705
2.415183 1.92403711
2.515816 1.92403717
2.616448 1.92403724
2.717081 1.92403730
2.817713 1.92403737
2.918346 1.92403744
3.018979 1.92403752
3.119611 1.92403759
3.220244 1.92403767
3.320876 1.92403775
3.421509 1.92403783
3.522142 1.92403792
3.622774 1.92403800
3.723407 1.92403809
3.824040 1.92403819
3.924672 1.92403828
4.025305 1.92403838
4.125937 1.92403848
4.226570 1.92403858
4.327203 1.92403869
4.427835 1.92403879
4.528468 1.92403891
4.629101 1.92403902
4.729733 1.92403914
4.830366 1.92403926
4.930998 1.92403938
5.031631 1.92403951
5.132264 1.92403964
5.232896 1.92403977
5.333529 1.92403991
5.434162 1.92404005
5.534794 1.92404019
5.635427 1.92404034
5.736059 1.92404049
5.836692 1.92404065
5.937325 1.92404080
6.037957 1.92404097
6.138590 1.92404113
6.239222 1.92404130
6.339855 1.92404147
6.440488 1.92404165
6.541120 1.92404182
6.641753 1.92404201
6.742386 1.92404219
6.843018 1.92404239
6.943651 1.92404258
7.044283 1.92404278
7.144916 1.92404298
7.245549 1.92404319
7.346181 1.92404340
7.446814 1.92404361
7.547447 1.92404383
7.648079 1.92404405
7.748712 1.92404427
7.849344 1.92404450
7.949977 1.92404474
8.050610 1.92404497
8.151242 1.92404521
8.251875 1.92404546
8.352508 1.92404571
8.453140 1.92404596
8.553773 1.92404621
8.654405 1.92404648
8.755038 1.92404674
8.855671 1.92404701
8.956303 1.92404728
9.056936 1.92404755
9.157568 1.92404783
9.258201 1.92404812
9.358834 1.92404840
9.459466 1.92404869
9.560099 1.92404898
9.660732 1.92404928
9.761364 1.92404958
9.861997 1.92404989
9.962629 1.92405019
10.063262 1.92405051
10.163895 1.92405082
10.264527 1.92405114
10.365160 1.92405146
10.465793 1.92405178
10.566425 1.92405211
10.667058 1.92405244
10.767690 1.92405278
10.868323 1.92405311
10.968956 1.92405345
11.069588 1.92405380
11.170221 1.92405414
11.270853 1.92405449
11.371486 1.92405484
11.472119 1.92405520
11.572751 1.92405555
11.673384 1.92405591
11.774017 1.92405627
11.874649 1.92405664
11.975282 1.92405700
12.075914 1.92405737
12.176547 1.92405774
12.277180 1.92405811
12.377812 1.92405849
12.478445 1.92405886
12.579078 1.92405924
12.679710 1.92405962
12.780343 1.92406000
12.880975 1.92406038
12.981608 1.92406076
13.082241 1.92406115
13.182873 1.92406153
13.283506 1.92406192
13.384139 1.92406231
13.484771 1.92406270
13.585404 1.92406308
13.686036 1.92406347
13.786669 1.92406386
13.887302 1.92406425
13.987934 1.92406464
14.088567 1.92406503
14.189199 1.92406542
14.289832 1.92406581
14.390465 1.92406620
14.491097 1.92406659
14.591730 1.92406697
14.692363 1.92406736
14.792995 1.92406774
14.893628 1.92406813
14.994260 1.92406851
15.094893 1.92406889
15.195526 1.92406927
15.296158 1.92406965
15.396791 1.92407002
15.497424 1.92407039
15.598056 1.92407076
15.698689 1.92407113
15.799321 1.92407149
15.899954 1.92407185
16.000587 1.92407221
16.101219 1.92407256
16.201852 1.92407291
16.302485 1.92407325
16.403117 1.92407359
16.503750 1.92407392
16.604382 1.92407425
16.705015 1.92407457
16.805648 1.92407488
16.906280 1.92407518
17.006913 1.92407548
17.107545 1.92407577
17.208178 1.92407604
17.308811 1.92407631
17.409443 1.92407656
17.510076 1.92407679
17.610709 1.92407701
17.711341 1.92407721
17.811974 1.92407739
17.912606 1.92407755
18.013239 1.92407767
18.113872 1.92407777
18.214504 1.92407783
18.315137 1.92407784
18.415770 1.92407780
18.516402 1.92407771
18.617035 1.92407754
18.717667 1.92407730
18.818300 1.92407696
18.918933 1.92407651
19.019565 1.92407593
19.120198 1.92407520
19.220831 1.92407428
19.321463 1.92407314
19.422096 1.92407174
19.522728 1.92407003
19.623361 1.92406795
19.723994 1.92406543
19.824626 1.92406238
19.925259 1.92405870
20.025891 1.92405425
20.126524 1.92404889
20.227157 1.92404242
20.327789 1.92403461
20.428422 1.92402519
20.529055 1.92401382
20.629687 1.92400008
20.730320 1.92398345
20.830952 1.92396332
20.931585 1.92393889
21.032218 1.92390921
21.132850 1.92387309
21.233483 1.92382904
21.334116 1.92377521
21.434748 1.92370927
21.535381 1.92362830
21.636013 1.92352858
21.736646 1.92340541
21.837279 1.92325280
21.937911 1.92306303
22.038544 1.92282619
22.139177 1.92252941
22.239809 1.92215595
22.340442 1.92168385
22.441074 1.92108423
22.541707 1.92031875
22.642340 1.91933647
22.742972 1.91806900
22.843605 1.91642445
22.944237 1.91427820
23.044870 1.91146105
23.145503 1.90774131
23.246135 1.90280146
23.346768 1.89620284
23.447401 1.88733940
23.548033 1.87536734
23.648666 1.85911268
23.749298 1.83693027
23.849931 1.80651745
23.950564 1.76463292
24.051196 1.70672006
24.151829 1.62635863
24.252462 1.51451284
24.353094 1.35853634
24.453727 1.14067293
24.554359 0.83650920
24.654992 0.41326862
24.755625 -0.15975861
24.856257 -0.83845158
24.956890 -1.36856318
25.057523 -1.47998245
25.158155 -1.37719706
25.258788 -1.49872952
25.359420 -2.07959168
25.460053 -3.20814317
25.560686 -4.93732309
25.661318 -7.25314664
25.761951 -9.90004559
25.862583 -12.16532909
25.963216 -13.09389655
26.063849 -12.31862467
26.164481 -10.44848414
26.265114 -8.39115594
26.365747 -6.68920731
26.466379 -5.53208086
26.567012 -4.98363751
26.667644 -5.09234277
26.768277 -5.90422448
26.868910 -7.40607310
26.969542 -9.36590759
27.070175 -11.11269460
27.170808 -11.67903289
27.271440 -10.60116847
27.372073 -8.42469495
27.472705 -6.10166195
27.573338 -4.24234675
27.673971 -3.04764481
27.774603 -2.54084818
27.875236 -2.71325642
27.975869 -3.56875935
28.076501 -5.10660285
28.177134 -7.23269688
28.277766 -9.54539255
28.378399 -11.18788413
28.479032 -11.30869420
28.579664 -9.90713356
28.680297 -7.83643886
28.780929 -5.96550554
28.881562 -4.71385425
28.982195 -4.18366933
29.082827 -4.37744406
29.183460 -5.28797399
29.284093 -6.89969835
29.384725 -9.13254371
29.485358 -11.67055822
29.585990 -13.74876165
29.686623 -14.37638174
29.787256 -13.17871790
29.887888 -10.80819836
29.988521 -8.26530904
30.089154 -6.17664949
30.189786 -4.75540267
30.290419 -4.03937364
30.391051 -4.03139921
30.491684 -4.73538627
30.592317 -6.14116215
30.692949 -8.11313661
30.793582 -10.15731364
30.894215 -11.35526091
30.994847 -10.94979130
31.095480 -9.12329052
31.196112 -6.79358450
31.296745 -4.75565450
31.397378 -3.34527330
31.498010 -2.63240928
31.598643 -2.61718936
31.699275 -3.29857273
31.799908 -4.67780564
31.900541 -6.68497814
32.001173 -8.98168267
32.101806 -10.77650010
32.202439 -11.15316970
32.303071 -9.92550185
32.403704 -7.85241334
32.504336 -5.85483829
32.604969 -4.42512818
32.705602 -3.70175673
32.806234 -3.69732022
32.906867 -4.40743127
33.007500 -5.83301651
33.108132 -7.93183521
33.208765 -10.46437535
33.309397 -12.76192886
33.410030 -13.81754128
33.510663 -13.06290575
33.611295 -10.96587858
33.711928 -8.50661911
33.812560 -6.38175619
33.913193 -4.86678704
34.013826 -4.02980059
34.114458 -3.88502164
34.215091 -4.44489777
34.315724 -5.70874755
34.416356 -7.57840957
34.516989 -9.64690763
34.617621 -11.05414966
34.718254 -10.94696455
34.818887 -9.32194779
34.919519 -7.02931412
35.020152 -4.93711250
35.120785 -3.46576514
35.221417 -2.71860367
35.322050 -2.70000118
35.422682 -3.40691678
35.523315 -4.82466847
35.623948 -6.84041841
35.724580 -9.03080190
35.825213 -10.51982346
35.925846 -10.44214717
36.026478 -8.78680946
36.127111 -6.39543655
36.227743 -4.11985633
36.328376 -2.35527061
36.429009 -1.17201000
36.529641 -0.53181647
36.630274 -0.36322074
36.730906 -0.48658605
36.831539 -0.49875881
36.932172 -0.07449776
37.032804 0.60888219
37.133437 1.24539858
37.234070 1.74293203
37.334702 2.12085188
37.435335 2.40960494
37.535967 2.62975497
37.636600 2.79530526
37.737233 2.91645515
37.837865 3.00028795
37.938498 3.05322978
38.039131 3.08011591
38.139763 3.08639439
38.240396 3.08875458
38.341028 3.09037329
38.441661 3.09177063
38.542294 3.09307112
38.642926 3.09432075
38.743559 3.09554112
38.844192 3.09674362
38.944824 3.09793477
39.045457 3.09911848
39.146089 3.10029723
39.246722 3.10147264
39.347355 3.10264581
39.447987 3.10381755
39.548620 3.10498853
39.649252 3.10615940
39.749885 3.10733106
39.850518 3.10850492
39.951150 3.10968368
40.051783 3.11087316
40.152416 3.11208885
40.253048 3.11338638
40.353681 3.11502829
40.454313 3.11793178
40.554946 3.12201739
40.655579 3.12671641
40.756211 3.13111311
40.856844 3.13380330
40.957477 3.13267435
41.058109 3.12456036
41.158742 3.10471758
41.259374 3.06623682
41.360007 2.99887102
41.460640 2.88885022
41.561272 2.72341905
41.661905 2.50563248
41.762538 2.28198055
41.863170 2.14467787
41.963803 2.16390780
42.064435 2.31475968
42.165068 2.50410127
42.265701 2.65382544
42.366333 2.73341108
42.466966 2.74137477
42.567598 2.68381224
42.668231 2.56543414
42.768864 2.39052261
42.869496 2.17206725
42.970129 1.94993306
43.070762 1.79597506
43.171394 1.76302519
43.272027 1.81832575
43.372659 1.86106093
43.473292 1.79686011
43.573925 1.58265017
43.674557 1.25306856
43.775190 0.94977637
43.875823 0.86820122
43.976455 1.08935567
44.077088 1.49851135
44.177720 1.91237799
44.278353 2.22290171
44.378986 2.40811056
44.479618 2.48126839
44.580251 2.45854795
44.680884 2.34856314
44.781516 2.15193638
44.882149 1.86476222
44.982781 1.49005710
45.083414 1.06929799
45.184047 0.71563752
45.284679 0.56875935
45.385312 0.66818355
45.485944 0.93357233
45.586577 1.26791782
45.687210 1.58057596
45.787842 1.82255878
45.888475 2.03802546
45.989108 2.27293531
46.089740 2.49763438
46.190373 2.67776180
46.291005 2.81222096
46.391638 2.91161715
46.492271 2.98557698
46.592903 3.04089249
46.693536 3.08227595
46.794169 3.11279214
46.894801 3.13442548
46.995434 3.14838478
47.096066 3.15522967
47.196699 3.15756705
47.297332 3.15907461
47.397964 3.16038434
47.498597 3.16162658
47.599230 3.16283794
47.699862 3.16403290
47.800495 3.16521843
47.901127 3.16639828
48.001760 3.16757456
48.102393 3.16874856
48.203025 3.16992107
48.303658 3.17109258
48.404290 3.17226342
48.504923 3.17343380
48.605556 3.17460387
48.706188 3.17577372
48.806821 3.17694340
48.907454 3.17811252
49.008086 3.17927663
49.108719 3.18043530
49.209351 3.18158854
49.309984 3.18273635
49.410617 3.18387876
49.511249 3.18501576
49.611882 3.18614737
49.712515 3.18727357
49.813147 3.18839438
49.913780 3.18950979
50.014412 3.19061982
50.115045 3.19172445
50.215678 3.19282369
50.316310 3.19391754
50.416943 3.19500600
50.517576 3.19608907
50.618208 3.19716676
50.718841 3.19823905
50.819473 3.19930595
50.920106 3.20036747
51.020739 3.20142360
51.121371 3.20247433
51.222004 3.20351968
51.322636 3.20455965
51.423269 3.20559422
51.523902 3.20662340
51.624534 3.20764720
51.725167 3.20866561
51.825800 3.20967863
51.926432 3.21068626
52.027065 3.21168851
52.127697 3.21268536
52.228330 3.21367683
52.328963 3.21466291
52.429595 3.21564360
52.530228 3.21661890
52.630861 3.21758882
52.731493 3.21855334
52.832126 3.21951248
52.932758 3.22046623
53.033391 3.22141459
53.134024 3.22235757
53.234656 3.22329516
53.335289 3.22422735
53.435921 3.22515417
53.536554 3.22607559
53.637187 3.22699162
53.737819 3.22790227
53.838452 3.22880753
53.939085 3.22970740
54.039717 3.23060188
54.140350 3.23149098
54.240982 3.23237468
54.341615 3.23325300
54.442248 3.23412593
54.542880 3.23499348
54.643513 3.23585563
54.744146 3.23671240
54.844778 3.23756378
54.945411 3.23840977
55.046043 3.23925038
55.146676 3.24008559
55.247309 3.24091542
55.347941 3.24173986
55.448574 3.24255892
55.549207 3.24337258
55.649839 3.24418086
55.750472 3.24498375
55.851104 3.24578125
55.951737 3.24657337
56.052370 3.24736009
56.153002 3.24814143
56.253635 3.24891738
56.354267 3.24968795
56.454900 3.25045312
56.555533 3.25121291
56.656165 3.25196731
56.756798 3.25271632
56.857431 3.25345995
56.958063 3.25419819
57.058696 3.25493104
57.159328 3.25565850
57.259961 3.25638057
57.360594 3.25709726
57.461226 3.25780856
57.561859 3.25851447
57.662492 3.25921500
57.763124 3.25991013
57.863757 3.26059988
57.964389 3.26128424
58.065022 3.26196322
58.165655 3.26263681
58.266287 3.26330500
58.366920 3.26396782
58.467553 3.26462524
58.568185 3.26527728
58.668818 3.26592392
58.769450 3.26656519
58.870083 3.26720106
58.970716 3.26783155
59.071348 3.26845664
59.171981 3.26907636
59.272613 3.26969068
59.373246 3.27029962
59.473879 3.27090316
59.574511 3.27150133
59.675144 3.27209410
59.775777 3.27268149
59.876409 3.27326348
59.977042 3.27384010
60.077674 3.27441132
60.178307 3.27497716
60.278940 3.27553760
60.379572 3.27609267
60.480205 3.27664234
60.580838 3.27718663
60.681470 3.27772553
60.782103 3.27825904
60.882735 3.27878716
60.983368 3.27930990
61.084001 3.27982725
61.184633 3.28033921
61.285266 3.28084579
61.385899 3.28134697
61.486531 3.28184277
61.587164 3.28233319
61.687796 3.28281821
61.788429 3.28329785
61.889062 3.28377210
61.989694 3.28424096
62.090327 3.28470444
62.190959 3.28516253
62.291592 3.28561523
62.392225 3.28606254
62.492857 3.28650447
62.593490 3.28694100
62.694123 3.28737216
62.794755 3.28779792
62.895388 3.28821830
62.996020 3.28863328
63.096653 3.28904289
63.197286 3.28944710
63.297918 3.28984593
63.398551 3.29023937
63.499184 3.29062742
63.599816 3.29101008
63.700449 3.29138736
63.801081 3.29175925
63.901714 3.29212575
64.002347 3.29248687
64.102979 3.29284260
64.203612 3.29319294
64.304245 3.29353789
64.404877 3.29387746
64.505510 3.29421164
64.606142 3.29454043
64.706775 3.29486383
64.807408 3.29518185
64.908040 3.29549448
65.008673 3.29580172
65.109305 3.29610357
65.209938 3.29640004
65.310571 3.29669112
65.411203 3.29697681
65.511836 3.29725712
65.612469 3.29753203
65.713101 3.29780156
65.813734 3.29806571
65.914366 3.29832446
66.014999 3.29857783
66.115632 3.29882581
66.216264 3.29906840
66.316897 3.29930561
66.417530 3.29953743
66.518162 3.29976386
66.618795 3.29998490
66.719427 3.30020056
66.820060 3.30041083
66.920693 3.30061571
67.021325 3.30081520
67.121958 3.30100931
67.222591 3.30119803
67.323223 3.30138136
67.423856 3.30155931
67.524488 3.30173186
67.625121 3.30189903
67.725754 3.30206081
67.826386 3.30221721
67.927019 3.30236822
68.027651 3.30251384
68.128284 3.30265407
68.228917 3.30278891
68.329549 3.30291837
68.430182 3.30304244
68.530815 3.30316113
68.631447 3.30327442
68.732080 3.30338233
68.832712 3.30348485
68.933345 3.30358198
69.033978 3.30367373
69.134610 3.30376009
69.235243 3.30384106
69.335876 3.30391664
69.436508 3.30398684
69.537141 3.30405165
69.637773 3.30411107
69.738406 3.30416510
69.839039 3.30421374
69.939671 3.30425746
70.040304 3.30430072
70.140937 3.30434397
70.241569 3.30438723
70.342202 3.30443049
70.442834 3.30447375
70.543467 3.30451701
70.644100 3.30456026
70.744732 3.30460353
