0.100633 1.92102604
0.201265 1.92102744
0.301898 1.92102597
0.402530 1.92102581
0.503163 1.92102583
0.603796 1.92102585
0.704428 1.92102587
0.805061 1.92102589
0.905694 1.92102591
1.006326 1.92102594
1.106959 1.92102597
1.207591 1.92102599
1.308224 1.92102602
1.408857 1.92102606
1.509489 1.92102609
1.610122 1.92102613
1.710755 1.92102617
1.811387 1.92102621
1.912020 1.92102625
2.012652 1.92102630
2.113285 1.92102635
2.213918 1.92102641
2.314550 1.92102647
2.415183 1.92102653
2.515816 1.92102660
2.616448 1.92102667
2.717081 1.92102674
2.817713 1.92102682
2.918346 1.92102691
3.018979 1.92102699
3.119611 1.92102709
3.220244 1.92102719
3.320876 1.92102729
3.421509 1.92102740
3.522142 1.92102752
3.622774 1.92102764
3.723407 1.92102776
3.824040 1.92102790
3.924672 1.92102804
4.025305 1.92102818
4.125937 1.92102834
4.226570 1.92102849
4.327203 1.92102866
4.427835 1.92102884
4.528468 1.92102902
4.629101 1.92102921
4.729733 1.92102941
4.830366 1.92102961
4.930998 1.92102983
5.031631 1.92103005
5.132264 1.92103028
5.232896 1.92103052
5.333529 1.92103077
5.434162 1.92103102
5.534794 1.92103129
5.635427 1.92103157
5.736059 1.92103185
5.836692 1.92103215
5.937325 1.92103246
6.037957 1.92103277
6.138590 1.92103310
6.239222 1.92103344
6.339855 1.92103379
6.440488 1.92103415
6.541120 1.92103452
6.641753 1.92103490
6.742386 1.92103530
6.843018 1.92103570
6.943651 1.92103613
7.044283 1.92103656
7.144916 1.92103700
7.245549 1.92103746
7.346181 1.92103793
7.446814 1.92103841
7.547447 1.92103891
7.648079 1.92103942
7.748712 1.92103994
7.849344 1.92104048
7.949977 1.92104103
8.050610 1.92104160
8.151242 1.92104218
8.251875 1.92104277
8.352508 1.92104339
8.453140 1.92104401
8.553773 1.92104466
8.654405 1.92104531
8.755038 1.92104599
8.855671 1.92104667
8.956303 1.92104738
9.056936 1.92104810
9.157568 1.92104884
9.258201 1.92104960
9.358834 1.92105037
9.459466 1.92105116
9.560099 1.92105197
9.660732 1.92105279
9.761364 1.92105364
9.861997 1.92105450
9.962629 1.92105538
10.063262 1.92105627
10.163895 1.92105719
10.264527 1.92105813
10.365160 1.92105908
10.465793 1.92106005
10.566425 1.92106105
10.667058 1.92106206
10.767690 1.92106309
10.868323 1.92106414
10.968956 1.92106521
11.069588 1.92106631
11.170221 1.92106742
11.270853 1.92106855
11.371486 1.92106971
11.472119 1.92107088
11.572751 1.92107208
11.673384 1.92107329
11.774017 1.92107453
11.874649 1.92107579
11.975282 1.92107707
12.075914 1.92107838
12.176547 1.92107970
12.277180 1.92108105
12.377812 1.92108242
12.478445 1.92108381
12.579078 1.92108522
12.679710 1.92108666
12.780343 1.92108812
12.880975 1.92108960
12.981608 1.92109111
13.082241 1.92109264
13.182873 1.92109419
13.283506 1.92109576
13.384139 1.92109736
13.484771 1.92109898
13.585404 1.92110062
13.686036 1.92110229
13.786669 1.92110398
13.887302 1.92110570
13.987934 1.92110744
14.088567 1.92110920
14.189199 1.92111099
14.289832 1.92111280
14.390465 1.92111463
14.491097 1.92111649
14.591730 1.92111837
14.692363 1.92112028
14.792995 1.92112221
14.893628 1.92112416
14.994260 1.92112614
15.094893 1.92112814
15.195526 1.92113017
15.296158 1.92113222
15.396791 1.92113429
15.497424 1.92113639
15.598056 1.92113851
15.698689 1.92114065
15.799321 1.92114282
15.899954 1.92114501
16.000587 1.92114722
16.101219 1.92114947
16.201852 1.92115172
16.302485 1.92115401
16.403117 1.92115631
16.503750 1.92115864
16.604382 1.92116099
16.705015 1.92116336
16.805648 1.92116575
16.906280 1.92116816
17.006913 1.92117059
17.107545 1.92117305
17.208178 1.92117551
17.308811 1.92117800
17.409443 1.92118049
17.510076 1.92118301
17.610709 1.92118553
17.711341 1.92118808
17.811974 1.92119061
17.912606 1.92119317
18.013239 1.92119572
18.113872 1.92119827
18.214504 1.92120081
18.315137 1.92120335
18.415770 1.92120585
18.516402 1.92120835
18.617035 1.92121079
18.717667 1.92121320
18.818300 1.92121553
18.918933 1.92121781
19.019565 1.92121997
19.120198 1.92122203
19.220831 1.92122394
19.321463 1.92122568
19.422096 1.92122719
19.522728 1.92122845
19.623361 1.92122938
19.723994 1.92122995
19.824626 1.92123002
19.925259 1.92122955
20.025891 1.92122838
20.126524 1.92122640
20.227157 1.92122339
20.327789 1.92121918
20.428422 1.92121348
20.529055 1.92120600
20.629687 1.92119632
20.730320 1.92118400
20.830952 1.92116843
20.931585 1.92114890
21.032218 1.92112451
21.132850 1.92109419
21.233483 1.92105652
21.334116 1.92100984
21.434748 1.92095197
21.535381 1.92088025
21.636013 1.92079124
21.736646 1.92068069
21.837279 1.92054306
21.937911 1.92037137
22.038544 1.92015656
22.139177 1.91988698
22.239809 1.91954742
22.340442 1.91911808
22.441074 1.91857285
22.541707 1.91787731
22.642340 1.91698563
22.742972 1.91583662
22.843605 1.91434805
22.944237 1.91240880
23.044870 1.90986812
23.145503 1.90652011
23.246135 1.90208299
23.346768 1.89616817
23.447401 1.88823955
23.548033 1.87755180
23.648666 1.86306922
23.749298 1.84334220
23.849931 1.81634380
23.950564 1.77922289
24.051196 1.72797399
24.151829 1.65695228
24.252462 1.55821266
24.353094 1.42061218
24.453727 1.22849719
24.554359 0.96024987
24.654992 0.58607579
24.755625 0.07123353
24.856257 -0.58355222
24.956890 -1.21175247
25.057523 -1.48607579
25.158155 -1.40796056
25.258788 -1.40236138
25.359420 -1.79362420
25.460053 -2.70579711
25.560686 -4.20180903
25.661318 -6.30436567
25.761951 -8.87946190
25.862583 -11.40160805
25.963216 -12.93168387
26.063849 -12.77734609
26.164481 -11.21123858
26.265114 -9.13687781
26.365747 -7.26766225
26.466379 -5.89974194
26.567012 -5.12059674
26.667644 -4.97724419
26.768277 -5.51959207
26.868910 -6.76810240
26.969542 -8.60307638
27.070175 -10.54047394
27.170808 -11.66034590
27.271440 -11.19773500
27.372073 -9.32874837
27.472705 -6.96157149
27.573338 -4.88270165
27.673971 -3.42620372
27.774603 -2.65734566
27.875236 -2.57031271
27.975869 -3.16384320
28.076501 -4.44325185
28.177134 -6.36928213
28.277766 -8.68890690
28.378399 -10.70648416
28.479032 -11.46755821
28.579664 -10.57726666
28.680297 -8.64019279
28.780929 -6.61697448
28.881562 -5.10528331
28.982195 -4.29622086
29.082827 -4.21352634
29.183460 -4.85061944
29.284093 -6.19726975
29.384725 -8.21200814
29.485358 -10.69736751
29.585990 -13.06959332
29.686623 -14.34960297
29.787256 -13.82284248
29.887888 -11.77869465
29.988521 -9.20026825
30.089154 -6.89630950
30.189786 -5.21004391
30.290419 -4.22307845
30.391051 -3.94360961
30.491684 -4.37360760
30.592317 -5.51569671
30.692949 -7.30372952
30.793582 -9.40988130
30.894215 -11.05312821
30.994847 -11.30341830
31.095480 -9.93535811
31.196112 -7.68183367
31.296745 -5.46736447
31.397378 -3.79575839
31.498010 -2.81007971
31.598643 -2.52278222
31.699275 -2.92947592
31.799908 -4.03512202
31.900541 -5.81341684
32.001173 -8.06468608
32.101806 -10.18329911
32.202439 -11.21216054
32.303071 -10.58093816
32.403704 -8.72836434
32.504336 -6.61881943
32.604969 -4.93652178
32.705602 -3.93268662
32.806234 -3.64887508
32.906867 -4.08063863
33.007500 -5.22811686
33.108132 -7.07411950
33.208765 -9.48302593
33.309397 -11.97809905
33.410030 -13.62754934
33.510663 -13.57375999
33.611295 -11.87486890
33.711928 -9.42492807
33.812560 -7.09658496
33.913193 -5.31599234
34.013826 -4.20430705
34.114458 -3.78307649
34.215091 -4.06160363
34.315724 -5.04706603
34.416356 -6.70151771
34.516989 -8.78078258
34.617621 -10.60443445
34.718254 -11.21378195
34.818887 -10.17355393
34.919519 -8.05128263
35.020152 -5.80934767
35.120785 -4.06534203
35.221417 -3.02274558
35.322050 -2.70912992
35.422682 -3.11991786
35.523315 -4.24682863
35.623948 -6.03695519
35.724580 -8.23160463
35.825213 -10.13795013
35.925846 -10.78737837
36.026478 -9.73715113
36.127111 -7.54700268
36.227743 -5.16484161
36.328376 -3.18451020
36.429009 -1.77841577
36.529641 -0.93586178
36.630274 -0.60042093
36.730906 -0.65584121
36.831539 -0.79506793
36.932172 -0.58659046
37.032804 0.00993259
37.133437 0.66865638
37.234070 1.20391040
37.334702 1.60701983
37.435335 1.90904330
37.535967 2.13507999
37.636600 2.30354085
37.737233 2.42798656
37.837865 2.51632360
37.938498 2.57415732
38.039131 2.60675489
38.139763 2.61819663
38.240396 2.61972625
38.341028 2.62030898
38.441661 2.62065870
38.542294 2.62091693
38.642926 2.62113050
38.743559 2.62131941
38.844192 2.62149349
38.944824 2.62165813
39.045457 2.62181653
39.146089 2.62197069
39.246722 2.62212190
39.347355 2.62227104
39.447987 2.62241873
39.548620 2.62256544
39.649252 2.62271159
39.749885 2.62285765
39.850518 2.62300436
39.951150 2.62315306
40.051783 2.62330667
40.152416 2.62347228
40.253048 2.62367108
40.353681 2.62398792
40.454313 2.62495336
40.554946 2.62722507
40.655579 2.63048818
40.756211 2.63406251
40.856844 2.63688169
40.957477 2.63732692
41.058109 2.63296622
41.158742 2.62015329
41.259374 2.59351491
41.360007 2.54498073
41.460640 2.46312033
41.561272 2.33378542
41.661905 2.14658121
41.762538 1.91710912
41.863170 1.71138566
41.963803 1.62373200
42.064435 1.69554028
42.165068 1.87007545
42.265701 2.05088094
42.366333 2.17599153
42.466966 2.22831773
42.567598 2.21101891
42.668231 2.12982831
42.768864 1.98898621
42.869496 1.79440724
42.970129 1.56644638
43.070762 1.35879139
43.171394 1.24524333
43.272027 1.25175445
43.372659 1.31298576
43.473292 1.32237905
43.573925 1.20207031
43.674557 0.93379173
43.775190 0.59147567
43.875823 0.35220106
43.976455 0.38706747
44.077088 0.69880836
44.177720 1.12660486
44.278353 1.50688505
44.378986 1.76804113
44.479618 1.90682209
44.580251 1.94041721
44.680884 1.88225824
44.781516 1.73754300
44.882149 1.50461432
44.982781 1.18010484
45.083414 0.77713927
45.184047 0.36316083
45.284679 0.07390212
45.385312 0.02500814
45.485944 0.20255509
45.586577 0.51111939
45.687210 0.85317939
45.787842 1.13926377
45.888475 1.35633484
45.989108 1.56860676
46.089740 1.79863935
46.190373 2.00572001
46.291005 2.16626181
46.391638 2.28503289
46.492271 2.37265102
46.592903 2.43758493
46.693536 2.48587701
46.794169 2.52154842
46.894801 2.54725184
46.995434 2.56478262
47.096066 2.57487302
47.196699 2.57868899
47.297332 2.57947040
47.397964 2.57982296
47.498597 2.58005874
47.599230 2.58025042
47.699862 2.58042137
47.800495 2.58058134
47.901127 2.58073509
48.001760 2.58088513
48.102393 2.58103291
48.203025 2.58117924
48.303658 2.58132466
48.404290 2.58146948
48.504923 2.58161389
48.605556 2.58175805
48.706188 2.58190202
48.806821 2.58204587
48.907454 2.58218964
49.008086 2.58233331
49.108719 2.58247651
49.209351 2.58261922
49.309984 2.58276145
49.410617 2.58290319
49.511249 2.58304447
49.611882 2.58318526
49.712515 2.58332559
49.813147 2.58346545
49.913780 2.58360484
50.014412 2.58374376
50.115045 2.58388222
50.215678 2.58402021
50.316310 2.58415773
50.416943 2.58429479
50.517576 2.58443138
50.618208 2.58456751
50.718841 2.58470317
50.819473 2.58483837
50.920106 2.58497310
51.020739 2.58510737
51.121371 2.58524117
51.222004 2.58537450
51.322636 2.58550738
51.423269 2.58563978
51.523902 2.58577172
51.624534 2.58590320
51.725167 2.58603421
51.825800 2.58616476
51.926432 2.58629484
52.027065 2.58642445
52.127697 2.58655361
52.228330 2.58668229
52.328963 2.58681051
52.429595 2.58693827
52.530228 2.58706557
52.630861 2.58719239
52.731493 2.58731876
52.832126 2.58744466
52.932758 2.58757009
53.033391 2.58769506
53.134024 2.58781957
53.234656 2.58794361
53.335289 2.58806718
53.435921 2.58819030
53.536554 2.58831294
53.637187 2.58843513
53.737819 2.58855684
53.838452 2.58867810
53.939085 2.58879889
54.039717 2.58891921
54.140350 2.58903908
54.240982 2.58915847
54.341615 2.58927740
54.442248 2.58939587
54.542880 2.58951388
54.643513 2.58963142
54.744146 2.58974849
54.844778 2.58986510
54.945411 2.58998125
55.046043 2.59009693
55.146676 2.59021215
55.247309 2.59032690
55.347941 2.59044120
55.448574 2.59055502
55.549207 2.59066838
55.649839 2.59078128
55.750472 2.59089371
55.851104 2.59100568
55.951737 2.59111719
56.052370 2.59122823
56.153002 2.59133881
56.253635 2.59144892
56.354267 2.59155857
56.454900 2.59166775
56.555533 2.59177647
56.656165 2.59188473
56.756798 2.59199252
56.857431 2.59209985
56.958063 2.59220672
57.058696 2.59231312
57.159328 2.59241905
57.259961 2.59252452
57.360594 2.59262953
57.461226 2.59273408
57.561859 2.59283816
57.662492 2.59294177
57.763124 2.59304492
57.863757 2.59314761
57.964389 2.59324984
58.065022 2.59335160
58.165655 2.59345289
58.266287 2.59355372
58.366920 2.59365409
58.467553 2.59375399
58.568185 2.59385343
58.668818 2.59395241
58.769450 2.59405092
58.870083 2.59414897
58.970716 2.59424655
59.071348 2.59434367
59.171981 2.59444033
59.272613 2.59453652
59.373246 2.59463224
59.473879 2.59472751
59.574511 2.59482231
59.675144 2.59491664
59.775777 2.59501051
59.876409 2.59510392
59.977042 2.59519686
60.077674 2.59528934
60.178307 2.59538135
60.278940 2.59547290
60.379572 2.59556399
60.480205 2.59565461
60.580838 2.59574477
60.681470 2.59583446
60.782103 2.59592369
60.882735 2.59601245
60.983368 2.59610076
61.084001 2.59618859
61.184633 2.59627596
61.285266 2.59636287
61.385899 2.59644932
61.486531 2.59653530
61.587164 2.59662081
61.687796 2.59670586
61.788429 2.59679045
61.889062 2.59687457
61.989694 2.59695823
62.090327 2.59704142
62.190959 2.59712415
62.291592 2.59720642
62.392225 2.59728822
62.492857 2.59736955
62.593490 2.59745043
62.694123 2.59753083
62.794755 2.59761078
62.895388 2.59769026
62.996020 2.59776927
63.096653 2.59784782
63.197286 2.59792590
63.297918 2.59800352
63.398551 2.59808068
63.499184 2.59815737
63.599816 2.59823360
63.700449 2.59830936
63.801081 2.59838466
63.901714 2.59845949
64.002347 2.59853386
64.102979 2.59860776
64.203612 2.59868120
64.304245 2.59875418
64.404877 2.59882669
64.505510 2.59889873
64.606142 2.59897031
64.706775 2.59904143
64.807408 2.59911208
64.908040 2.59918226
65.008673 2.59925198
65.109305 2.59932124
65.209938 2.59939003
65.310571 2.59945836
65.411203 2.59952622
65.511836 2.59959362
65.612469 2.59966055
65.713101 2.59972701
65.813734 2.59979301
65.914366 2.59985855
66.014999 2.59992362
66.115632 2.59998823
66.216264 2.60005237
66.316897 2.60011605
66.417530 2.60017926
66.518162 2.60024200
66.618795 2.60030428
66.719427 2.60036610
66.820060 2.60042745
66.920693 2.60048833
67.021325 2.60054875
67.121958 2.60060871
67.222591 2.60066820
67.323223 2.60072722
67.423856 2.60078578
67.524488 2.60084387
67.625121 2.60090150
67.725754 2.60095866
67.826386 2.60101536
67.927019 2.60107159
68.027651 2.60112736
68.128284 2.60118266
68.228917 2.60123749
68.329549 2.60129186
68.430182 2.60134576
68.530815 2.60139920
68.631447 2.60145218
68.732080 2.60150468
68.832712 2.60155672
68.933345 2.60160830
69.033978 2.60165941
69.134610 2.60171005
69.235243 2.60176023
69.335876 2.60180994
69.436508 2.60185919
69.537141 2.60190797
69.637773 2.60195628
69.738406 2.60200413
69.839039 2.60205151
69.939671 2.60209847
70.040304 2.60214539
70.140937 2.60219230
70.241569 2.60223922
70.342202 2.60228614
70.442834 2.60233305
70.543467 2.60237997
70.644100 2.60242691
70.744732 2.60247381
