0.100633 1.89893758
0.201265 1.89893899
0.301898 1.89893748
0.402530 1.89893734
0.503163 1.89893736
0.603796 1.89893738
0.704428 1.89893740
0.805061 1.89893742
0.905694 1.89893744
1.006326 1.89893746
1.106959 1.89893748
1.207591 1.89893750
1.308224 1.89893751
1.408857 1.89893753
1.509489 1.89893754
1.610122 1.89893755
1.710755 1.89893756
1.811387 1.89893757
1.912020 1.89893757
2.012652 1.89893757
2.113285 1.89893757
2.213918 1.89893757
2.314550 1.89893756
2.415183 1.89893756
2.515816 1.89893754
2.616448 1.89893753
2.717081 1.89893751
2.817713 1.89893749
2.918346 1.89893747
3.018979 1.89893744
3.119611 1.89893740
3.220244 1.89893737
3.320876 1.89893733
3.421509 1.89893729
3.522142 1.89893724
3.622774 1.89893719
3.723407 1.89893713
3.824040 1.89893707
3.924672 1.89893700
4.025305 1.89893693
4.125937 1.89893685
4.226570 1.89893677
4.327203 1.89893668
4.427835 1.89893659
4.528468 1.89893649
4.629101 1.89893639
4.729733 1.89893628
4.830366 1.89893616
4.930998 1.89893604
5.031631 1.89893591
5.132264 1.89893577
5.232896 1.89893563
5.333529 1.89893548
5.434162 1.89893533
5.534794 1.89893516
5.635427 1.89893499
5.736059 1.89893482
5.836692 1.89893463
5.937325 1.89893444
6.037957 1.89893424
6.138590 1.89893403
6.239222 1.89893381
6.339855 1.89893358
6.440488 1.89893335
6.541120 1.89893311
6.641753 1.89893286
6.742386 1.89893260
6.843018 1.89893233
6.943651 1.89893205
7.044283 1.89893176
7.144916 1.89893146
7.245549 1.89893116
7.346181 1.89893084
7.446814 1.89893051
7.547447 1.89893018
7.648079 1.89892983
7.748712 1.89892947
7.849344 1.89892911
7.949977 1.89892873
8.050610 1.89892834
8.151242 1.89892794
8.251875 1.89892753
8.352508 1.89892710
8.453140 1.89892667
8.553773 1.89892623
8.654405 1.89892577
8.755038 1.89892530
8.855671 1.89892483
8.956303 1.89892433
9.056936 1.89892383
9.157568 1.89892332
9.258201 1.89892279
9.358834 1.89892225
9.459466 1.89892170
9.560099 1.89892113
9.660732 1.89892056
9.761364 1.89891997
9.861997 1.89891937
9.962629 1.89891876
10.063262 1.89891813
10.163895 1.89891749
10.264527 1.89891684
10.365160 1.89891617
10.465793 1.89891550
10.566425 1.89891481
10.667058 1.89891410
10.767690 1.89891339
10.868323 1.89891266
10.968956 1.89891192
11.069588 1.89891116
11.170221 1.89891040
11.270853 1.89890962
11.371486 1.89890882
11.472119 1.89890802
11.572751 1.89890720
11.673384 1.89890637
11.774017 1.89890553
11.874649 1.89890467
11.975282 1.89890380
12.075914 1.89890292
12.176547 1.89890203
12.277180 1.89890112
12.377812 1.89890021
12.478445 1.89889928
12.579078 1.89889834
12.679710 1.89889739
12.780343 1.89889643
12.880975 1.89889545
12.981608 1.89889447
13.082241 1.89889347
13.182873 1.89889247
13.283506 1.89889145
13.384139 1.89889043
13.484771 1.89888939
13.585404 1.89888835
13.686036 1.89888729
13.786669 1.89888623
13.887302 1.89888515
13.987934 1.89888408
14.088567 1.89888298
14.189199 1.89888189
14.289832 1.89888078
14.390465 1.89887968
14.491097 1.89887855
14.591730 1.89887743
14.692363 1.89887630
14.792995 1.89887517
14.893628 1.89887402
14.994260 1.89887288
15.094893 1.89887172
15.195526 1.89887057
15.296158 1.89886941
15.396791 1.89886825
15.497424 1.89886708
15.598056 1.89886592
15.698689 1.89886474
15.799321 1.89886358
15.899954 1.89886240
16.000587 1.89886124
16.101219 1.89886005
16.201852 1.89885889
16.302485 1.89885771
16.403117 1.89885655
16.503750 1.89885537
16.604382 1.89885421
16.705015 1.89885303
16.805648 1.89885187
16.906280 1.89885070
17.006913 1.89884955
17.107545 1.89884837
17.208178 1.89884723
17.308811 1.89884606
17.409443 1.89884491
17.510076 1.89884374
17.610709 1.89884260
17.711341 1.89884142
17.811974 1.89884027
17.912606 1.89883908
18.013239 1.89883791
18.113872 1.89883670
18.214504 1.89883550
18.315137 1.89883425
18.415770 1.89883301
18.516402 1.89883169
18.617035 1.89883036
18.717667 1.89882894
18.818300 1.89882749
18.918933 1.89882591
19.019565 1.89882427
19.120198 1.89882246
19.220831 1.89882052
19.321463 1.89881836
19.422096 1.89881600
19.522728 1.89881332
19.623361 1.89881033
19.723994 1.89880689
19.824626 1.89880298
19.925259 1.89879842
20.025891 1.89879315
20.126524 1.89878695
20.227157 1.89877970
20.327789 1.89877109
20.428422 1.89876093
20.529055 1.89874876
20.629687 1.89873428
20.730320 1.89871687
20.830952 1.89869599
20.931585 1.89867076
21.032218 1.89864030
21.132850 1.89860333
21.233483 1.89855844
21.334116 1.89850368
21.434748 1.89843681
21.535381 1.89835478
21.636013 1.89825400
21.736646 1.89812963
21.837279 1.89797579
21.937911 1.89778466
22.038544 1.89754643
22.139177 1.89724814
22.239809 1.89687317
22.340442 1.89639951
22.441074 1.89579844
22.541707 1.89503161
22.642340 1.89404831
22.742972 1.89278024
22.843605 1.89113587
22.944237 1.88899083
23.044870 1.88617649
23.145503 1.88246169
23.246135 1.87752989
23.346768 1.87094346
23.447401 1.86209801
23.548033 1.85015173
23.648666 1.83393350
23.749298 1.81180191
23.849931 1.78145946
23.950564 1.73967175
24.051196 1.68189166
24.151829 1.60171184
24.252462 1.49011405
24.353094 1.33447610
24.453727 1.11707349
24.554359 0.81353554
24.654992 0.39115219
24.755625 -0.18063200
24.856257 -0.85724273
24.956890 -1.38382180
25.057523 -1.49028534
25.158155 -1.38245713
25.258788 -1.49835695
25.359420 -2.07221489
25.460053 -3.19206734
25.560686 -4.91113800
25.661318 -7.21766100
25.761951 -9.86267125
25.862583 -12.14218406
25.963216 -13.09973170
26.063849 -12.35215214
26.164481 -10.49560483
26.265114 -8.43991005
26.365747 -6.73478215
26.466379 -5.57303131
26.567012 -5.01895198
26.667644 -5.12107577
26.768277 -5.92590182
26.868910 -7.42117112
26.969542 -9.37674035
27.070175 -11.12389650
27.170808 -11.69508206
27.271440 -10.62224200
27.372073 -8.44699241
27.472705 -6.12163099
27.573338 -4.25866088
27.673971 -3.06036806
27.774603 -2.55048198
27.875236 -2.72038615
27.975869 -3.57391036
28.076501 -5.11013763
28.177134 -7.23450681
28.277766 -9.54443765
28.378399 -11.18236933
28.479032 -11.29759293
28.579664 -9.89140283
28.680297 -7.81791308
28.780929 -5.94534048
28.881562 -4.69240766
28.982195 -4.16107620
29.082827 -4.35408458
29.183460 -5.26484704
29.284093 -6.87869527
29.384725 -9.11619789
29.485358 -11.66072164
29.585990 -13.74503605
29.686623 -14.37689255
29.787256 -13.18264143
29.887888 -10.81564586
29.988521 -8.27527326
30.089154 -6.18689857
30.189786 -4.76373532
30.290419 -4.04424347
30.391051 -4.03184661
30.491684 -4.73091433
30.592317 -6.13203158
30.692949 -8.10165511
30.793582 -10.14968405
30.894215 -11.35992534
30.994847 -10.97032487
31.095480 -9.15485216
31.196112 -6.82845677
31.296745 -4.78874992
31.397378 -3.37416651
31.498010 -2.65560437
31.598643 -2.63320047
31.699275 -3.30583622
31.799908 -4.67600093
31.900541 -6.67955911
32.001173 -8.99279354
32.101806 -10.84017540
32.202439 -11.29668466
32.303071 -10.14026854
32.403704 -8.10695034
32.504336 -6.12546963
32.604969 -4.70376184
32.705602 -3.98771357
32.806234 -3.99093743
32.906867 -4.70806264
33.007500 -6.13932490
33.108132 -8.24742494
33.208765 -10.81577428
33.309397 -13.21414413
33.410030 -14.43459569
33.510663 -13.82389769
33.611295 -11.76204877
33.711928 -9.23135018
33.812560 -6.98270623
33.913193 -5.33073809
34.013826 -4.35744461
34.114458 -4.07911219
34.215091 -4.50720697
34.315724 -5.64398026
34.416356 -7.41168531
34.516989 -9.45353796
34.617621 -10.95329624
34.718254 -11.00768924
34.818887 -9.48538260
34.919519 -7.17384097
35.020152 -4.97907571
35.120785 -3.37375462
35.221417 -2.48419300
35.322050 -2.32037127
35.422682 -2.88213528
35.523315 -4.16400290
35.623948 -6.08174703
35.724580 -8.27103587
35.825213 -9.90646022
35.925846 -10.07404791
36.026478 -8.62923738
36.127111 -6.34182444
36.227743 -4.09479379
36.328376 -2.33243067
36.429009 -1.14705513
36.529641 -0.50584004
36.630274 -0.34255937
36.730906 -0.49861786
36.831539 -0.59460656
36.932172 -0.26554059
37.032804 0.36397349
37.133437 0.97331298
37.234070 1.44707569
37.334702 1.79950005
37.435335 2.06224307
37.535967 2.25976429
37.636600 2.40840764
37.737233 2.51801436
37.837865 2.59425044
37.938498 2.64244447
38.039131 2.66712162
38.139763 2.67269819
38.240396 2.67357677
38.341028 2.67376951
38.441661 2.67379368
38.542294 2.67375246
38.642926 2.67367925
38.743559 2.67358832
38.844192 2.67348669
38.944824 2.67337822
39.045457 2.67326517
39.146089 2.67314897
39.246722 2.67303055
39.347355 2.67291053
39.447987 2.67278934
39.548620 2.67266732
39.649252 2.67254479
39.749885 2.67242226
39.850518 2.67230065
39.951150 2.67218207
40.051783 2.67207179
40.152416 2.67198556
40.253048 2.67198572
40.353681 2.67240439
40.454313 2.67408384
40.554946 2.67684733
40.655579 2.68009117
40.756211 2.68285589
40.856844 2.68367076
40.957477 2.68032340
41.058109 2.66950199
41.158742 2.64622744
41.259374 2.60327304
41.360007 2.52995923
41.460640 2.41218482
41.561272 2.23803633
41.661905 2.01443468
41.762538 1.79434069
41.863170 1.67214066
41.963803 1.70922981
42.064435 1.86869966
42.165068 2.05492610
42.265701 2.19532191
42.366333 2.26435166
42.466966 2.26225778
42.567598 2.19518860
42.668231 2.06764258
42.768864 1.88430975
42.869496 1.66065930
42.970129 1.44145445
43.070762 1.30031003
43.171394 1.28153702
43.272027 1.34009203
43.372659 1.37188815
43.473292 1.28763737
43.573925 1.05263737
43.674557 0.71453039
43.775190 0.42785299
43.875823 0.38331017
43.976455 0.63668115
44.077088 1.05433217
44.177720 1.45687691
44.278353 1.74919128
44.378986 1.91689761
44.479618 1.97476809
44.580251 1.93813801
44.680884 1.81451503
44.781516 1.60364782
44.882149 1.30165320
44.982781 0.91466250
45.083414 0.49336204
45.184047 0.16064046
45.284679 0.04941922
45.385312 0.17780209
45.485944 0.45641351
45.586577 0.79015186
45.687210 1.09103834
45.787842 1.32352012
45.888475 1.54019232
45.989108 1.77564477
46.089740 1.99333102
46.190373 2.16424962
46.291005 2.29078083
46.391638 2.38381642
46.492271 2.45258947
46.592903 2.50357711
46.693536 2.54123529
46.794169 2.56846488
46.894801 2.58716374
46.995434 2.59838359
47.096066 2.60287780
47.196699 2.60357912
47.297332 2.60370784
47.397964 2.60368938
47.498597 2.60361946
47.599230 2.60352646
47.699862 2.60342161
47.800495 2.60331018
47.901127 2.60319491
48.001760 2.60307733
48.102393 2.60295830
48.203025 2.60283837
48.303658 2.60271784
48.404290 2.60259693
48.504923 2.60247577
48.605556 2.60235443
48.706188 2.60223299
48.806821 2.60211146
48.907454 2.60198996
49.008086 2.60186923
49.108719 2.60174935
49.209351 2.60163034
49.309984 2.60151219
49.410617 2.60139491
49.511249 2.60127851
49.611882 2.60116298
49.712515 2.60104833
49.813147 2.60093455
49.913780 2.60082165
50.014412 2.60070963
50.115045 2.60059848
50.215678 2.60048822
50.316310 2.60037883
50.416943 2.60027032
50.517576 2.60016269
50.618208 2.60005594
50.718841 2.59995006
50.819473 2.59984507
50.920106 2.59974095
51.020739 2.59963771
51.121371 2.59953535
51.222004 2.59943387
51.322636 2.59933326
51.423269 2.59923354
51.523902 2.59913469
51.624534 2.59903672
51.725167 2.59893963
51.825800 2.59884342
51.926432 2.59874808
52.027065 2.59865363
52.127697 2.59856005
52.228330 2.59846735
52.328963 2.59837553
52.429595 2.59828458
52.530228 2.59819452
52.630861 2.59810533
52.731493 2.59801702
52.832126 2.59792959
52.932758 2.59784304
53.033391 2.59775736
53.134024 2.59767257
53.234656 2.59758865
53.335289 2.59750561
53.435921 2.59742345
53.536554 2.59734216
53.637187 2.59726175
53.737819 2.59718223
53.838452 2.59710358
53.939085 2.59702580
54.039717 2.59694891
54.140350 2.59687289
54.240982 2.59679775
54.341615 2.59672349
54.442248 2.59665011
54.542880 2.59657761
54.643513 2.59650598
54.744146 2.59643523
54.844778 2.59636536
54.945411 2.59629637
55.046043 2.59622825
55.146676 2.59616102
55.247309 2.59609466
55.347941 2.59602918
55.448574 2.59596457
55.549207 2.59590085
55.649839 2.59583800
55.750472 2.59577603
55.851104 2.59571494
55.951737 2.59565473
56.052370 2.59559539
56.153002 2.59553694
56.253635 2.59547936
56.354267 2.59542266
56.454900 2.59536683
56.555533 2.59531189
56.656165 2.59525782
56.756798 2.59520463
56.857431 2.59515232
56.958063 2.59510088
57.058696 2.59505033
57.159328 2.59500065
57.259961 2.59495185
57.360594 2.59490393
57.461226 2.59485688
57.561859 2.59481072
57.662492 2.59476543
57.763124 2.59472102
57.863757 2.59467749
57.964389 2.59463483
58.065022 2.59459306
58.165655 2.59455216
58.266287 2.59451214
58.366920 2.59447300
58.467553 2.59443473
58.568185 2.59439735
58.668818 2.59436084
58.769450 2.59432521
58.870083 2.59429046
58.970716 2.59425658
59.071348 2.59422358
59.171981 2.59419147
59.272613 2.59416023
59.373246 2.59412986
59.473879 2.59410038
59.574511 2.59407177
59.675144 2.59404405
59.775777 2.59401720
59.876409 2.59399122
59.977042 2.59396613
60.077674 2.59394191
60.178307 2.59391858
60.278940 2.59389612
60.379572 2.59387454
60.480205 2.59385383
60.580838 2.59383401
60.681470 2.59381506
60.782103 2.59379699
60.882735 2.59377980
60.983368 2.59376349
61.084001 2.59374805
61.184633 2.59373350
61.285266 2.59371982
61.385899 2.59370702
61.486531 2.59369510
61.587164 2.59368405
61.687796 2.59367389
61.788429 2.59366460
61.889062 2.59365619
61.989694 2.59364866
62.090327 2.59364200
62.190959 2.59363623
62.291592 2.59363133
62.392225 2.59362732
62.492857 2.59362418
62.593490 2.59362191
62.694123 2.59362053
62.794755 2.59362002
62.895388 2.59362040
62.996020 2.59362165
63.096653 2.59362378
63.197286 2.59362679
63.297918 2.59363067
63.398551 2.59363544
63.499184 2.59364108
63.599816 2.59364760
63.700449 2.59365500
63.801081 2.59366328
63.901714 2.59367243
64.002347 2.59368247
64.102979 2.59369338
64.203612 2.59370517
64.304245 2.59371784
64.404877 2.59373139
64.505510 2.59374582
64.606142 2.59376112
64.706775 2.59377730
64.807408 2.59379437
64.908040 2.59381231
65.008673 2.59383112
65.109305 2.59385082
65.209938 2.59387140
65.310571 2.59389285
65.411203 2.59391518
65.511836 2.59393839
65.612469 2.59396248
65.713101 2.59398745
65.813734 2.59401330
65.914366 2.59404002
66.014999 2.59406762
66.115632 2.59409611
66.216264 2.59412547
66.316897 2.59415570
66.417530 2.59418682
66.518162 2.59421882
66.618795 2.59425169
66.719427 2.59428544
66.820060 2.59432008
66.920693 2.59435559
67.021325 2.59439197
67.121958 2.59442924
67.222591 2.59446739
67.323223 2.59450641
67.423856 2.59454631
67.524488 2.59458710
67.625121 2.59462876
67.725754 2.59467130
67.826386 2.59471471
67.927019 2.59475901
68.027651 2.59480418
68.128284 2.59485024
68.228917 2.59489717
68.329549 2.59494498
68.430182 2.59499367
68.530815 2.59504324
68.631447 2.59509369
68.732080 2.59514501
68.832712 2.59519722
68.933345 2.59525030
69.033978 2.59530426
69.134610 2.59535910
69.235243 2.59541482
69.335876 2.59547142
69.436508 2.59552890
69.537141 2.59558725
69.637773 2.59564649
69.738406 2.59570660
69.839039 2.59576759
69.939671 2.59582939
70.040304 2.59589126
70.140937 2.59595313
70.241569 2.59601500
70.342202 2.59607687
70.442834 2.59613875
70.543467 2.59620062
70.644100 2.59626252
70.744732 2.59632436
