0.100633 1.92014394
0.201265 1.92014533
0.301898 1.92014388
0.402530 1.92014374
0.503163 1.92014376
0.603796 1.92014378
0.704428 1.92014381
0.805061 1.92014383
0.905694 1.92014385
1.006326 1.92014387
1.106959 1.92014388
1.207591 1.92014390
1.308224 1.92014392
1.408857 1.92014393
1.509489 1.92014394
1.610122 1.92014395
1.710755 1.92014396
1.811387 1.92014396
1.912020 1.92014396
2.012652 1.92014396
2.113285 1.92014396
2.213918 1.92014395
2.314550 1.92014394
2.415183 1.92014393
2.515816 1.92014392
2.616448 1.92014390
2.717081 1.92014388
2.817713 1.92014385
2.918346 1.92014382
3.018979 1.92014379
3.119611 1.92014375
3.220244 1.92014371
3.320876 1.92014367
3.421509 1.92014362
3.522142 1.92014357
3.622774 1.92014351
3.723407 1.92014346
3.824040 1.92014339
3.924672 1.92014333
4.025305 1.92014325
4.125937 1.92014318
4.226570 1.92014309
4.327203 1.92014301
4.427835 1.92014292
4.528468 1.92014283
4.629101 1.92014273
4.729733 1.92014263
4.830366 1.92014252
4.930998 1.92014241
5.031631 1.92014229
5.132264 1.92014217
5.232896 1.92014204
5.333529 1.92014192
5.434162 1.92014178
5.534794 1.92014164
5.635427 1.92014150
5.736059 1.92014136
5.836692 1.92014120
5.937325 1.92014105
6.037957 1.92014089
6.138590 1.92014073
6.239222 1.92014056
6.339855 1.92014040
6.440488 1.92014022
6.541120 1.92014005
6.641753 1.92013987
6.742386 1.92013969
6.843018 1.92013950
6.943651 1.92013932
7.044283 1.92013912
7.144916 1.92013893
7.245549 1.92013874
7.346181 1.92013854
7.446814 1.92013834
7.547447 1.92013815
7.648079 1.92013794
7.748712 1.92013774
7.849344 1.92013753
7.949977 1.92013734
8.050610 1.92013713
8.151242 1.92013693
8.251875 1.92013672
8.352508 1.92013652
8.453140 1.92013632
8.553773 1.92013612
8.654405 1.92013592
8.755038 1.92013573
8.855671 1.92013553
8.956303 1.92013534
9.056936 1.92013515
9.157568 1.92013497
9.258201 1.92013479
9.358834 1.92013462
9.459466 1.92013444
9.560099 1.92013428
9.660732 1.92013412
9.761364 1.92013397
9.861997 1.92013382
9.962629 1.92013369
10.063262 1.92013355
10.163895 1.92013344
10.264527 1.92013332
10.365160 1.92013322
10.465793 1.92013312
10.566425 1.92013305
10.667058 1.92013297
10.767690 1.92013292
10.868323 1.92013287
10.968956 1.92013284
11.069588 1.92013282
11.170221 1.92013282
11.270853 1.92013283
11.371486 1.92013287
11.472119 1.92013291
11.572751 1.92013298
11.673384 1.92013305
11.774017 1.92013316
11.874649 1.92013328
11.975282 1.92013343
12.075914 1.92013359
12.176547 1.92013378
12.277180 1.92013399
12.377812 1.92013423
12.478445 1.92013449
12.579078 1.92013478
12.679710 1.92013509
12.780343 1.92013544
12.880975 1.92013581
12.981608 1.92013622
13.082241 1.92013665
13.182873 1.92013712
13.283506 1.92013761
13.384139 1.92013816
13.484771 1.92013872
13.585404 1.92013933
13.686036 1.92013997
13.786669 1.92014066
13.887302 1.92014137
13.987934 1.92014214
14.088567 1.92014294
14.189199 1.92014380
14.289832 1.92014468
14.390465 1.92014562
14.491097 1.92014660
14.591730 1.92014764
14.692363 1.92014871
14.792995 1.92014985
14.893628 1.92015102
14.994260 1.92015227
15.094893 1.92015355
15.195526 1.92015490
15.296158 1.92015629
15.396791 1.92015776
15.497424 1.92015926
15.598056 1.92016085
15.698689 1.92016248
15.799321 1.92016419
15.899954 1.92016595
16.000587 1.92016779
16.101219 1.92016967
16.201852 1.92017165
16.302485 1.92017367
16.403117 1.92017579
16.503750 1.92017795
16.604382 1.92018021
16.705015 1.92018252
16.805648 1.92018493
16.906280 1.92018739
17.006913 1.92018995
17.107545 1.92019256
17.208178 1.92019527
17.308811 1.92019804
17.409443 1.92020091
17.510076 1.92020383
17.610709 1.92020686
17.711341 1.92020994
17.811974 1.92021312
17.912606 1.92021635
18.013239 1.92021968
18.113872 1.92022306
18.214504 1.92022653
18.315137 1.92023003
18.415770 1.92023363
18.516402 1.92023724
18.617035 1.92024093
18.717667 1.92024463
18.818300 1.92024837
18.918933 1.92025210
19.019565 1.92025584
19.120198 1.92025952
19.220831 1.92026316
19.321463 1.92026669
19.422096 1.92027011
19.522728 1.92027333
19.623361 1.92027633
19.723994 1.92027901
19.824626 1.92028132
19.925259 1.92028311
20.025891 1.92028430
20.126524 1.92028471
20.227157 1.92028419
20.327789 1.92028246
20.428422 1.92027932
20.529055 1.92027437
20.629687 1.92026726
20.730320 1.92025743
20.830952 1.92024433
20.931585 1.92022714
21.032218 1.92020498
21.132850 1.92017664
21.233483 1.92014071
21.334116 1.92009534
21.434748 1.92003832
21.535381 1.91996676
21.636013 1.91987711
21.736646 1.91976477
21.837279 1.91962397
21.937911 1.91944723
22.038544 1.91922503
22.139177 1.91894492
22.239809 1.91859084
22.340442 1.91814167
22.441074 1.91756975
22.541707 1.91683832
22.642340 1.91589871
22.742972 1.91468560
22.843605 1.91311136
22.944237 1.91105730
23.044870 1.90836247
23.145503 1.90480666
23.246135 1.90008849
23.346768 1.89379188
23.447401 1.88534254
23.548033 1.87394144
23.648666 1.85847765
23.749298 1.83739534
23.849931 1.80851790
23.950564 1.76878259
24.051196 1.71388490
24.151829 1.63775932
24.252462 1.53186823
24.353094 1.38425066
24.453727 1.17810706
24.554359 0.89028829
24.654992 0.48925303
24.755625 -0.05845039
24.856257 -0.73141184
24.956890 -1.31460683
25.057523 -1.50047618
25.158155 -1.40373323
25.258788 -1.46740744
25.359420 -1.96637773
25.460053 -3.00286504
25.560686 -4.63427808
25.661318 -6.86440833
25.761951 -9.49285791
25.862583 -11.88367835
25.963216 -13.07302016
26.063849 -12.54637368
26.164481 -10.78361544
26.265114 -8.70532699
26.365747 -6.92637092
26.466379 -5.67706600
26.567012 -5.03011646
26.667644 -5.03392682
26.768277 -5.73675517
26.868910 -7.14043286
26.969542 -9.06094152
27.070175 -10.90035864
27.170808 -11.69589897
27.271440 -10.85210375
27.372073 -8.77874591
27.472705 -6.42674409
27.573338 -4.47792395
27.673971 -3.18072130
27.774603 -2.57192596
27.875236 -2.64310969
27.975869 -3.39622592
28.076501 -4.83402328
28.177134 -6.88740103
28.277766 -9.21723144
28.378399 -11.02448531
28.479032 -11.40017784
28.579664 -10.18460226
28.680297 -8.14938629
28.780929 -6.21038714
28.881562 -4.85490844
28.982195 -4.21568552
29.082827 -4.30176214
29.183460 -5.10596279
29.284093 -6.61546086
29.384725 -8.76762694
29.485358 -11.29681226
29.585990 -13.50716035
29.686623 -14.39762062
29.787256 -13.45004375
29.887888 -11.18731042
29.988521 -8.61889843
30.089154 -6.44380349
30.189786 -4.92108548
30.290419 -4.10284584
30.391051 -3.99330397
30.491684 -4.59571988
30.592317 -5.90584963
30.692949 -7.81700181
30.793582 -9.89856082
30.894215 -11.27376998
30.994847 -11.10598809
31.095480 -9.42962662
31.196112 -7.11208939
31.296745 -5.00334674
31.397378 -3.49675934
31.498010 -2.68496748
31.598643 -2.57117312
31.699275 -3.15295978
31.799908 -4.43390448
31.900541 -6.36311580
32.001173 -8.65729397
32.101806 -10.58933330
32.202439 -11.21114694
32.303071 -10.18867238
32.403704 -8.17977590
32.504336 -6.13535232
32.604969 -4.61658657
32.705602 -3.79794150
32.806234 -3.70014895
32.906867 -4.31802919
33.007500 -5.65180066
33.108132 -7.66824884
33.208765 -10.16572785
33.309397 -12.54026171
33.410030 -13.79705308
33.510663 -13.25604262
33.611295 -11.25722433
33.711928 -8.77307037
33.812560 -6.56605600
33.913193 -4.95743088
34.013826 -4.02779181
34.114458 -3.79062347
34.215091 -4.25591927
34.315724 -5.42676084
34.416356 -7.23165505
34.516989 -9.32965686
34.617621 -10.92143425
34.718254 -11.09392409
34.818887 -9.67724065
34.919519 -7.43571558
35.020152 -5.28619497
35.120785 -3.71990325
35.221417 -2.87166357
35.322050 -2.75140575
35.422682 -3.35409326
35.523315 -4.66734230
35.623948 -6.60422124
35.724580 -8.80918703
35.825213 -10.47092491
35.925846 -10.66832947
36.026478 -9.22612089
36.127111 -6.89992505
36.227743 -4.58897446
36.328376 -2.75799536
36.429009 -1.50880235
36.529641 -0.81077277
36.630274 -0.59840271
36.730906 -0.71709123
36.831539 -0.79303089
36.932172 -0.45204889
37.032804 0.19594117
37.133437 0.82824467
37.234070 1.32365424
37.334702 1.69479436
37.435335 1.97287613
37.535967 2.18050070
37.636600 2.33494938
37.737233 2.44838592
37.837865 2.52731592
37.938498 2.57745457
38.039131 2.60355460
38.139763 2.61002767
38.240396 2.61127003
38.341028 2.61176991
38.441661 2.61208200
38.542294 2.61231845
38.642926 2.61251683
38.743559 2.61269374
38.844192 2.61285753
38.944824 2.61301291
39.045457 2.61316267
39.146089 2.61330860
39.246722 2.61345185
39.347355 2.61359323
39.447987 2.61373332
39.548620 2.61387259
39.649252 2.61401150
39.749885 2.61415066
39.850518 2.61429114
39.951150 2.61443507
40.051783 2.61458737
40.152416 2.61476162
40.253048 2.61500743
40.353681 2.61555277
40.454313 2.61730301
40.554946 2.62022402
40.655579 2.62376722
40.756211 2.62704105
40.856844 2.62867579
40.957477 2.62660777
41.058109 2.61774137
41.158742 2.59743983
41.259374 2.55893668
41.360007 2.49217907
41.460640 2.38356211
41.561272 2.22003193
41.661905 2.00308324
41.762538 1.77638365
41.863170 1.63085741
41.963803 1.64018190
42.064435 1.78487739
42.165068 1.97330108
42.265701 2.12498659
42.366333 2.20704365
42.466966 2.21708560
42.567598 2.16112807
42.668231 2.04398277
42.768864 1.86989837
42.869496 1.65128725
42.970129 1.42671881
43.070762 1.26741209
43.171394 1.22833623
43.272027 1.28020963
43.372659 1.32335657
43.473292 1.26209645
43.573925 1.05125137
43.674557 0.72248067
43.775190 0.41437303
43.875823 0.32298897
43.976455 0.53485415
44.077088 0.93986742
44.177720 1.35419765
44.278353 1.66683574
44.378986 1.85391605
44.479618 1.92823848
44.580251 1.90608978
44.680884 1.79627364
44.781516 1.59957412
44.882149 1.31218040
44.982781 0.93704497
45.083414 0.51525556
45.184047 0.15950041
45.284679 0.00975493
45.385312 0.10644469
45.485944 0.36934234
45.586577 0.70157796
45.687210 1.01313838
45.787842 1.25403923
45.888475 1.46740710
45.989108 1.70022987
46.089740 1.92362566
46.190373 2.10271328
46.291005 2.23602597
46.391638 2.33414080
46.492271 2.40673049
46.592903 2.46063626
46.693536 2.50061144
46.794169 2.52975734
46.894801 2.55008542
46.995434 2.56283508
47.096066 2.56858193
47.196699 2.56986318
47.297332 2.57031575
47.397964 2.57057785
47.498597 2.57077796
47.599230 2.57095095
47.699862 2.57111008
47.800495 2.57126153
47.901127 2.57140849
48.001760 2.57155272
48.102393 2.57169524
48.203025 2.57183667
48.303658 2.57197740
48.404290 2.57211767
48.504923 2.57225763
48.605556 2.57239738
48.706188 2.57253699
48.806821 2.57267651
48.907454 2.57281592
49.008086 2.57295494
49.108719 2.57309354
49.209351 2.57323173
49.309984 2.57336951
49.410617 2.57350689
49.511249 2.57364388
49.611882 2.57378047
49.712515 2.57391667
49.813147 2.57405248
49.913780 2.57418790
50.014412 2.57432293
50.115045 2.57445758
50.215678 2.57459183
50.316310 2.57472569
50.416943 2.57485917
50.517576 2.57499225
50.618208 2.57512495
50.718841 2.57525726
50.819473 2.57538919
50.920106 2.57552072
51.020739 2.57565187
51.121371 2.57578263
51.222004 2.57591300
51.322636 2.57604298
51.423269 2.57617258
51.523902 2.57630178
51.624534 2.57643060
51.725167 2.57655903
51.825800 2.57668708
51.926432 2.57681473
52.027065 2.57694200
52.127697 2.57706888
52.228330 2.57719537
52.328963 2.57732148
52.429595 2.57744719
52.530228 2.57757252
52.630861 2.57769746
52.731493 2.57782201
52.832126 2.57794618
52.932758 2.57806996
53.033391 2.57819334
53.134024 2.57831635
53.234656 2.57843896
53.335289 2.57856119
53.435921 2.57868302
53.536554 2.57880447
53.637187 2.57892554
53.737819 2.57904621
53.838452 2.57916650
53.939085 2.57928640
54.039717 2.57940591
54.140350 2.57952503
54.240982 2.57964377
54.341615 2.57976211
54.442248 2.57988007
54.542880 2.57999764
54.643513 2.58011483
54.744146 2.58023162
54.844778 2.58034803
54.945411 2.58046405
55.046043 2.58057969
55.146676 2.58069493
55.247309 2.58080979
55.347941 2.58092426
55.448574 2.58103834
55.549207 2.58115203
55.649839 2.58126534
55.750472 2.58137825
55.851104 2.58149078
55.951737 2.58160292
56.052370 2.58171468
56.153002 2.58182604
56.253635 2.58193702
56.354267 2.58204761
56.454900 2.58215781
56.555533 2.58226763
56.656165 2.58237705
56.756798 2.58248609
56.857431 2.58259474
56.958063 2.58270301
57.058696 2.58281088
57.159328 2.58291837
57.259961 2.58302546
57.360594 2.58313218
57.461226 2.58323850
57.561859 2.58334443
57.662492 2.58344998
57.763124 2.58355514
57.863757 2.58365991
57.964389 2.58376429
58.065022 2.58386828
58.165655 2.58397189
58.266287 2.58407511
58.366920 2.58417794
58.467553 2.58428038
58.568185 2.58438243
58.668818 2.58448410
58.769450 2.58458538
58.870083 2.58468627
58.970716 2.58478677
59.071348 2.58488688
59.171981 2.58498661
59.272613 2.58508594
59.373246 2.58518489
59.473879 2.58528345
59.574511 2.58538163
59.675144 2.58547941
59.775777 2.58557681
59.876409 2.58567381
59.977042 2.58577043
60.077674 2.58586666
60.178307 2.58596251
60.278940 2.58605796
60.379572 2.58615303
60.480205 2.58624771
60.580838 2.58634200
60.681470 2.58643590
60.782103 2.58652941
60.882735 2.58662254
60.983368 2.58671527
61.084001 2.58680762
61.184633 2.58689958
61.285266 2.58699115
61.385899 2.58708233
61.486531 2.58717313
61.587164 2.58726353
61.687796 2.58735355
61.788429 2.58744318
61.889062 2.58753242
61.989694 2.58762127
62.090327 2.58770974
62.190959 2.58779781
62.291592 2.58788550
62.392225 2.58797280
62.492857 2.58805971
62.593490 2.58814623
62.694123 2.58823236
62.794755 2.58831811
62.895388 2.58840346
62.996020 2.58848843
63.096653 2.58857301
63.197286 2.58865720
63.297918 2.58874100
63.398551 2.58882441
63.499184 2.58890744
63.599816 2.58899007
63.700449 2.58907232
63.801081 2.58915418
63.901714 2.58923564
64.002347 2.58931672
64.102979 2.58939742
64.203612 2.58947772
64.304245 2.58955763
64.404877 2.58963716
64.505510 2.58971630
64.606142 2.58979504
64.706775 2.58987340
64.807408 2.58995137
64.908040 2.59002895
65.008673 2.59010615
65.109305 2.59018295
65.209938 2.59025936
65.310571 2.59033539
65.411203 2.59041103
65.511836 2.59048627
65.612469 2.59056113
65.713101 2.59063560
65.813734 2.59070969
65.914366 2.59078338
66.014999 2.59085668
66.115632 2.59092959
66.216264 2.59100212
66.316897 2.59107426
66.417530 2.59114600
66.518162 2.59121736
66.618795 2.59128833
66.719427 2.59135891
66.820060 2.59142910
66.920693 2.59149890
67.021325 2.59156831
67.121958 2.59163734
67.222591 2.59170597
67.323223 2.59177422
67.423856 2.59184207
67.524488 2.59190954
67.625121 2.59197662
67.725754 2.59204331
67.826386 2.59210960
67.927019 2.59217551
68.027651 2.59224103
68.128284 2.59230617
68.228917 2.59237091
68.329549 2.59243526
68.430182 2.59249922
68.530815 2.59256280
68.631447 2.59262598
68.732080 2.59268878
68.832712 2.59275118
68.933345 2.59281320
69.033978 2.59287483
69.134610 2.59293606
69.235243 2.59299691
69.335876 2.59305737
69.436508 2.59311744
69.537141 2.59317712
69.637773 2.59323641
69.738406 2.59329531
69.839039 2.59335382
69.939671 2.59341198
70.040304 2.59347010
70.140937 2.59352822
70.241569 2.59358634
70.342202 2.59364446
70.442834 2.59370259
70.543467 2.59376071
70.644100 2.59381886
70.744732 2.59387696
