0.100633 1.92202515
0.201265 1.92202693
0.301898 1.92202503
0.402530 1.92202484
0.503163 1.92202486
0.603796 1.92202489
0.704428 1.92202491
0.805061 1.92202494
0.905694 1.92202497
1.006326 1.92202500
1.106959 1.92202503
1.207591 1.92202507
1.308224 1.92202511
1.408857 1.92202515
1.509489 1.92202519
1.610122 1.92202524
1.710755 1.92202528
1.811387 1.92202534
1.912020 1.92202539
2.012652 1.92202545
2.113285 1.92202552
2.213918 1.92202558
2.314550 1.92202565
2.415183 1.92202573
2.515816 1.92202581
2.616448 1.92202590
2.717081 1.92202599
2.817713 1.92202608
2.918346 1.92202618
3.018979 1.92202629
3.119611 1.92202640
3.220244 1.92202652
3.320876 1.92202664
3.421509 1.92202677
3.522142 1.92202691
3.622774 1.92202705
3.723407 1.92202720
3.824040 1.92202736
3.924672 1.92202752
4.025305 1.92202769
4.125937 1.92202787
4.226570 1.92202805
4.327203 1.92202824
4.427835 1.92202845
4.528468 1.92202865
4.629101 1.92202887
4.729733 1.92202909
4.830366 1.92202932
4.930998 1.92202956
5.031631 1.92202981
5.132264 1.92203007
5.232896 1.92203033
5.333529 1.92203061
5.434162 1.92203089
5.534794 1.92203118
5.635427 1.92203148
5.736059 1.92203179
5.836692 1.92203211
5.937325 1.92203243
6.037957 1.92203277
6.138590 1.92203312
6.239222 1.92203347
6.339855 1.92203384
6.440488 1.92203421
6.541120 1.92203460
6.641753 1.92203499
6.742386 1.92203539
6.843018 1.92203581
6.943651 1.92203623
7.044283 1.92203666
7.144916 1.92203710
7.245549 1.92203756
7.346181 1.92203802
7.446814 1.92203849
7.547447 1.92203897
7.648079 1.92203947
7.748712 1.92203996
7.849344 1.92204048
7.949977 1.92204100
8.050610 1.92204153
8.151242 1.92204207
8.251875 1.92204262
8.352508 1.92204317
8.453140 1.92204375
8.553773 1.92204432
8.654405 1.92204491
8.755038 1.92204550
8.855671 1.92204611
8.956303 1.92204672
9.056936 1.92204735
9.157568 1.92204798
9.258201 1.92204863
9.358834 1.92204927
9.459466 1.92204993
9.560099 1.92205060
9.660732 1.92205128
9.761364 1.92205196
9.861997 1.92205265
9.962629 1.92205335
10.063262 1.92205406
10.163895 1.92205477
10.264527 1.92205549
10.365160 1.92205622
10.465793 1.92205696
10.566425 1.92205769
10.667058 1.92205845
10.767690 1.92205920
10.868323 1.92205996
10.968956 1.92206072
11.069588 1.92206150
11.170221 1.92206227
11.270853 1.92206306
11.371486 1.92206384
11.472119 1.92206464
11.572751 1.92206543
11.673384 1.92206623
11.774017 1.92206703
11.874649 1.92206784
11.975282 1.92206865
12.075914 1.92206946
12.176547 1.92207027
12.277180 1.92207109
12.377812 1.92207190
12.478445 1.92207273
12.579078 1.92207354
12.679710 1.92207437
12.780343 1.92207518
12.880975 1.92207600
12.981608 1.92207682
13.082241 1.92207764
13.182873 1.92207845
13.283506 1.92207927
13.384139 1.92208007
13.484771 1.92208089
13.585404 1.92208168
13.686036 1.92208249
13.786669 1.92208328
13.887302 1.92208408
13.987934 1.92208486
14.088567 1.92208565
14.189199 1.92208641
14.289832 1.92208719
14.390465 1.92208794
14.491097 1.92208870
14.591730 1.92208944
14.692363 1.92209018
14.792995 1.92209090
14.893628 1.92209162
14.994260 1.92209232
15.094893 1.92209302
15.195526 1.92209370
15.296158 1.92209438
15.396791 1.92209503
15.497424 1.92209568
15.598056 1.92209631
15.698689 1.92209693
15.799321 1.92209752
15.899954 1.92209811
16.000587 1.92209867
16.101219 1.92209923
16.201852 1.92209976
16.302485 1.92210027
16.403117 1.92210076
16.503750 1.92210124
16.604382 1.92210168
16.705015 1.92210212
16.805648 1.92210251
16.906280 1.92210290
17.006913 1.92210324
17.107545 1.92210358
17.208178 1.92210387
17.308811 1.92210414
17.409443 1.92210436
17.510076 1.92210457
17.610709 1.92210473
17.711341 1.92210485
17.811974 1.92210493
17.912606 1.92210497
18.013239 1.92210494
18.113872 1.92210488
18.214504 1.92210474
18.315137 1.92210454
18.415770 1.92210427
18.516402 1.92210391
18.617035 1.92210346
18.717667 1.92210291
18.818300 1.92210223
18.918933 1.92210142
19.019565 1.92210044
19.120198 1.92209929
19.220831 1.92209792
19.321463 1.92209631
19.422096 1.92209441
19.522728 1.92209217
19.623361 1.92208952
19.723994 1.92208642
19.824626 1.92208274
19.925259 1.92207840
20.025891 1.92207327
20.126524 1.92206719
20.227157 1.92205997
20.327789 1.92205139
20.428422 1.92204116
20.529055 1.92202895
20.629687 1.92201433
20.730320 1.92199680
20.830952 1.92197573
20.931585 1.92195034
21.032218 1.92191968
21.132850 1.92188256
21.233483 1.92183749
21.334116 1.92178264
21.434748 1.92171568
21.535381 1.92163371
21.636013 1.92153303
21.736646 1.92140898
21.837279 1.92125559
21.937911 1.92106522
22.038544 1.92082803
22.139177 1.92053127
22.239809 1.92015833
22.340442 1.91968748
22.441074 1.91909011
22.541707 1.91832832
22.642340 1.91735172
22.742972 1.91609272
22.843605 1.91446054
22.944237 1.91233212
23.044870 1.90954045
23.145503 1.90585687
23.246135 1.90096819
23.346768 1.89444176
23.447401 1.88568005
23.548033 1.87385124
23.648666 1.85779822
23.749298 1.83589966
23.849931 1.80588657
23.950564 1.76456499
24.051196 1.70744516
24.151829 1.62820020
24.252462 1.51792508
24.353094 1.36415165
24.453727 1.14937121
24.554359 0.84949264
24.654992 0.43202521
24.755625 -0.13465842
24.856257 -0.81292771
24.956890 -1.35856298
25.057523 -1.48969161
25.158155 -1.38831318
25.258788 -1.49572001
25.359420 -2.05714421
25.460053 -3.16424000
25.560686 -4.87101360
25.661318 -7.16770755
25.761951 -9.81143306
25.862583 -12.10610951
25.963216 -13.09283650
26.063849 -12.37110830
26.164481 -10.52334558
26.265114 -8.46185051
26.365747 -6.74498920
26.466379 -5.57049429
26.567012 -5.00381948
26.667644 -5.09338028
26.768277 -5.88570925
26.868910 -7.37031880
26.969542 -9.32322545
27.070175 -11.08476549
27.170808 -11.68690911
27.271440 -10.64419453
27.372073 -8.48183575
27.472705 -6.15293031
27.573338 -4.27900412
27.673971 -3.06796530
27.774603 -2.54497592
27.875236 -2.70131246
27.975869 -3.54056886
28.076501 -5.06265416
28.177134 -7.17776466
28.277766 -9.49450253
28.378399 -11.16462606
28.479032 -11.32600011
28.579664 -9.95252091
28.680297 -7.88596565
28.780929 -6.00358762
28.881562 -4.73551870
28.982195 -4.18851636
29.082827 -4.36603951
29.183460 -5.26092510
29.284093 -6.85808164
29.384725 -9.08005856
29.485358 -11.61806827
29.585990 -13.71624217
29.686623 -14.38105940
29.787256 -13.21748408
29.887888 -10.86128831
29.988521 -8.31533372
30.089154 -6.21627950
30.189786 -4.78345528
30.290419 -4.05667066
30.391051 -4.03909014
30.491684 -4.73453872
30.592317 -6.13305966
30.692949 -8.10052321
30.793582 -10.14615152
30.894215 -11.35325032
30.994847 -10.95984584
31.095480 -9.14051826
31.196112 -6.81088186
31.296745 -4.76900224
31.397378 -3.35362302
31.498010 -2.63587736
31.598643 -2.61606141
31.699275 -3.29307281
31.799908 -4.66832183
31.900541 -6.67264386
32.001173 -8.96960295
32.101806 -10.76988107
32.202439 -11.15584611
32.303071 -9.93625160
32.403704 -7.86689551
32.504336 -5.86987551
32.604969 -4.43976340
32.705602 -3.71612129
32.806234 -3.71170873
32.906867 -4.42184323
33.007500 -5.84678043
33.108132 -7.94355654
33.208765 -10.47308406
33.309397 -12.76872213
33.410030 -13.82380731
33.510663 -13.06560633
33.611295 -10.95859271
33.711928 -8.48603536
33.812560 -6.34957126
33.913193 -4.82616036
34.013826 -3.98256676
34.114458 -3.83109378
34.215091 -4.38291571
34.315724 -5.63800596
34.416356 -7.50381599
34.516989 -9.58660125
34.617621 -11.03742792
34.718254 -10.99030009
34.818887 -9.41017408
34.919519 -7.13265113
35.020152 -5.03589004
35.120785 -3.55326566
35.221417 -2.79327231
35.322050 -2.76041833
35.422682 -3.45017859
35.523315 -4.84739249
35.623948 -6.84498489
35.724580 -9.03640117
35.825213 -10.56174880
35.925846 -10.54412439
36.026478 -8.93760667
36.127111 -6.56653615
36.227743 -4.29287645
36.328376 -2.52532665
36.429009 -1.33971113
36.529641 -0.69883836
36.630274 -0.53233644
36.730906 -0.66542093
36.831539 -0.69992762
36.932172 -0.30103047
37.032804 0.36533245
37.133437 0.98963793
37.234070 1.47496970
37.334702 1.83984826
37.435335 2.11485377
37.535967 2.32125462
37.636600 2.47517272
37.737233 2.58805412
37.837865 2.66608198
37.938498 2.71513180
38.039131 2.73983119
38.139763 2.74518063
38.240396 2.74667144
38.341028 2.74748615
38.441661 2.74811307
38.542294 2.74866148
38.642926 2.74916959
38.743559 2.74965471
38.844192 2.75012577
38.944824 2.75058782
39.045457 2.75104391
39.146089 2.75149594
39.246722 2.75194520
39.347355 2.75239254
39.447987 2.75283858
39.548620 2.75328386
39.649252 2.75372888
39.749885 2.75417433
39.850518 2.75462138
39.951150 2.75507234
40.051783 2.75553243
40.152416 2.75601587
40.253048 2.75657448
40.353681 2.75744914
40.454313 2.75954908
40.554946 2.76282084
40.655579 2.76670759
40.756211 2.77030812
40.856844 2.77223893
40.957477 2.77041683
41.058109 2.76171802
41.158742 2.74146282
41.259374 2.70282729
41.360007 2.63567981
41.460640 2.52634721
41.561272 2.36189221
41.661905 2.14443465
41.762538 1.91878966
41.863170 1.77643449
41.963803 1.78965516
42.064435 1.93674451
42.165068 2.12540855
42.265701 2.27611737
42.366333 2.35694288
42.466966 2.36586737
42.567598 2.30893915
42.668231 2.19093215
42.768864 2.01613603
42.869496 1.79730504
42.970129 1.57375151
43.070762 1.41707629
43.171394 1.38107794
43.272027 1.43453145
43.372659 1.47711046
43.473292 1.41386025
43.573925 1.20077618
43.674557 0.87117854
43.775190 0.56538166
43.875823 0.47911178
43.976455 0.69580996
44.077088 1.10275662
44.177720 1.51639945
44.278353 1.82737647
44.378986 2.01287587
44.479618 2.08594430
44.580251 2.06278595
44.680884 1.95207707
44.781516 1.75449598
44.882149 1.46620592
44.982781 1.09040264
45.083414 0.66898343
45.184047 0.31557814
45.284679 0.16965092
45.385312 0.26961326
45.485944 0.53427480
45.586577 0.86697820
45.687210 1.17795436
45.787842 1.41858427
45.888475 1.63301617
45.989108 1.86689417
46.089740 2.09034551
46.190373 2.26912778
46.291005 2.40225480
46.391638 2.50035828
46.492271 2.57306496
46.592903 2.62717426
46.693536 2.66740246
46.794169 2.69682447
46.894801 2.71743193
46.995434 2.73044136
47.096066 2.73643273
47.196699 2.73799674
47.297332 2.73875730
47.397964 2.73932886
47.498597 2.73983757
47.599230 2.74031831
47.699862 2.74078455
47.800495 2.74124265
47.901127 2.74169593
48.001760 2.74214625
48.102393 2.74259471
48.203025 2.74304196
48.303658 2.74348842
48.404290 2.74393437
48.504923 2.74437996
48.605556 2.74482531
48.706188 2.74527049
48.806821 2.74571557
48.907454 2.74616040
49.008086 2.74660347
49.108719 2.74704464
49.209351 2.74748391
49.309984 2.74792130
49.410617 2.74835680
49.511249 2.74879043
49.611882 2.74922218
49.712515 2.74965207
49.813147 2.75008008
49.913780 2.75050622
50.014412 2.75093050
50.115045 2.75135290
50.215678 2.75177344
50.316310 2.75219212
50.416943 2.75260892
50.517576 2.75302386
50.618208 2.75343693
50.718841 2.75384814
50.819473 2.75425748
50.920106 2.75466495
51.020739 2.75507056
51.121371 2.75547430
51.222004 2.75587617
51.322636 2.75627618
51.423269 2.75667432
51.523902 2.75707060
51.624534 2.75746501
51.725167 2.75785755
51.825800 2.75824823
51.926432 2.75863704
52.027065 2.75902398
52.127697 2.75940906
52.228330 2.75979228
52.328963 2.76017363
52.429595 2.76055311
52.530228 2.76093072
52.630861 2.76130647
52.731493 2.76168036
52.832126 2.76205238
52.932758 2.76242253
53.033391 2.76279082
53.134024 2.76315724
53.234656 2.76352179
53.335289 2.76388448
53.435921 2.76424531
53.536554 2.76460426
53.637187 2.76496136
53.737819 2.76531658
53.838452 2.76566994
53.939085 2.76602144
54.039717 2.76637107
54.140350 2.76671883
54.240982 2.76706473
54.341615 2.76740876
54.442248 2.76775093
54.542880 2.76809123
54.643513 2.76842967
54.744146 2.76876624
54.844778 2.76910094
54.945411 2.76943378
55.046043 2.76976476
55.146676 2.77009386
55.247309 2.77042111
55.347941 2.77074648
55.448574 2.77107000
55.549207 2.77139164
55.649839 2.77171142
55.750472 2.77202934
55.851104 2.77234539
55.951737 2.77265957
56.052370 2.77297189
56.153002 2.77328234
56.253635 2.77359093
56.354267 2.77389765
56.454900 2.77420251
56.555533 2.77450550
56.656165 2.77480663
56.756798 2.77510589
56.857431 2.77540329
56.958063 2.77569882
57.058696 2.77599248
57.159328 2.77628428
57.259961 2.77657421
57.360594 2.77686228
57.461226 2.77714849
57.561859 2.77743283
57.662492 2.77771530
57.763124 2.77799591
57.863757 2.77827465
57.964389 2.77855153
58.065022 2.77882654
58.165655 2.77909968
58.266287 2.77937097
58.366920 2.77964038
58.467553 2.77990793
58.568185 2.78017362
58.668818 2.78043744
58.769450 2.78069939
58.870083 2.78095948
58.970716 2.78121771
59.071348 2.78147407
59.171981 2.78172856
59.272613 2.78198119
59.373246 2.78223195
59.473879 2.78248085
59.574511 2.78272789
59.675144 2.78297305
59.775777 2.78321636
59.876409 2.78345779
59.977042 2.78369737
60.077674 2.78393507
60.178307 2.78417092
60.278940 2.78440489
60.379572 2.78463700
60.480205 2.78486725
60.580838 2.78509563
60.681470 2.78532215
60.782103 2.78554680
60.882735 2.78576958
60.983368 2.78599050
61.084001 2.78620956
61.184633 2.78642675
61.285266 2.78664207
61.385899 2.78685553
61.486531 2.78706713
61.587164 2.78727686
61.687796 2.78748472
61.788429 2.78769072
61.889062 2.78789485
61.989694 2.78809712
62.090327 2.78829752
62.190959 2.78849606
62.291592 2.78869273
62.392225 2.78888754
62.492857 2.78908048
62.593490 2.78927156
62.694123 2.78946077
62.794755 2.78964811
62.895388 2.78983360
62.996020 2.79001721
63.096653 2.79019896
63.197286 2.79037885
63.297918 2.79055687
63.398551 2.79073302
63.499184 2.79090731
63.599816 2.79107973
63.700449 2.79125029
63.801081 2.79141899
63.901714 2.79158581
64.002347 2.79175078
64.102979 2.79191387
64.203612 2.79207511
64.304245 2.79223447
64.404877 2.79239197
64.505510 2.79254761
64.606142 2.79270138
64.706775 2.79285329
64.807408 2.79300333
64.908040 2.79315150
65.008673 2.79329781
65.109305 2.79344225
65.209938 2.79358483
65.310571 2.79372555
65.411203 2.79386439
65.511836 2.79400138
65.612469 2.79413649
65.713101 2.79426974
65.813734 2.79440113
65.914366 2.79453065
66.014999 2.79465831
66.115632 2.79478410
66.216264 2.79490802
66.316897 2.79503008
66.417530 2.79515027
66.518162 2.79526860
66.618795 2.79538506
66.719427 2.79549966
66.820060 2.79561239
66.920693 2.79572326
67.021325 2.79583226
67.121958 2.79593939
67.222591 2.79604466
67.323223 2.79614806
67.423856 2.79624960
67.524488 2.79634928
67.625121 2.79644708
67.725754 2.79654302
67.826386 2.79663710
67.927019 2.79672931
68.027651 2.79681966
68.128284 2.79690813
68.228917 2.79699475
68.329549 2.79707950
68.430182 2.79716238
68.530815 2.79724339
68.631447 2.79732255
68.732080 2.79739983
68.832712 2.79747525
68.933345 2.79754880
69.033978 2.79762049
69.134610 2.79769031
69.235243 2.79775827
69.335876 2.79782436
69.436508 2.79788859
69.537141 2.79795095
69.637773 2.79801144
69.738406 2.79807007
69.839039 2.79812683
69.939671 2.79818189
70.040304 2.79823678
70.140937 2.79829168
70.241569 2.79834657
70.342202 2.79840147
70.442834 2.79845637
70.543467 2.79851127
70.644100 2.79856618
70.744732 2.79862106
