0.100633 1.92964691
0.201265 1.92964420
0.301898 1.92964707
0.402530 1.92964735
0.503163 1.92964732
0.603796 1.92964728
0.704428 1.92964724
0.805061 1.92964719
0.905694 1.92964715
1.006326 1.92964711
1.106959 1.92964707
1.207591 1.92964703
1.308224 1.92964698
1.408857 1.92964694
1.509489 1.92964690
1.610122 1.92964685
1.710755 1.92964681
1.811387 1.92964676
1.912020 1.92964672
2.012652 1.92964667
2.113285 1.92964662
2.213918 1.92964658
2.314550 1.92964653
2.415183 1.92964648
2.515816 1.92964643
2.616448 1.92964638
2.717081 1.92964633
2.817713 1.92964628
2.918346 1.92964623
3.018979 1.92964618
3.119611 1.92964612
3.220244 1.92964607
3.320876 1.92964601
3.421509 1.92964596
3.522142 1.92964590
3.622774 1.92964584
3.723407 1.92964578
3.824040 1.92964572
3.924672 1.92964566
4.025305 1.92964560
4.125937 1.92964553
4.226570 1.92964547
4.327203 1.92964540
4.427835 1.92964533
4.528468 1.92964526
4.629101 1.92964519
4.729733 1.92964511
4.830366 1.92964504
4.930998 1.92964496
5.031631 1.92964489
5.132264 1.92964480
5.232896 1.92964472
5.333529 1.92964464
5.434162 1.92964455
5.534794 1.92964446
5.635427 1.92964438
5.736059 1.92964428
5.836692 1.92964419
5.937325 1.92964409
6.037957 1.92964399
6.138590 1.92964389
6.239222 1.92964379
6.339855 1.92964368
6.440488 1.92964357
6.541120 1.92964346
6.641753 1.92964334
6.742386 1.92964323
6.843018 1.92964311
6.943651 1.92964298
7.044283 1.92964286
7.144916 1.92964272
7.245549 1.92964259
7.346181 1.92964246
7.446814 1.92964232
7.547447 1.92964217
7.648079 1.92964203
7.748712 1.92964188
7.849344 1.92964172
7.949977 1.92964157
8.050610 1.92964141
8.151242 1.92964124
8.251875 1.92964107
8.352508 1.92964090
8.453140 1.92964072
8.553773 1.92964054
8.654405 1.92964036
8.755038 1.92964016
8.855671 1.92963997
8.956303 1.92963977
9.056936 1.92963957
9.157568 1.92963936
9.258201 1.92963915
9.358834 1.92963893
9.459466 1.92963871
9.560099 1.92963848
9.660732 1.92963825
9.761364 1.92963801
9.861997 1.92963777
9.962629 1.92963752
10.063262 1.92963727
10.163895 1.92963701
10.264527 1.92963674
10.365160 1.92963647
10.465793 1.92963620
10.566425 1.92963592
10.667058 1.92963563
10.767690 1.92963534
10.868323 1.92963504
10.968956 1.92963474
11.069588 1.92963443
11.170221 1.92963411
11.270853 1.92963379
11.371486 1.92963346
11.472119 1.92963313
11.572751 1.92963279
11.673384 1.92963244
11.774017 1.92963209
11.874649 1.92963173
11.975282 1.92963137
12.075914 1.92963100
12.176547 1.92963062
12.277180 1.92963023
12.377812 1.92962984
12.478445 1.92962945
12.579078 1.92962905
12.679710 1.92962864
12.780343 1.92962822
12.880975 1.92962780
12.981608 1.92962737
13.082241 1.92962694
13.182873 1.92962650
13.283506 1.92962605
13.384139 1.92962560
13.484771 1.92962514
13.585404 1.92962467
13.686036 1.92962420
13.786669 1.92962372
13.887302 1.92962324
13.987934 1.92962275
14.088567 1.92962225
14.189199 1.92962175
14.289832 1.92962124
14.390465 1.92962073
14.491097 1.92962021
14.591730 1.92961969
14.692363 1.92961915
14.792995 1.92961862
14.893628 1.92961808
14.994260 1.92961753
15.094893 1.92961698
15.195526 1.92961642
15.296158 1.92961586
15.396791 1.92961530
15.497424 1.92961472
15.598056 1.92961415
15.698689 1.92961356
15.799321 1.92961298
15.899954 1.92961239
16.000587 1.92961180
16.101219 1.92961120
16.201852 1.92961060
16.302485 1.92960998
16.403117 1.92960938
16.503750 1.92960876
16.604382 1.92960814
16.705015 1.92960751
16.805648 1.92960688
16.906280 1.92960624
17.006913 1.92960560
17.107545 1.92960495
17.208178 1.92960430
17.308811 1.92960363
17.409443 1.92960297
17.510076 1.92960228
17.610709 1.92960159
17.711341 1.92960088
17.811974 1.92960017
17.912606 1.92959943
18.013239 1.92959868
18.113872 1.92959789
18.214504 1.92959709
18.315137 1.92959624
18.415770 1.92959536
18.516402 1.92959442
18.617035 1.92959344
18.717667 1.92959238
18.818300 1.92959125
18.918933 1.92959001
19.019565 1.92958866
19.120198 1.92958717
19.220831 1.92958551
19.321463 1.92958365
19.422096 1.92958156
19.522728 1.92957916
19.623361 1.92957643
19.723994 1.92957327
19.824626 1.92956962
19.925259 1.92956534
20.025891 1.92956035
20.126524 1.92955446
20.227157 1.92954752
20.327789 1.92953927
20.428422 1.92952948
20.529055 1.92951776
20.629687 1.92950375
20.730320 1.92948691
20.830952 1.92946666
20.931585 1.92944220
21.032218 1.92941262
21.132850 1.92937671
21.233483 1.92933308
21.334116 1.92927984
21.434748 1.92921478
21.535381 1.92913498
21.636013 1.92903687
21.736646 1.92891583
21.837279 1.92876606
21.937911 1.92858001
22.038544 1.92834811
22.139177 1.92805783
22.239809 1.92769302
22.340442 1.92723242
22.441074 1.92664819
22.541707 1.92590337
22.642340 1.92494901
22.742972 1.92371939
22.843605 1.92212645
22.944237 1.92005081
23.044870 1.91733073
23.145503 1.91374485
23.246135 1.90899033
23.346768 1.90264905
23.447401 1.89414409
23.548033 1.88267272
23.648666 1.86711908
23.749298 1.84592046
23.849931 1.81689104
23.950564 1.77695508
24.051196 1.72179060
24.151829 1.64530759
24.252462 1.53893555
24.353094 1.39066835
24.453727 1.18364624
24.554359 0.89464063
24.654992 0.49202609
24.755625 -0.05757654
24.856257 -0.73179262
24.956890 -1.31365900
25.057523 -1.49574203
25.158155 -1.39888922
25.258788 -1.46614890
25.359420 -1.97036435
25.460053 -3.01300252
25.560686 -4.65123561
25.661318 -6.88773103
25.761951 -9.51834152
25.862583 -11.90140256
25.963216 -13.07259275
26.063849 -12.52692715
26.164481 -10.75365699
26.265114 -8.67300972
26.365747 -6.89498691
26.466379 -5.64724875
26.567012 -5.00210975
26.667644 -5.00801117
26.768277 -5.71302266
26.868910 -7.11877576
26.969542 -9.04144688
27.070175 -10.88376069
27.170808 -11.68312157
27.271440 -10.84296838
27.372073 -8.77184949
27.472705 -6.42079970
27.573338 -4.47251929
27.673971 -3.17601812
27.774603 -2.56825909
27.875236 -2.64086405
27.975869 -3.39576260
28.076501 -4.83556194
28.177134 -6.89071112
28.277766 -9.22108944
28.378399 -11.02658125
28.479032 -11.39866010
28.579664 -10.17970251
28.680297 -8.14262179
28.780929 -6.20277464
28.881562 -4.84654999
28.982195 -4.20624940
29.082827 -4.29087781
29.183460 -5.09342279
29.284093 -6.60135013
29.384725 -8.75236120
29.485358 -11.28099815
29.585990 -13.49132879
29.686623 -14.38213561
29.787256 -13.43526091
29.887888 -11.17362861
29.988521 -8.60673178
30.089154 -6.43374837
30.189786 -4.91412732
30.290419 -4.10039750
30.391051 -3.99710570
30.491684 -4.60755385
30.592317 -5.92667584
30.692949 -7.84436572
30.793582 -9.92252904
30.894215 -11.27873812
30.994847 -11.08414509
31.095480 -9.38980784
31.196112 -7.06950571
31.296745 -4.96707569
31.397378 -3.46897497
31.498010 -2.66493789
31.598643 -2.55723958
31.699275 -3.14343289
31.799908 -4.42773299
31.900541 -6.36051384
32.001173 -8.66126135
32.101806 -10.60631003
32.202439 -11.24740257
32.303071 -10.24521055
32.403704 -8.25357866
32.504336 -6.22475566
32.604969 -4.72318008
32.705602 -3.92506320
32.806234 -3.85088987
32.906867 -4.49286271
33.007500 -5.84499902
33.108132 -7.86343793
33.208765 -10.33289210
33.309397 -12.63910447
33.410030 -13.79213076
33.510663 -13.13781212
33.611295 -11.04841020
33.711928 -8.51361191
33.812560 -6.29418017
33.913193 -4.70030898
34.013826 -3.80026186
34.114458 -3.59808676
34.215091 -4.09847919
34.315724 -5.30269451
34.416356 -7.14031020
34.516989 -9.27452135
34.617621 -10.91079874
34.718254 -11.13420547
34.818887 -9.76496951
34.919519 -7.56065237
35.020152 -5.43968845
35.120785 -3.89626311
35.221417 -3.06449182
35.322050 -2.95098842
35.422682 -3.54771680
35.523315 -4.84243050
35.623948 -6.75554959
35.724580 -8.94435230
35.825213 -10.60941477
35.925846 -10.83380155
36.026478 -9.43714130
36.127111 -7.16692160
36.227743 -4.91663659
36.328376 -3.14787565
36.429009 -1.96092044
36.529641 -1.32457936
36.630274 -1.17271600
36.730906 -1.34742800
36.831539 -1.47027260
36.932172 -1.17495444
37.032804 -0.58342486
37.133437 -0.01567956
37.234070 0.41334710
37.334702 0.71904310
37.435335 0.93480154
37.535967 1.08733643
37.636600 1.19532697
37.737233 1.27096807
37.837865 1.32129166
37.938498 1.35105607
38.039131 1.36422861
38.139763 1.36436214
38.240396 1.36155695
38.341028 1.35844593
38.441661 1.35531290
38.542294 1.35218828
38.642926 1.34907182
38.743559 1.34595992
38.844192 1.34284968
38.944824 1.33973930
39.045457 1.33662776
39.146089 1.33351458
39.246722 1.33039954
39.347355 1.32728255
39.447987 1.32416356
39.548620 1.32104251
39.649252 1.31791931
39.749885 1.31479393
39.850518 1.31166648
39.951150 1.30853779
40.051783 1.30541096
40.152416 1.30229735
40.253048 1.29924579
40.353681 1.29650578
40.454313 1.29490410
40.554946 1.29432904
40.655579 1.29421521
40.756211 1.29365292
40.856844 1.29124247
40.957477 1.28487190
41.058109 1.27136998
41.158742 1.24597121
41.259374 1.20172952
41.360007 1.12833392
41.460640 1.01196063
41.561272 0.84000155
41.661905 0.61621146
41.762538 0.38831288
41.863170 0.24905061
41.963803 0.26705942
42.064435 0.41508193
42.165068 0.59932657
42.265701 0.74260175
42.366333 0.81526668
42.466966 0.81611871
42.567598 0.75123175
42.668231 0.62528951
42.768864 0.44281161
42.869496 0.21782621
42.970129 -0.00776869
43.070762 -0.16109929
43.171394 -0.19215471
43.272027 -0.13812462
43.372659 -0.10092895
43.473292 -0.17301001
43.573925 -0.39544347
43.674557 -0.73218856
43.775190 -1.04061003
43.875823 -1.12563933
43.976455 -0.90813581
44.077088 -0.50428761
44.177720 -0.09719542
44.278353 0.20595206
44.378986 0.38366277
44.479618 0.44922584
44.580251 0.41866061
44.680884 0.30041258
44.781516 0.09498474
44.882149 -0.20142402
44.982781 -0.58481441
45.083414 -1.01090988
45.184047 -1.36340905
45.284679 -1.50435382
45.385312 -1.40114424
45.485944 -1.13799190
45.586577 -0.81068312
45.687210 -0.50746645
45.787842 -0.27334855
45.888475 -0.06195148
45.989108 0.16859521
46.089740 0.38584291
46.190373 0.55730042
46.291005 0.68329293
46.391638 0.77465604
46.492271 0.84096395
46.592903 0.88898236
46.693536 0.92341111
46.794169 0.94734349
46.894801 0.96280710
46.995434 0.97103634
47.096066 0.97270626
47.196699 0.97041156
47.297332 0.96747893
47.397964 0.96440564
47.498597 0.96129301
47.599230 0.95816673
47.699862 0.95503530
47.800495 0.95190198
47.901127 0.94876808
48.001760 0.94563414
48.102393 0.94250035
48.203025 0.93936677
48.303658 0.93623341
48.404290 0.93310023
48.504923 0.92996722
48.605556 0.92683433
48.706188 0.92370154
48.806821 0.92056884
48.907454 0.91743753
49.008086 0.91432046
49.108719 0.91121892
49.209351 0.90813293
49.309984 0.90506247
49.410617 0.90200754
49.511249 0.89896813
49.611882 0.89594423
49.712515 0.89293584
49.813147 0.88994297
49.913780 0.88696560
50.014412 0.88400374
50.115045 0.88105739
50.215678 0.87812655
50.316310 0.87521121
50.416943 0.87231138
50.517576 0.86942705
50.618208 0.86655823
50.718841 0.86370491
50.819473 0.86086709
50.920106 0.85804478
51.020739 0.85523797
51.121371 0.85244667
51.222004 0.84967087
51.322636 0.84691057
51.423269 0.84416578
51.523902 0.84143648
51.624534 0.83872270
51.725167 0.83602441
51.825800 0.83334163
51.926432 0.83067436
52.027065 0.82802258
52.127697 0.82538631
52.228330 0.82276554
52.328963 0.82016028
52.429595 0.81757052
52.530228 0.81499626
52.630861 0.81243751
52.731493 0.80989426
52.832126 0.80736651
52.932758 0.80485426
53.033391 0.80235752
53.134024 0.79987628
53.234656 0.79741055
53.335289 0.79496032
53.435921 0.79252559
53.536554 0.79010636
53.637187 0.78770264
53.737819 0.78531442
53.838452 0.78294170
53.939085 0.78058449
54.039717 0.77824278
54.140350 0.77591657
54.240982 0.77360587
54.341615 0.77131067
54.442248 0.76903097
54.542880 0.76676677
54.643513 0.76451808
54.744146 0.76228489
54.844778 0.76006721
54.945411 0.75786502
55.046043 0.75567834
55.146676 0.75350717
55.247309 0.75135149
55.347941 0.74921132
55.448574 0.74708665
55.549207 0.74497749
55.649839 0.74288383
55.750472 0.74080567
55.851104 0.73874301
55.951737 0.73669586
56.052370 0.73466421
56.153002 0.73264806
56.253635 0.73064741
56.354267 0.72866227
56.454900 0.72669263
56.555533 0.72473849
56.656165 0.72279986
56.756798 0.72087673
56.857431 0.71896910
56.958063 0.71707697
57.058696 0.71520035
57.159328 0.71333923
57.259961 0.71149361
57.360594 0.70966350
57.461226 0.70784889
57.561859 0.70604978
57.662492 0.70426617
57.763124 0.70249807
57.863757 0.70074547
57.964389 0.69900837
58.065022 0.69728677
58.165655 0.69558068
58.266287 0.69389009
58.366920 0.69221500
58.467553 0.69055542
58.568185 0.68891134
58.668818 0.68728276
58.769450 0.68566968
58.870083 0.68407211
58.970716 0.68249003
59.071348 0.68092346
59.171981 0.67937240
59.272613 0.67783683
59.373246 0.67631677
59.473879 0.67481222
59.574511 0.67332316
59.675144 0.67184961
59.775777 0.67039156
59.876409 0.66894901
59.977042 0.66752196
60.077674 0.66611042
60.178307 0.66471438
60.278940 0.66333384
60.379572 0.66196881
60.480205 0.66061927
60.580838 0.65928524
60.681470 0.65796672
60.782103 0.65666369
60.882735 0.65537617
60.983368 0.65410415
61.084001 0.65284763
61.184633 0.65160662
61.285266 0.65038111
61.385899 0.64917110
61.486531 0.64797659
61.587164 0.64679759
61.687796 0.64563409
61.788429 0.64448609
61.889062 0.64335359
61.989694 0.64223660
62.090327 0.64113511
62.190959 0.64004912
62.291592 0.63897863
62.392225 0.63792365
62.492857 0.63688417
62.593490 0.63586019
62.694123 0.63485171
62.794755 0.63385874
62.895388 0.63288127
62.996020 0.63191930
63.096653 0.63097284
63.197286 0.63004188
63.297918 0.62912642
63.398551 0.62822646
63.499184 0.62734200
63.599816 0.62647305
63.700449 0.62561960
63.801081 0.62478166
63.901714 0.62395921
64.002347 0.62315227
64.102979 0.62236083
64.203612 0.62158489
64.304245 0.62082446
64.404877 0.62007953
64.505510 0.61935010
64.606142 0.61863618
64.706775 0.61793775
64.807408 0.61725483
64.908040 0.61658741
65.008673 0.61593550
65.109305 0.61529909
65.209938 0.61467818
65.310571 0.61407277
65.411203 0.61348287
65.511836 0.61290846
65.612469 0.61234957
65.713101 0.61180617
65.813734 0.61127828
65.914366 0.61076589
66.014999 0.61026900
66.115632 0.60978761
66.216264 0.60932173
66.316897 0.60887135
66.417530 0.60843647
66.518162 0.60801710
66.618795 0.60761323
66.719427 0.60722486
66.820060 0.60685199
66.920693 0.60649463
67.021325 0.60615277
67.121958 0.60582641
67.222591 0.60551556
67.323223 0.60522021
67.423856 0.60494036
67.524488 0.60467601
67.625121 0.60442717
67.725754 0.60419383
67.826386 0.60397599
67.927019 0.60377365
68.027651 0.60358682
68.128284 0.60341549
68.228917 0.60325967
68.329549 0.60311934
68.430182 0.60299452
68.530815 0.60288521
68.631447 0.60279139
68.732080 0.60271308
68.832712 0.60265027
68.933345 0.60260296
69.033978 0.60257116
69.134610 0.60255486
69.235243 0.60255406
69.335876 0.60256877
69.436508 0.60259898
69.537141 0.60264469
69.637773 0.60270591
69.738406 0.60278264
69.839039 0.60287486
69.939671 0.60298126
70.040304 0.60308899
70.140937 0.60319672
70.241569 0.60330445
70.342202 0.60341217
70.442834 0.60351990
70.543467 0.60362763
70.644100 0.60373548
70.744732 0.60384309
