0.100633 1.91895154
0.201265 1.91895109
0.301898 1.91895156
0.402530 1.91895161
0.503163 1.91895161
0.603796 1.91895160
0.704428 1.91895160
0.805061 1.91895159
0.905694 1.91895158
1.006326 1.91895157
1.106959 1.91895156
1.207591 1.91895155
1.308224 1.91895154
1.408857 1.91895153
1.509489 1.91895152
1.610122 1.91895151
1.710755 1.91895150
1.811387 1.91895148
1.912020 1.91895147
2.012652 1.91895145
2.113285 1.91895143
2.213918 1.91895141
2.314550 1.91895139
2.415183 1.91895137
2.515816 1.91895135
2.616448 1.91895132
2.717081 1.91895130
2.817713 1.91895127
2.918346 1.91895124
3.018979 1.91895121
3.119611 1.91895118
3.220244 1.91895114
3.320876 1.91895111
3.421509 1.91895107
3.522142 1.91895103
3.622774 1.91895099
3.723407 1.91895094
3.824040 1.91895090
3.924672 1.91895085
4.025305 1.91895080
4.125937 1.91895075
4.226570 1.91895069
4.327203 1.91895063
4.427835 1.91895057
4.528468 1.91895051
4.629101 1.91895045
4.729733 1.91895038
4.830366 1.91895031
4.930998 1.91895024
5.031631 1.91895016
5.132264 1.91895009
5.232896 1.91895001
5.333529 1.91894992
5.434162 1.91894984
5.534794 1.91894975
5.635427 1.91894966
5.736059 1.91894956
5.836692 1.91894946
5.937325 1.91894936
6.037957 1.91894926
6.138590 1.91894915
6.239222 1.91894904
6.339855 1.91894893
6.440488 1.91894881
6.541120 1.91894869
6.641753 1.91894857
6.742386 1.91894844
6.843018 1.91894831
6.943651 1.91894818
7.044283 1.91894804
7.144916 1.91894790
7.245549 1.91894776
7.346181 1.91894761
7.446814 1.91894746
7.547447 1.91894731
7.648079 1.91894715
7.748712 1.91894699
7.849344 1.91894683
7.949977 1.91894666
8.050610 1.91894649
8.151242 1.91894631
8.251875 1.91894613
8.352508 1.91894595
8.453140 1.91894577
8.553773 1.91894558
8.654405 1.91894538
8.755038 1.91894519
8.855671 1.91894498
8.956303 1.91894478
9.056936 1.91894457
9.157568 1.91894436
9.258201 1.91894414
9.358834 1.91894392
9.459466 1.91894370
9.560099 1.91894347
9.660732 1.91894324
9.761364 1.91894301
9.861997 1.91894277
9.962629 1.91894253
10.063262 1.91894228
10.163895 1.91894204
10.264527 1.91894178
10.365160 1.91894153
10.465793 1.91894127
10.566425 1.91894100
10.667058 1.91894074
10.767690 1.91894047
10.868323 1.91894019
10.968956 1.91893991
11.069588 1.91893963
11.170221 1.91893935
11.270853 1.91893906
11.371486 1.91893877
11.472119 1.91893847
11.572751 1.91893818
11.673384 1.91893788
11.774017 1.91893757
11.874649 1.91893726
11.975282 1.91893695
12.075914 1.91893664
12.176547 1.91893632
12.277180 1.91893600
12.377812 1.91893568
12.478445 1.91893535
12.579078 1.91893503
12.679710 1.91893469
12.780343 1.91893436
12.880975 1.91893402
12.981608 1.91893369
13.082241 1.91893334
13.182873 1.91893300
13.283506 1.91893265
13.384139 1.91893230
13.484771 1.91893195
13.585404 1.91893160
13.686036 1.91893124
13.786669 1.91893088
13.887302 1.91893052
13.987934 1.91893016
14.088567 1.91892980
14.189199 1.91892943
14.289832 1.91892906
14.390465 1.91892870
14.491097 1.91892832
14.591730 1.91892795
14.692363 1.91892758
14.792995 1.91892720
14.893628 1.91892683
14.994260 1.91892645
15.094893 1.91892607
15.195526 1.91892569
15.296158 1.91892531
15.396791 1.91892493
15.497424 1.91892454
15.598056 1.91892416
15.698689 1.91892377
15.799321 1.91892339
15.899954 1.91892300
16.000587 1.91892262
16.101219 1.91892223
16.201852 1.91892184
16.302485 1.91892145
16.403117 1.91892105
16.503750 1.91892066
16.604382 1.91892027
16.705015 1.91891987
16.805648 1.91891947
16.906280 1.91891907
17.006913 1.91891866
17.107545 1.91891825
17.208178 1.91891784
17.308811 1.91891742
17.409443 1.91891700
17.510076 1.91891656
17.610709 1.91891612
17.711341 1.91891567
17.811974 1.91891520
17.912606 1.91891472
18.013239 1.91891422
18.113872 1.91891369
18.214504 1.91891313
18.315137 1.91891254
18.415770 1.91891191
18.516402 1.91891123
18.617035 1.91891049
18.717667 1.91890968
18.818300 1.91890879
18.918933 1.91890780
19.019565 1.91890668
19.120198 1.91890543
19.220831 1.91890399
19.321463 1.91890235
19.422096 1.91890047
19.522728 1.91889828
19.623361 1.91889573
19.723994 1.91889276
19.824626 1.91888926
19.925259 1.91888514
20.025891 1.91888027
20.126524 1.91887449
20.227157 1.91886761
20.327789 1.91885940
20.428422 1.91884960
20.529055 1.91883784
20.629687 1.91882372
20.730320 1.91880672
20.830952 1.91878622
20.931585 1.91876144
21.032218 1.91873141
21.132850 1.91869494
21.233483 1.91865057
21.334116 1.91859643
21.434748 1.91853021
21.535381 1.91844901
21.636013 1.91834914
21.736646 1.91822593
21.837279 1.91807345
21.937911 1.91788408
22.038544 1.91764801
22.139177 1.91735256
22.239809 1.91698123
22.340442 1.91651242
22.441074 1.91591775
22.541707 1.91515962
22.642340 1.91418808
22.742972 1.91293622
22.843605 1.91131418
22.944237 1.90920025
23.044870 1.90642934
23.145503 1.90277557
23.246135 1.89792965
23.346768 1.89146458
23.447401 1.88279084
23.548033 1.87108807
23.648666 1.85521549
23.749298 1.83357513
23.849931 1.80393129
23.950564 1.76313764
24.051196 1.70677220
24.151829 1.62860430
24.252462 1.51986524
24.353094 1.36827622
24.453727 1.15659531
24.554359 0.86108764
24.654992 0.44961481
24.755625 -0.11022864
24.856257 -0.78724073
24.956890 -1.34809671
25.057523 -1.49939206
25.158155 -1.39868529
25.258788 -1.48876671
25.359420 -2.02590973
25.460053 -3.10554277
25.560686 -4.78304256
25.661318 -7.05432354
25.761951 -9.69380321
25.862583 -12.02887164
25.963216 -13.09655379
26.063849 -12.44937971
26.164481 -10.62990085
26.265114 -8.55525522
26.365747 -6.80693113
26.466379 -5.59602594
26.567012 -4.99125048
26.667644 -5.04105446
26.768277 -5.79253470
26.868910 -7.24093536
26.969542 -9.18171488
27.070175 -10.98477106
27.170808 -11.68292147
27.271440 -10.73632973
27.372073 -8.61587130
27.472705 -6.27546104
27.573338 -4.36593849
27.673971 -3.11423768
27.774603 -2.55080761
27.875236 -2.66697249
27.975869 -3.46552622
28.076501 -4.94786337
28.177134 -7.03459875
28.277766 -9.36007360
28.378399 -11.09903121
28.479032 -11.36462957
28.579664 -10.06578482
28.680297 -8.01226848
28.780929 -6.10126066
28.881562 -4.79038439
28.982195 -4.19858949
29.082827 -4.33193598
29.183460 -5.18333374
29.284093 -6.73893443
29.384725 -8.92854676
29.485358 -11.46377905
29.585990 -13.61598724
29.686623 -14.38614872
29.787256 -13.32131675
29.887888 -11.00681202
29.988521 -8.45029534
30.089154 -6.31734111
30.189786 -4.84530621
30.290419 -4.07966367
30.391051 -4.02421672
30.491684 -4.68256967
30.592317 -6.04691067
30.692949 -7.99350425
30.793582 -10.05383851
30.894215 -11.32458171
30.994847 -11.01407890
31.095480 -9.24530732
31.196112 -6.91795114
31.296745 -4.84990378
31.397378 -3.39957125
31.498010 -2.64558000
31.598643 -2.58899385
31.699275 -3.22812193
31.799908 -4.56568875
31.900541 -6.54101765
32.001173 -8.84120739
32.101806 -10.70318205
32.202439 -11.19434395
32.303071 -10.06204904
32.403704 -8.02272620
32.504336 -6.01262183
32.604969 -4.55469585
32.705602 -3.80293956
32.806234 -3.77313438
32.906867 -4.45944168
33.007500 -5.85967463
33.108132 -7.93013861
33.208765 -10.43971890
33.309397 -12.73948119
33.410030 -13.82660944
33.510663 -13.09783153
33.611295 -10.98680884
33.711928 -8.48319011
33.812560 -6.31186277
33.913193 -4.76137441
34.013826 -3.89785793
34.114458 -3.72940544
34.215091 -4.26406859
34.315724 -5.50225063
34.416356 -7.36062842
34.516989 -9.46860822
34.617621 -10.99816493
34.718254 -11.06201406
34.818887 -9.56765956
34.919519 -7.32194836
35.020152 -5.22034048
35.120785 -3.72016048
35.221417 -2.93960797
35.322050 -2.88344848
35.422682 -3.54477534
35.523315 -4.90799641
35.623948 -6.87530750
35.724580 -9.06405764
35.825213 -10.63716773
35.925846 -10.70445000
36.026478 -9.17417316
36.127111 -6.84518967
36.227743 -4.58993751
36.328376 -2.83381368
36.429009 -1.65993533
36.529641 -1.03273290
36.630274 -0.88289986
36.730906 -1.03975908
36.831539 -1.10956542
36.932172 -0.75004941
37.032804 -0.11752995
37.133437 0.47598205
37.234070 0.92997386
37.334702 1.26261920
37.435335 1.50515923
37.535967 1.68192593
37.636600 1.81156599
37.737233 1.90521704
37.837865 1.96904003
37.938498 2.00821432
38.039131 2.02697972
38.139763 2.02964047
38.240396 2.02907743
38.341028 2.02802913
38.441661 2.02687474
38.542294 2.02568462
38.642926 2.02447831
38.743559 2.02326305
38.844192 2.02204204
38.944824 2.02081700
39.045457 2.01958896
39.146089 2.01835865
39.246722 2.01712655
39.347355 2.01589303
39.447987 2.01465835
39.548620 2.01342269
39.649252 2.01218628
39.749885 2.01094942
39.850518 2.00971278
39.951150 2.00847799
40.051783 2.00724937
40.152416 2.00604013
40.253048 2.00490238
40.353681 2.00409366
40.454313 2.00447950
40.554946 2.00595873
40.655579 2.00796304
40.756211 2.00957843
40.856844 2.00940078
40.957477 2.00531443
41.058109 1.99414555
41.158742 1.97113052
41.259374 1.92932932
41.360007 1.85844504
41.460640 1.74466578
41.561272 1.57534091
41.661905 1.35403088
41.762538 1.12811766
41.863170 0.99020078
41.963803 1.00934214
42.064435 1.15892787
42.165068 1.34534580
42.265701 1.49115631
42.366333 1.56648384
42.466966 1.57005594
42.567598 1.50795781
42.668231 1.38488203
42.768864 1.20528364
42.869496 0.98291761
42.970129 0.75915551
43.070762 0.60659879
43.171394 0.57592530
43.272027 0.63097283
43.372659 0.67001303
43.473292 0.60010790
43.573925 0.37990067
43.674557 0.04572385
43.775190 -0.25928166
43.875823 -0.34014034
43.976455 -0.11863267
44.077088 0.28829279
44.177720 0.69765778
44.278353 1.00279806
44.378986 1.18256054
44.479618 1.25033320
44.580251 1.22213704
44.680884 1.10640345
44.781516 0.90362037
44.882149 0.60996243
44.982781 0.22936334
45.083414 -0.19405792
45.184047 -0.54417343
45.284679 -0.68299295
45.385312 -0.57775011
45.485944 -0.31271094
45.586577 0.01649577
45.687210 0.32206868
45.787842 0.55891283
45.888475 0.77314095
45.989108 1.00655027
46.089740 1.22669757
46.190373 1.40109159
46.291005 1.53004560
46.391638 1.62437657
46.492271 1.69363575
46.592903 1.74456031
46.693536 1.78181810
46.794169 1.80846525
46.894801 1.82648717
46.995434 1.83708725
47.096066 1.84090933
47.196699 1.84060963
47.297332 1.83962777
47.397964 1.83848596
47.498597 1.83729368
47.599230 1.83608060
47.699862 1.83485762
47.800495 1.83362954
47.901127 1.83239869
48.001760 1.83116629
48.102393 1.82993299
48.203025 1.82869917
48.303658 1.82746504
48.404290 1.82623074
48.504923 1.82499632
48.605556 1.82376185
48.706188 1.82252733
48.806821 1.82129281
48.907454 1.82005881
49.008086 1.81883057
49.108719 1.81760861
49.209351 1.81639295
49.309984 1.81518359
49.410617 1.81398053
49.511249 1.81278375
49.611882 1.81159328
49.712515 1.81040909
49.813147 1.80923120
49.913780 1.80805961
50.014412 1.80689430
50.115045 1.80573529
50.215678 1.80458258
50.316310 1.80343615
50.416943 1.80229602
50.517576 1.80116218
50.618208 1.80003463
50.718841 1.79891338
50.819473 1.79779841
50.920106 1.79668974
51.020739 1.79558736
51.121371 1.79449127
51.222004 1.79340148
51.322636 1.79231797
51.423269 1.79124076
51.523902 1.79016984
51.624534 1.78910521
51.725167 1.78804687
51.825800 1.78699482
51.926432 1.78594907
52.027065 1.78490960
52.127697 1.78387643
52.228330 1.78284955
52.328963 1.78182896
52.429595 1.78081466
52.530228 1.77980666
52.630861 1.77880494
52.731493 1.77780952
52.832126 1.77682039
52.932758 1.77583754
53.033391 1.77486099
53.134024 1.77389074
53.234656 1.77292677
53.335289 1.77196909
53.435921 1.77101771
53.536554 1.77007261
53.637187 1.76913381
53.737819 1.76820130
53.838452 1.76727508
53.939085 1.76635515
54.039717 1.76544152
54.140350 1.76453417
54.240982 1.76363312
54.341615 1.76273835
54.442248 1.76184988
54.542880 1.76096770
54.643513 1.76009181
54.744146 1.75922221
54.844778 1.75835890
54.945411 1.75750189
55.046043 1.75665116
55.146676 1.75580673
55.247309 1.75496858
55.347941 1.75413673
55.448574 1.75331117
55.549207 1.75249190
55.649839 1.75167892
55.750472 1.75087224
55.851104 1.75007184
55.951737 1.74927773
56.052370 1.74848992
56.153002 1.74770840
56.253635 1.74693316
56.354267 1.74616422
56.454900 1.74540157
56.555533 1.74464521
56.656165 1.74389515
56.756798 1.74315137
56.857431 1.74241388
56.958063 1.74168269
57.058696 1.74095778
57.159328 1.74023917
57.259961 1.73952685
57.360594 1.73882082
57.461226 1.73812108
57.561859 1.73742763
57.662492 1.73674047
57.763124 1.73605960
57.863757 1.73538502
57.964389 1.73471674
58.065022 1.73405474
58.165655 1.73339904
58.266287 1.73274963
58.366920 1.73210651
58.467553 1.73146967
58.568185 1.73083913
58.668818 1.73021489
58.769450 1.72959693
58.870083 1.72898526
58.970716 1.72837988
59.071348 1.72778080
59.171981 1.72718800
59.272613 1.72660150
59.373246 1.72602129
59.473879 1.72544737
59.574511 1.72487974
59.675144 1.72431840
59.775777 1.72376335
59.876409 1.72321459
59.977042 1.72267212
60.077674 1.72213595
60.178307 1.72160606
60.278940 1.72108247
60.379572 1.72056516
60.480205 1.72005415
60.580838 1.71954943
60.681470 1.71905100
60.782103 1.71855886
60.882735 1.71807301
60.983368 1.71759345
61.084001 1.71712018
61.184633 1.71665321
61.285266 1.71619252
61.385899 1.71573813
61.486531 1.71529002
61.587164 1.71484821
61.687796 1.71441269
61.788429 1.71398346
61.889062 1.71356052
61.989694 1.71314387
62.090327 1.71273351
62.190959 1.71232945
62.291592 1.71193167
62.392225 1.71154018
62.492857 1.71115499
62.593490 1.71077609
62.694123 1.71040347
62.794755 1.71003715
62.895388 1.70967712
62.996020 1.70932338
63.096653 1.70897593
63.197286 1.70863478
63.297918 1.70829991
63.398551 1.70797134
63.499184 1.70764905
63.599816 1.70733306
63.700449 1.70702335
63.801081 1.70671994
63.901714 1.70642282
64.002347 1.70613199
64.102979 1.70584745
64.203612 1.70556921
64.304245 1.70529725
64.404877 1.70503158
64.505510 1.70477221
64.606142 1.70451913
64.706775 1.70427233
64.807408 1.70403183
64.908040 1.70379762
65.008673 1.70356970
65.109305 1.70334807
65.209938 1.70313274
65.310571 1.70292369
65.411203 1.70272094
65.511836 1.70252447
65.612469 1.70233430
65.713101 1.70215042
65.813734 1.70197283
65.914366 1.70180153
66.014999 1.70163652
66.115632 1.70147780
66.216264 1.70132537
66.316897 1.70117924
66.417530 1.70103940
66.518162 1.70090584
66.618795 1.70077858
66.719427 1.70065761
66.820060 1.70054293
66.920693 1.70043454
67.021325 1.70033245
67.121958 1.70023664
67.222591 1.70014713
67.323223 1.70006390
67.423856 1.69998697
67.524488 1.69991633
67.625121 1.69985198
67.725754 1.69979392
67.826386 1.69974216
67.927019 1.69969668
68.027651 1.69965750
68.128284 1.69962460
68.228917 1.69959800
68.329549 1.69957769
68.430182 1.69956367
68.530815 1.69955594
68.631447 1.69955451
68.732080 1.69955936
68.832712 1.69957051
68.933345 1.69958795
69.033978 1.69961168
69.134610 1.69964170
69.235243 1.69967801
69.335876 1.69972061
69.436508 1.69976950
69.537141 1.69982469
69.637773 1.69988617
69.738406 1.69995394
69.839039 1.70002800
69.939671 1.70010782
70.040304 1.70018817
70.140937 1.70026853
70.241569 1.70034888
70.342202 1.70042923
70.442834 1.70050958
70.543467 1.70058994
70.644100 1.70067036
70.744732 1.70075065
