0.100633 1.89708188
0.201265 1.89708086
0.301898 1.89708192
0.402530 1.89708202
0.503163 1.89708201
0.603796 1.89708199
0.704428 1.89708196
0.805061 1.89708195
0.905694 1.89708192
1.006326 1.89708190
1.106959 1.89708188
1.207591 1.89708186
1.308224 1.89708184
1.408857 1.89708181
1.509489 1.89708179
1.610122 1.89708176
1.710755 1.89708174
1.811387 1.89708171
1.912020 1.89708168
2.012652 1.89708165
2.113285 1.89708162
2.213918 1.89708159
2.314550 1.89708156
2.415183 1.89708152
2.515816 1.89708148
2.616448 1.89708145
2.717081 1.89708141
2.817713 1.89708137
2.918346 1.89708132
3.018979 1.89708128
3.119611 1.89708123
3.220244 1.89708118
3.320876 1.89708113
3.421509 1.89708107
3.522142 1.89708101
3.622774 1.89708096
3.723407 1.89708089
3.824040 1.89708083
3.924672 1.89708076
4.025305 1.89708069
4.125937 1.89708061
4.226570 1.89708053
4.327203 1.89708045
4.427835 1.89708037
4.528468 1.89708027
4.629101 1.89708018
4.729733 1.89708008
4.830366 1.89707998
4.930998 1.89707987
5.031631 1.89707977
5.132264 1.89707965
5.232896 1.89707953
5.333529 1.89707940
5.434162 1.89707927
5.534794 1.89707913
5.635427 1.89707899
5.736059 1.89707884
5.836692 1.89707869
5.937325 1.89707852
6.037957 1.89707836
6.138590 1.89707818
6.239222 1.89707800
6.339855 1.89707780
6.440488 1.89707761
6.541120 1.89707740
6.641753 1.89707719
6.742386 1.89707696
6.843018 1.89707674
6.943651 1.89707649
7.044283 1.89707625
7.144916 1.89707599
7.245549 1.89707572
7.346181 1.89707544
7.446814 1.89707516
7.547447 1.89707485
7.648079 1.89707455
7.748712 1.89707422
7.849344 1.89707390
7.949977 1.89707355
8.050610 1.89707319
8.151242 1.89707282
8.251875 1.89707244
8.352508 1.89707204
8.453140 1.89707164
8.553773 1.89707121
8.654405 1.89707078
8.755038 1.89707032
8.855671 1.89706986
8.956303 1.89706937
9.056936 1.89706888
9.157568 1.89706836
9.258201 1.89706783
9.358834 1.89706728
9.459466 1.89706672
9.560099 1.89706613
9.660732 1.89706553
9.761364 1.89706490
9.861997 1.89706427
9.962629 1.89706360
10.063262 1.89706293
10.163895 1.89706222
10.264527 1.89706151
10.365160 1.89706076
10.465793 1.89706000
10.566425 1.89705921
10.667058 1.89705840
10.767690 1.89705756
10.868323 1.89705671
10.968956 1.89705583
11.069588 1.89705492
11.170221 1.89705399
11.270853 1.89705304
11.371486 1.89705205
11.472119 1.89705104
11.572751 1.89705000
11.673384 1.89704894
11.774017 1.89704785
11.874649 1.89704673
11.975282 1.89704557
12.075914 1.89704440
12.176547 1.89704318
12.277180 1.89704194
12.377812 1.89704067
12.478445 1.89703937
12.579078 1.89703802
12.679710 1.89703666
12.780343 1.89703525
12.880975 1.89703382
12.981608 1.89703234
13.082241 1.89703083
13.182873 1.89702929
13.283506 1.89702771
13.384139 1.89702609
13.484771 1.89702444
13.585404 1.89702274
13.686036 1.89702101
13.786669 1.89701924
13.887302 1.89701743
13.987934 1.89701558
14.088567 1.89701369
14.189199 1.89701176
14.289832 1.89700979
14.390465 1.89700777
14.491097 1.89700571
14.591730 1.89700361
14.692363 1.89700146
14.792995 1.89699927
14.893628 1.89699704
14.994260 1.89699475
15.094893 1.89699243
15.195526 1.89699005
15.296158 1.89698763
15.396791 1.89698516
15.497424 1.89698264
15.598056 1.89698007
15.698689 1.89697745
15.799321 1.89697478
15.899954 1.89697206
16.000587 1.89696929
16.101219 1.89696647
16.201852 1.89696359
16.302485 1.89696066
16.403117 1.89695767
16.503750 1.89695463
16.604382 1.89695154
16.705015 1.89694838
16.805648 1.89694517
16.906280 1.89694190
17.006913 1.89693857
17.107545 1.89693518
17.208178 1.89693172
17.308811 1.89692820
17.409443 1.89692462
17.510076 1.89692097
17.610709 1.89691724
17.711341 1.89691345
17.811974 1.89690958
17.912606 1.89690562
18.013239 1.89690159
18.113872 1.89689747
18.214504 1.89689325
18.315137 1.89688894
18.415770 1.89688452
18.516402 1.89687997
18.617035 1.89687531
18.717667 1.89687050
18.818300 1.89686555
18.918933 1.89686041
19.019565 1.89685509
19.120198 1.89684955
19.220831 1.89684376
19.321463 1.89683768
19.422096 1.89683128
19.522728 1.89682450
19.623361 1.89681728
19.723994 1.89680954
19.824626 1.89680120
19.925259 1.89679214
20.025891 1.89678224
20.126524 1.89677132
20.227157 1.89675922
20.327789 1.89674567
20.428422 1.89673042
20.529055 1.89671308
20.629687 1.89669326
20.730320 1.89667041
20.830952 1.89664392
20.931585 1.89661297
21.032218 1.89657661
21.132850 1.89653360
21.233483 1.89648246
21.334116 1.89642130
21.434748 1.89634779
21.535381 1.89625895
21.636013 1.89615108
21.736646 1.89601941
21.837279 1.89585796
21.937911 1.89565897
22.038544 1.89541254
22.139177 1.89510577
22.239809 1.89472199
22.340442 1.89423924
22.441074 1.89362878
22.541707 1.89285243
22.642340 1.89185954
22.742972 1.89058211
22.843605 1.88892891
22.944237 1.88677620
23.044870 1.88395617
23.145503 1.88023896
23.246135 1.87530990
23.346768 1.86873415
23.447401 1.85991137
23.548033 1.84800561
23.648666 1.83185425
23.749298 1.80982811
23.849931 1.77964742
23.950564 1.73810304
24.051196 1.68068434
24.151829 1.60103548
24.252462 1.49021189
24.353094 1.33569296
24.453727 1.11989830
24.554359 0.81864758
24.654992 0.39940448
24.755625 -0.16891911
24.856257 -0.84553223
24.956890 -1.38129296
25.057523 -1.49848708
25.158155 -1.39060484
25.258788 -1.49728835
25.359420 -2.05856085
25.460053 -3.16428419
25.560686 -4.86837080
25.661318 -7.16203409
25.761951 -9.80525841
25.862583 -12.10581531
25.963216 -13.10442532
26.063849 -12.39368399
26.164481 -10.55015742
26.265114 -8.48683722
26.365747 -6.76530301
26.466379 -5.58504376
26.567012 -5.01192538
26.667644 -5.09443869
26.768277 -5.87932961
26.868910 -7.35716240
26.969542 -9.30723254
27.070175 -11.07471668
27.170808 -11.69157613
27.271440 -10.66342335
27.372073 -8.50687100
27.472705 -6.17541956
27.573338 -4.29540399
27.673971 -3.07775758
27.774603 -2.54850432
27.875236 -2.69898863
27.975869 -3.53266195
28.076501 -5.04946540
28.177134 -7.16036961
28.277766 -9.47601584
28.378399 -11.14984839
28.479032 -11.31740499
28.579664 -9.94709891
28.680297 -7.87810489
28.780929 -5.98930500
28.881562 -4.71302421
28.982195 -4.15704162
29.082827 -4.32527167
29.183460 -5.21116464
29.284093 -6.80090184
29.384725 -9.01961330
29.485358 -11.56312698
29.585990 -13.68022163
29.686623 -14.37434225
29.787256 -13.23700771
29.887888 -10.89273517
29.988521 -8.34470335
30.089154 -6.23532921
30.189786 -4.78810313
30.290419 -4.04461474
30.391051 -4.00857087
30.491684 -4.68419613
30.592317 -6.06357409
30.692949 -8.02028841
30.793582 -10.07937069
30.894215 -11.33349237
30.994847 -11.00017564
31.095480 -9.21843083
31.196112 -6.89264667
31.296745 -4.83390087
31.397378 -3.39379556
31.498010 -2.64813923
31.598643 -2.59742306
31.699275 -3.24002986
31.799908 -4.57959940
31.900541 -6.55916064
32.001173 -8.87502174
32.101806 -10.77470738
32.202439 -11.32185761
32.303071 -10.24236386
32.403704 -8.23742394
32.504336 -6.24711654
32.604969 -4.80393783
32.705602 -4.06654434
32.806234 -4.05131094
32.906867 -4.75179150
33.007500 -6.16561782
33.108132 -8.25344159
33.208765 -10.80271864
33.309397 -13.19594614
33.410030 -14.43064074
33.510663 -13.83355085
33.611295 -11.76147170
33.711928 -9.20108198
33.812560 -6.92195481
33.913193 -5.24788920
34.013826 -4.25933140
34.114458 -3.96806784
34.215091 -4.38228374
34.315724 -5.50424313
34.416356 -7.26400774
34.516989 -9.32580115
34.617621 -10.89505024
34.718254 -11.05288430
34.818887 -9.61424913
34.919519 -7.33527713
35.020152 -5.13628357
35.120785 -3.51423610
35.221417 -2.60747265
35.322050 -2.42924383
35.422682 -2.97975304
35.523315 -4.25350259
35.623948 -6.17135053
35.724580 -8.38399097
35.825213 -10.08144744
35.925846 -10.33869772
36.026478 -8.97295561
36.127111 -6.73105768
36.227743 -4.50461293
36.328376 -2.75352807
36.429009 -1.57760413
36.529641 -0.94598750
36.630274 -0.79409755
36.730906 -0.96984566
36.831539 -1.10236497
36.932172 -0.81636052
37.032804 -0.21886256
37.133437 0.36621672
37.234070 0.81613153
37.334702 1.14359154
37.435335 1.38112472
37.535967 1.55423536
37.636600 1.68055207
37.737233 1.77138955
37.837865 1.83336711
37.938498 1.87149159
38.039131 1.88999633
38.139763 1.89272708
38.240396 1.89140904
38.341028 1.88960969
38.441661 1.88772822
38.542294 1.88582656
38.642926 1.88391839
38.743559 1.88200728
38.844192 1.88009420
38.944824 1.87817946
39.045457 1.87626324
39.146089 1.87434567
39.246722 1.87242688
39.347355 1.87050694
39.447987 1.86858589
39.548620 1.86666373
39.649252 1.86474043
39.749885 1.86281605
39.850518 1.86089091
39.951150 1.85896625
40.051783 1.85704606
40.152416 1.85514403
40.253048 1.85331836
40.353681 1.85188624
40.454313 1.85165627
40.554946 1.85245052
40.655579 1.85367134
40.756211 1.85436682
40.856844 1.85307504
40.957477 1.84759376
41.058109 1.83462290
41.158742 1.80919645
41.259374 1.76410149
41.360007 1.68867206
41.460640 1.56881628
41.561272 1.39260945
41.661905 1.16691722
41.762538 0.94461645
41.863170 0.82008546
41.963803 0.85485692
42.064435 1.01216774
42.165068 1.19638353
42.265701 1.33479729
42.366333 1.40176935
42.466966 1.39749123
42.567598 1.32809505
42.668231 1.19808890
42.768864 1.01223070
42.869496 0.78620398
42.970129 0.56514124
43.070762 0.42281066
43.171394 0.40304972
43.272027 0.46018135
43.372659 0.49006270
43.473292 0.40373802
43.573925 0.16663272
43.674557 -0.17389198
43.775190 -0.46367836
43.875823 -0.51187822
43.976455 -0.26197603
44.077088 0.15291530
44.177720 0.55325577
44.278353 0.84351250
44.378986 1.00905532
44.479618 1.06457632
44.580251 1.02539562
44.680884 0.89901520
44.781516 0.68518693
44.882149 0.38008636
44.982781 -0.00988567
45.083414 -0.43338056
45.184047 -0.76688373
45.284679 -0.87798796
45.385312 -0.75001446
45.485944 -0.47292669
45.586577 -0.14158839
45.687210 0.15631924
45.787842 0.38583624
45.888475 0.59985847
45.989108 0.83259450
46.089740 1.04730801
46.190373 1.21517660
46.291005 1.33868947
46.391638 1.42876037
46.492271 1.49462914
46.592903 1.54278893
46.693536 1.57771589
46.794169 1.60233906
46.894801 1.61858760
46.995434 1.62753782
47.096066 1.62998101
47.196699 1.62879164
47.297332 1.62707253
47.397964 1.62522453
47.498597 1.62333542
47.599230 1.62142984
47.699862 1.61951679
47.800495 1.61760012
47.901127 1.61568163
48.001760 1.61376221
48.102393 1.61184232
48.203025 1.60992221
48.303658 1.60800198
48.404290 1.60608172
48.504923 1.60416145
48.605556 1.60224120
48.706188 1.60032095
48.806821 1.59840074
48.907454 1.59648136
49.008086 1.59457080
49.108719 1.59266986
49.209351 1.59077856
49.309984 1.58889689
49.410617 1.58702484
49.511249 1.58516241
49.611882 1.58330960
49.712515 1.58146642
49.813147 1.57963285
49.913780 1.57780890
50.014412 1.57599456
50.115045 1.57418984
50.215678 1.57239474
50.316310 1.57060926
50.416943 1.56883339
50.517576 1.56706713
50.618208 1.56531049
50.718841 1.56356346
50.819473 1.56182605
50.920106 1.56009825
51.020739 1.55838007
51.121371 1.55667150
51.222004 1.55497254
51.322636 1.55328320
51.423269 1.55160347
51.523902 1.54993336
51.624534 1.54827286
51.725167 1.54662197
51.825800 1.54498070
51.926432 1.54334904
52.027065 1.54172699
52.127697 1.54011456
52.228330 1.53851174
52.328963 1.53691853
52.429595 1.53533494
52.530228 1.53376096
52.630861 1.53219660
52.731493 1.53064184
52.832126 1.52909671
52.932758 1.52756118
53.033391 1.52603527
53.134024 1.52451897
53.234656 1.52301228
53.335289 1.52151521
53.435921 1.52002775
53.536554 1.51854991
53.637187 1.51708167
53.737819 1.51562306
53.838452 1.51417405
53.939085 1.51273466
54.039717 1.51130488
54.140350 1.50988471
54.240982 1.50847416
54.341615 1.50707322
54.442248 1.50568189
54.542880 1.50430018
54.643513 1.50292807
54.744146 1.50156559
54.844778 1.50021271
54.945411 1.49886945
55.046043 1.49753580
55.146676 1.49621177
55.247309 1.49489735
55.347941 1.49359254
55.448574 1.49229734
55.549207 1.49101176
55.649839 1.48973579
55.750472 1.48846943
55.851104 1.48721269
55.951737 1.48596556
56.052370 1.48472804
56.153002 1.48350013
56.253635 1.48228184
56.354267 1.48107316
56.454900 1.47987410
56.555533 1.47868464
56.656165 1.47750480
56.756798 1.47633458
56.857431 1.47517396
56.958063 1.47402296
57.058696 1.47288158
57.159328 1.47174980
57.259961 1.47062764
57.360594 1.46951509
57.461226 1.46841216
57.561859 1.46731883
57.662492 1.46623513
57.763124 1.46516103
57.863757 1.46409655
57.964389 1.46304168
58.065022 1.46199642
58.165655 1.46096077
58.266287 1.45993474
58.366920 1.45891832
58.467553 1.45791152
58.568185 1.45691433
58.668818 1.45592675
58.769450 1.45494878
58.870083 1.45398043
58.970716 1.45302169
59.071348 1.45207256
59.171981 1.45113305
59.272613 1.45020315
59.373246 1.44928286
59.473879 1.44837219
59.574511 1.44747112
59.675144 1.44657967
59.775777 1.44569784
59.876409 1.44482562
59.977042 1.44396301
60.077674 1.44311001
60.178307 1.44226663
60.278940 1.44143286
60.379572 1.44060870
60.480205 1.43979416
60.580838 1.43898923
60.681470 1.43819391
60.782103 1.43740821
60.882735 1.43663211
60.983368 1.43586564
61.084001 1.43510877
61.184633 1.43436152
61.285266 1.43362388
61.385899 1.43289586
61.486531 1.43217744
61.587164 1.43146864
61.687796 1.43076946
61.788429 1.43007989
61.889062 1.42939993
61.989694 1.42872958
62.090327 1.42806885
62.190959 1.42741773
62.291592 1.42677622
62.392225 1.42614433
62.492857 1.42552205
62.593490 1.42490938
62.694123 1.42430633
62.794755 1.42371288
62.895388 1.42312906
62.996020 1.42255484
63.096653 1.42199024
63.197286 1.42143526
63.297918 1.42088988
63.398551 1.42035412
63.499184 1.41982797
63.599816 1.41931144
63.700449 1.41880452
63.801081 1.41830721
63.901714 1.41781952
64.002347 1.41734144
64.102979 1.41687297
64.203612 1.41641412
64.304245 1.41596487
64.404877 1.41552525
64.505510 1.41509523
64.606142 1.41467483
64.706775 1.41426405
64.807408 1.41386287
64.908040 1.41347131
65.008673 1.41308937
65.109305 1.41271703
65.209938 1.41235431
65.310571 1.41200121
65.411203 1.41165771
65.511836 1.41132383
65.612469 1.41099957
65.713101 1.41068492
65.813734 1.41037988
65.914366 1.41008445
66.014999 1.40979864
66.115632 1.40952244
66.216264 1.40925586
66.316897 1.40899889
66.417530 1.40875153
66.518162 1.40851378
66.618795 1.40828565
66.719427 1.40806714
66.820060 1.40785823
66.920693 1.40765894
67.021325 1.40746927
67.121958 1.40728920
67.222591 1.40711876
67.323223 1.40695792
67.423856 1.40680670
67.524488 1.40666509
67.625121 1.40653310
67.725754 1.40641072
67.826386 1.40629795
67.927019 1.40619479
68.027651 1.40610125
68.128284 1.40601733
68.228917 1.40594302
68.329549 1.40587832
68.430182 1.40582323
68.530815 1.40577776
68.631447 1.40574190
68.732080 1.40571566
68.832712 1.40569903
68.933345 1.40569201
69.033978 1.40569461
69.134610 1.40570682
69.235243 1.40572865
69.335876 1.40576009
69.436508 1.40580114
69.537141 1.40585181
69.637773 1.40591209
69.738406 1.40598199
69.839039 1.40606150
69.939671 1.40614980
70.040304 1.40623892
70.140937 1.40632805
70.241569 1.40641718
70.342202 1.40650630
70.442834 1.40659542
70.543467 1.40668455
70.644100 1.40677376
70.744732 1.40686280
