0.100633 1.92392024
0.201265 1.92391978
0.301898 1.92392025
0.402530 1.92392030
0.503163 1.92392029
0.603796 1.92392028
0.704428 1.92392027
0.805061 1.92392027
0.905694 1.92392026
1.006326 1.92392025
1.106959 1.92392025
1.207591 1.92392024
1.308224 1.92392024
1.408857 1.92392023
1.509489 1.92392023
1.610122 1.92392023
1.710755 1.92392022
1.811387 1.92392022
1.912020 1.92392022
2.012652 1.92392022
2.113285 1.92392023
2.213918 1.92392023
2.314550 1.92392023
2.415183 1.92392024
2.515816 1.92392024
2.616448 1.92392025
2.717081 1.92392026
2.817713 1.92392027
2.918346 1.92392028
3.018979 1.92392029
3.119611 1.92392030
3.220244 1.92392032
3.320876 1.92392033
3.421509 1.92392035
3.522142 1.92392037
3.622774 1.92392039
3.723407 1.92392041
3.824040 1.92392043
3.924672 1.92392045
4.025305 1.92392048
4.125937 1.92392051
4.226570 1.92392054
4.327203 1.92392056
4.427835 1.92392060
4.528468 1.92392063
4.629101 1.92392066
4.729733 1.92392070
4.830366 1.92392074
4.930998 1.92392077
5.031631 1.92392081
5.132264 1.92392085
5.232896 1.92392090
5.333529 1.92392094
5.434162 1.92392099
5.534794 1.92392103
5.635427 1.92392108
5.736059 1.92392112
5.836692 1.92392118
5.937325 1.92392122
6.037957 1.92392128
6.138590 1.92392133
6.239222 1.92392138
6.339855 1.92392144
6.440488 1.92392149
6.541120 1.92392155
6.641753 1.92392160
6.742386 1.92392166
6.843018 1.92392172
6.943651 1.92392177
7.044283 1.92392183
7.144916 1.92392189
7.245549 1.92392195
7.346181 1.92392201
7.446814 1.92392207
7.547447 1.92392212
7.648079 1.92392218
7.748712 1.92392224
7.849344 1.92392230
7.949977 1.92392235
8.050610 1.92392241
8.151242 1.92392246
8.251875 1.92392252
8.352508 1.92392257
8.453140 1.92392262
8.553773 1.92392267
8.654405 1.92392272
8.755038 1.92392276
8.855671 1.92392281
8.956303 1.92392285
9.056936 1.92392290
9.157568 1.92392293
9.258201 1.92392297
9.358834 1.92392300
9.459466 1.92392303
9.560099 1.92392306
9.660732 1.92392309
9.761364 1.92392310
9.861997 1.92392312
9.962629 1.92392313
10.063262 1.92392315
10.163895 1.92392315
10.264527 1.92392315
10.365160 1.92392314
10.465793 1.92392314
10.566425 1.92392312
10.667058 1.92392311
10.767690 1.92392308
10.868323 1.92392305
10.968956 1.92392301
11.069588 1.92392297
11.170221 1.92392292
11.270853 1.92392287
11.371486 1.92392280
11.472119 1.92392273
11.572751 1.92392265
11.673384 1.92392257
11.774017 1.92392247
11.874649 1.92392237
11.975282 1.92392226
12.075914 1.92392214
12.176547 1.92392201
12.277180 1.92392188
12.377812 1.92392173
12.478445 1.92392157
12.579078 1.92392140
12.679710 1.92392122
12.780343 1.92392103
12.880975 1.92392083
12.981608 1.92392062
13.082241 1.92392039
13.182873 1.92392015
13.283506 1.92391991
13.384139 1.92391964
13.484771 1.92391937
13.585404 1.92391908
13.686036 1.92391878
13.786669 1.92391846
13.887302 1.92391813
13.987934 1.92391778
14.088567 1.92391742
14.189199 1.92391704
14.289832 1.92391665
14.390465 1.92391624
14.491097 1.92391581
14.591730 1.92391537
14.692363 1.92391491
14.792995 1.92391443
14.893628 1.92391393
14.994260 1.92391342
15.094893 1.92391288
15.195526 1.92391233
15.296158 1.92391176
15.396791 1.92391116
15.497424 1.92391055
15.598056 1.92390991
15.698689 1.92390926
15.799321 1.92390858
15.899954 1.92390788
16.000587 1.92390716
16.101219 1.92390642
16.201852 1.92390564
16.302485 1.92390485
16.403117 1.92390403
16.503750 1.92390319
16.604382 1.92390232
16.705015 1.92390142
16.805648 1.92390049
16.906280 1.92389954
17.006913 1.92389856
17.107545 1.92389754
17.208178 1.92389650
17.308811 1.92389542
17.409443 1.92389430
17.510076 1.92389315
17.610709 1.92389196
17.711341 1.92389073
17.811974 1.92388946
17.912606 1.92388814
18.013239 1.92388677
18.113872 1.92388534
18.214504 1.92388385
18.315137 1.92388230
18.415770 1.92388068
18.516402 1.92387898
18.617035 1.92387718
18.717667 1.92387528
18.818300 1.92387327
18.918933 1.92387112
19.019565 1.92386883
19.120198 1.92386635
19.220831 1.92386368
19.321463 1.92386076
19.422096 1.92385757
19.522728 1.92385406
19.623361 1.92385016
19.723994 1.92384580
19.824626 1.92384091
19.925259 1.92383538
20.025891 1.92382908
20.126524 1.92382187
20.227157 1.92381357
20.327789 1.92380395
20.428422 1.92379274
20.529055 1.92377962
20.629687 1.92376419
20.730320 1.92374594
20.830952 1.92372427
20.931585 1.92369844
21.032218 1.92366752
21.132850 1.92363036
21.233483 1.92358554
21.334116 1.92353128
21.434748 1.92346534
21.535381 1.92338492
21.636013 1.92328649
21.736646 1.92316553
21.837279 1.92301633
21.937911 1.92283155
22.038544 1.92260175
22.139177 1.92231471
22.239809 1.92195454
22.340442 1.92150045
22.441074 1.92092512
22.541707 1.92019236
22.642340 1.91925412
22.742972 1.91804601
22.843605 1.91648162
22.944237 1.91444392
23.044870 1.91177421
23.145503 1.90825538
23.246135 1.90359029
23.346768 1.89736875
23.447401 1.88902465
23.548033 1.87777033
23.648666 1.86251082
23.749298 1.84171258
23.849931 1.81323059
23.950564 1.77404634
24.051196 1.71991813
24.151829 1.64486823
24.252462 1.54048329
24.353094 1.39497327
24.453727 1.19177925
24.554359 0.90807315
24.654992 0.51267485
24.755625 -0.02818628
24.856257 -0.69742680
24.956890 -1.28908960
25.057523 -1.48920461
25.158155 -1.39176977
25.258788 -1.43815194
25.359420 -1.91236286
25.460053 -2.92019196
25.560686 -4.52021574
25.661318 -6.72126103
25.761951 -9.33960855
25.862583 -11.76509371
25.963216 -13.03651392
26.063849 -12.59566338
26.164481 -10.87715847
26.265114 -8.80071013
26.365747 -7.00300551
26.466379 -5.72734184
26.567012 -5.04890871
26.667644 -5.01606306
26.768277 -5.67825840
26.868910 -7.04309434
26.969542 -8.94435086
27.070175 -10.81330937
27.170808 -11.69431124
27.271440 -10.94477454
27.372073 -8.91758892
27.472705 -6.55773939
27.573338 -4.57452390
27.673971 -3.23664231
27.774603 -2.58709859
27.875236 -2.61780831
27.975869 -3.32989303
28.076501 -4.72707742
28.177134 -6.74903383
28.277766 -9.08044293
28.378399 -10.94795358
28.479032 -11.42554620
28.579664 -10.29018139
28.680297 -8.27433852
28.780929 -6.30908237
28.881562 -4.90999194
28.982195 -4.22362636
29.082827 -4.26222388
29.183460 -5.01867397
29.284093 -6.48119827
29.384725 -8.59423715
29.485358 -11.11370634
29.585990 -13.37670953
29.686623 -14.38419218
29.787256 -13.55618157
29.887888 -11.35022659
29.988521 -8.77337980
30.089154 -6.55761174
30.189786 -4.98505445
30.290419 -4.11535768
30.391051 -3.95349237
30.491684 -4.50231760
30.592317 -5.76036460
30.692949 -7.63567552
30.793582 -9.73271930
30.894215 -11.20338271
30.994847 -11.17386375
31.095480 -9.59277517
31.196112 -7.28979088
31.296745 -5.14272962
31.397378 -3.57986489
31.498010 -2.70867946
31.598643 -2.53457727
31.699275 -3.05418167
31.799908 -4.27219856
31.900541 -6.14880854
32.001173 -8.43552499
32.101806 -10.45192820
32.202439 -11.23998906
32.303071 -10.37008509
32.403704 -8.42122891
32.504336 -6.35622432
32.604969 -4.78425001
32.705602 -3.90758441
32.806234 -3.75384988
32.906867 -4.31704078
33.007500 -5.59508312
33.108132 -7.55667941
33.208765 -10.01885202
33.309397 -12.41705820
33.410030 -13.77312683
33.510663 -13.34752651
33.611295 -11.39926360
33.711928 -8.89173971
33.812560 -6.62995131
33.913193 -4.96585297
34.013826 -3.98706780
34.114458 -3.70451866
34.215091 -4.12492349
34.315724 -5.25175943
34.416356 -7.02565161
34.516989 -9.13960347
34.617621 -10.83191804
34.718254 -11.16729315
34.818887 -9.88550662
34.919519 -7.69269269
35.020152 -5.52613218
35.120785 -3.91767910
35.221417 -3.02163736
35.322050 -2.85092732
35.422682 -3.39835874
35.523315 -4.65157510
35.623948 -6.53631972
35.724580 -8.73219785
35.825213 -10.46676904
35.925846 -10.80230052
36.026478 -9.48354303
36.127111 -7.21287848
36.227743 -4.90513524
36.328376 -3.05898828
36.429009 -1.79323100
36.529641 -1.08164509
36.630274 -0.86160004
36.730906 -0.99092776
36.831539 -1.11394821
36.932172 -0.83569467
37.032804 -0.22635282
37.133437 0.38623343
37.234070 0.86400421
37.334702 1.21510728
37.435335 1.47115183
37.535967 1.65771638
37.636600 1.79466948
37.737233 1.89408100
37.837865 1.96274204
37.938498 2.00586181
38.039131 2.02794928
38.139763 2.03284459
38.240396 2.03241343
38.341028 2.03138027
38.441661 2.03022644
38.542294 2.02903285
38.642926 2.02782165
38.743559 2.02660092
38.844192 2.02537416
38.944824 2.02414319
39.045457 2.02290912
39.146089 2.02167268
39.246722 2.02043440
39.347355 2.01919464
39.447987 2.01795368
39.548620 2.01671173
39.649252 2.01546898
39.749885 2.01422576
39.850518 2.01298273
39.951150 2.01174147
40.051783 2.01050620
40.152416 2.00928978
40.253048 2.00814259
40.353681 2.00730913
40.454313 2.00766065
40.554946 2.00911601
40.655579 2.01111506
40.756211 2.01275338
40.856844 2.01264072
40.957477 2.00868136
41.058109 1.99773036
41.158742 1.97506943
41.259374 1.93381935
41.360007 1.86376680
41.460640 1.75116888
41.561272 1.58323431
41.661905 1.36282253
41.762538 1.13608089
41.863170 0.99509297
41.963803 1.01049794
42.064435 1.15803424
42.165068 1.34469821
42.265701 1.49203724
42.366333 1.56919491
42.466966 1.57454298
42.567598 1.51414582
42.668231 1.39272872
42.768864 1.21464047
42.869496 0.99305687
42.970129 0.76818087
43.070762 0.61208793
43.171394 0.57731114
43.272027 0.63056014
43.372659 0.67093416
43.473292 0.60434573
43.573925 0.38774899
43.674557 0.05520242
43.775190 -0.25241655
43.875823 -0.33953588
43.976455 -0.12373977
44.077088 0.28141288
44.177720 0.69246322
44.278353 1.00056497
44.378986 1.18322537
44.479618 1.25355146
44.580251 1.22770653
44.680884 1.11431773
44.781516 0.91402538
44.882149 0.62298079
44.982781 0.24442774
45.083414 -0.17955745
45.184047 -0.53513620
45.284679 -0.68289209
45.385312 -0.58462404
45.485944 -0.32141310
45.586577 0.00987987
45.687210 0.31885158
45.787842 0.55706831
45.888475 0.76909569
45.989108 1.00054898
46.089740 1.22146580
46.190373 1.39765265
46.291005 1.52816543
46.391638 1.62365314
46.492271 1.69376027
46.592903 1.74530529
46.693536 1.78303169
46.794169 1.81004521
46.894801 1.82837567
46.995434 1.83926645
47.096066 1.84333010
47.196699 1.84311464
47.297332 1.84214076
47.397964 1.84099607
47.498597 1.83979873
47.599230 1.83857994
47.699862 1.83735098
47.800495 1.83611678
47.901127 1.83487976
48.001760 1.83364116
48.102393 1.83240164
48.203025 1.83116159
48.303658 1.82992122
48.404290 1.82868067
48.504923 1.82744002
48.605556 1.82619930
48.706188 1.82495854
48.806821 1.82371777
48.907454 1.82247753
49.008086 1.82124305
49.108719 1.82001488
49.209351 1.81879301
49.309984 1.81757745
49.410617 1.81636820
49.511249 1.81516525
49.611882 1.81396861
49.712515 1.81277828
49.813147 1.81159425
49.913780 1.81041653
50.014412 1.80924511
50.115045 1.80807999
50.215678 1.80692119
50.316310 1.80576868
50.416943 1.80462248
50.517576 1.80348258
50.618208 1.80234899
50.718841 1.80122170
50.819473 1.80010071
50.920106 1.79898603
51.020739 1.79787765
51.121371 1.79677558
51.222004 1.79567981
51.322636 1.79459034
51.423269 1.79350717
51.523902 1.79243031
51.624534 1.79135975
51.725167 1.79029549
51.825800 1.78923754
51.926432 1.78818589
52.027065 1.78714054
52.127697 1.78610150
52.228330 1.78506876
52.328963 1.78404232
52.429595 1.78302218
52.530228 1.78200835
52.630861 1.78100082
52.731493 1.77999959
52.832126 1.77900467
52.932758 1.77801605
53.033391 1.77703373
53.134024 1.77605771
53.234656 1.77508800
53.335289 1.77412459
53.435921 1.77316748
53.536554 1.77221668
53.637187 1.77127218
53.737819 1.77033398
53.838452 1.76940208
53.939085 1.76847649
54.039717 1.76755720
54.140350 1.76664421
54.240982 1.76573752
54.341615 1.76483714
54.442248 1.76394306
54.542880 1.76305528
54.643513 1.76217381
54.744146 1.76129864
54.844778 1.76042977
54.945411 1.75956720
55.046043 1.75871094
55.146676 1.75786097
55.247309 1.75701731
55.347941 1.75617996
55.448574 1.75534890
55.549207 1.75452415
55.649839 1.75370570
55.750472 1.75289356
55.851104 1.75208771
55.951737 1.75128817
56.052370 1.75049493
56.153002 1.74970800
56.253635 1.74892736
56.354267 1.74815303
56.454900 1.74738501
56.555533 1.74662328
56.656165 1.74586786
56.756798 1.74511874
56.857431 1.74437592
56.958063 1.74363940
57.058696 1.74290919
57.159328 1.74218528
57.259961 1.74146767
57.360594 1.74075636
57.461226 1.74005136
57.561859 1.73935266
57.662492 1.73866026
57.763124 1.73797417
57.863757 1.73729437
57.964389 1.73662088
58.065022 1.73595370
58.165655 1.73529281
58.266287 1.73463823
58.366920 1.73398995
58.467553 1.73334797
58.568185 1.73271230
58.668818 1.73208292
58.769450 1.73145985
58.870083 1.73084309
58.970716 1.73023262
59.071348 1.72962846
59.171981 1.72903060
59.272613 1.72843904
59.373246 1.72785379
59.473879 1.72727483
59.574511 1.72670218
59.675144 1.72613584
59.775777 1.72557579
59.876409 1.72502205
59.977042 1.72447461
60.077674 1.72393347
60.178307 1.72339864
60.278940 1.72287011
60.379572 1.72234788
60.480205 1.72183195
60.580838 1.72132233
60.681470 1.72081901
60.782103 1.72032199
60.882735 1.71983127
60.983368 1.71934686
61.084001 1.71886875
61.184633 1.71839694
61.285266 1.71793143
61.385899 1.71747223
61.486531 1.71701933
61.587164 1.71657273
61.687796 1.71613244
61.788429 1.71569845
61.889062 1.71527076
61.989694 1.71484937
62.090327 1.71443428
62.190959 1.71402550
62.291592 1.71362302
62.392225 1.71322685
62.492857 1.71283697
62.593490 1.71245340
62.694123 1.71207613
62.794755 1.71170517
62.895388 1.71134051
62.996020 1.71098215
63.096653 1.71063009
63.197286 1.71028433
63.297918 1.70994488
63.398551 1.70961173
63.499184 1.70928489
63.599816 1.70896434
63.700449 1.70865010
63.801081 1.70834216
63.901714 1.70804053
64.002347 1.70774520
64.102979 1.70745617
64.203612 1.70717344
64.304245 1.70689702
64.404877 1.70662689
64.505510 1.70636308
64.606142 1.70610556
64.706775 1.70585435
64.807408 1.70560944
64.908040 1.70537083
65.008673 1.70513853
65.109305 1.70491253
65.209938 1.70469283
65.310571 1.70447943
65.411203 1.70427234
65.511836 1.70407155
65.612469 1.70387706
65.713101 1.70368888
65.813734 1.70350700
65.914366 1.70333142
66.014999 1.70316214
66.115632 1.70299917
66.216264 1.70284250
66.316897 1.70269214
66.417530 1.70254807
66.518162 1.70241031
66.618795 1.70227886
66.719427 1.70215370
66.820060 1.70203485
66.920693 1.70192230
67.021325 1.70181606
67.121958 1.70171612
67.222591 1.70162248
67.323223 1.70153514
67.423856 1.70145411
67.524488 1.70137938
67.625121 1.70131095
67.725754 1.70124883
67.826386 1.70119301
67.927019 1.70114349
68.027651 1.70110027
68.128284 1.70106336
68.228917 1.70103275
68.329549 1.70100845
68.430182 1.70099045
68.530815 1.70097875
68.631447 1.70097335
68.732080 1.70097426
68.832712 1.70098147
68.933345 1.70099498
69.033978 1.70101480
69.134610 1.70104092
69.235243 1.70107335
69.335876 1.70111207
69.436508 1.70115710
69.537141 1.70120843
69.637773 1.70126607
69.738406 1.70133002
69.839039 1.70140026
69.939671 1.70147627
70.040304 1.70155281
70.140937 1.70162937
70.241569 1.70170591
70.342202 1.70178246
70.442834 1.70185900
70.543467 1.70193556
70.644100 1.70201217
70.744732 1.70208865
