0.100633 1.92168308
0.201265 1.92168586
0.301898 1.92168283
0.402530 1.92168253
0.503163 1.92168256
0.603796 1.92168259
0.704428 1.92168263
0.805061 1.92168267
0.905694 1.92168272
1.006326 1.92168277
1.106959 1.92168283
1.207591 1.92168290
1.308224 1.92168297
1.408857 1.92168305
1.509489 1.92168314
1.610122 1.92168324
1.710755 1.92168334
1.811387 1.92168346
1.912020 1.92168359
2.012652 1.92168373
2.113285 1.92168388
2.213918 1.92168404
2.314550 1.92168422
2.415183 1.92168441
2.515816 1.92168461
2.616448 1.92168483
2.717081 1.92168506
2.817713 1.92168531
2.918346 1.92168558
3.018979 1.92168586
3.119611 1.92168617
3.220244 1.92168649
3.320876 1.92168682
3.421509 1.92168718
3.522142 1.92168756
3.622774 1.92168796
3.723407 1.92168838
3.824040 1.92168882
3.924672 1.92168929
4.025305 1.92168977
4.125937 1.92169028
4.226570 1.92169082
4.327203 1.92169138
4.427835 1.92169196
4.528468 1.92169257
4.629101 1.92169321
4.729733 1.92169387
4.830366 1.92169456
4.930998 1.92169528
5.031631 1.92169603
5.132264 1.92169681
5.232896 1.92169761
5.333529 1.92169845
5.434162 1.92169932
5.534794 1.92170021
5.635427 1.92170115
5.736059 1.92170211
5.836692 1.92170310
5.937325 1.92170413
6.037957 1.92170520
6.138590 1.92170629
6.239222 1.92170742
6.339855 1.92170859
6.440488 1.92170980
6.541120 1.92171104
6.641753 1.92171232
6.742386 1.92171363
6.843018 1.92171498
6.943651 1.92171638
7.044283 1.92171781
7.144916 1.92171928
7.245549 1.92172079
7.346181 1.92172234
7.446814 1.92172393
7.547447 1.92172557
7.648079 1.92172725
7.748712 1.92172896
7.849344 1.92173073
7.949977 1.92173253
8.050610 1.92173438
8.151242 1.92173628
8.251875 1.92173822
8.352508 1.92174020
8.453140 1.92174223
8.553773 1.92174431
8.654405 1.92174643
8.755038 1.92174860
8.855671 1.92175082
8.956303 1.92175309
9.056936 1.92175540
9.157568 1.92175776
9.258201 1.92176018
9.358834 1.92176264
9.459466 1.92176515
9.560099 1.92176771
9.660732 1.92177033
9.761364 1.92177299
9.861997 1.92177571
9.962629 1.92177848
10.063262 1.92178130
10.163895 1.92178417
10.264527 1.92178710
10.365160 1.92179007
10.465793 1.92179311
10.566425 1.92179619
10.667058 1.92179934
10.767690 1.92180253
10.868323 1.92180578
10.968956 1.92180909
11.069588 1.92181245
11.170221 1.92181587
11.270853 1.92181934
11.371486 1.92182287
11.472119 1.92182646
11.572751 1.92183010
11.673384 1.92183380
11.774017 1.92183756
11.874649 1.92184137
11.975282 1.92184524
12.075914 1.92184918
12.176547 1.92185316
12.277180 1.92185721
12.377812 1.92186131
12.478445 1.92186548
12.579078 1.92186970
12.679710 1.92187399
12.780343 1.92187833
12.880975 1.92188273
12.981608 1.92188719
13.082241 1.92189171
13.182873 1.92189629
13.283506 1.92190093
13.384139 1.92190562
13.484771 1.92191039
13.585404 1.92191520
13.686036 1.92192009
13.786669 1.92192502
13.887302 1.92193002
13.987934 1.92193508
14.088567 1.92194020
14.189199 1.92194538
14.289832 1.92195062
14.390465 1.92195592
14.491097 1.92196129
14.591730 1.92196670
14.692363 1.92197219
14.792995 1.92197773
14.893628 1.92198333
14.994260 1.92198899
15.094893 1.92199472
15.195526 1.92200049
15.296158 1.92200634
15.396791 1.92201223
15.497424 1.92201820
15.598056 1.92202421
15.698689 1.92203030
15.799321 1.92203643
15.899954 1.92204263
16.000587 1.92204888
16.101219 1.92205520
16.201852 1.92206157
16.302485 1.92206800
16.403117 1.92207448
16.503750 1.92208103
16.604382 1.92208762
16.705015 1.92209428
16.805648 1.92210098
16.906280 1.92210775
17.006913 1.92211456
17.107545 1.92212144
17.208178 1.92212835
17.308811 1.92213533
17.409443 1.92214234
17.510076 1.92214942
17.610709 1.92215652
17.711341 1.92216368
17.811974 1.92217087
17.912606 1.92217811
18.013239 1.92218536
18.113872 1.92219266
18.214504 1.92219997
18.315137 1.92220731
18.415770 1.92221465
18.516402 1.92222200
18.617035 1.92222933
18.717667 1.92223666
18.818300 1.92224393
18.918933 1.92225118
19.019565 1.92225833
19.120198 1.92226541
19.220831 1.92227234
19.321463 1.92227913
19.422096 1.92228570
19.522728 1.92229205
19.623361 1.92229806
19.723994 1.92230372
19.824626 1.92230888
19.925259 1.92231350
20.025891 1.92231739
20.126524 1.92232046
20.227157 1.92232245
20.327789 1.92232322
20.428422 1.92232241
20.529055 1.92231975
20.629687 1.92231478
20.730320 1.92230703
20.830952 1.92229584
20.931585 1.92228050
21.032218 1.92226000
21.132850 1.92223321
21.233483 1.92219863
21.334116 1.92215447
21.434748 1.92209839
21.535381 1.92202757
21.636013 1.92193830
21.736646 1.92182600
21.837279 1.92168471
21.937911 1.92150691
22.038544 1.92128280
22.139177 1.92099978
22.239809 1.92064132
22.340442 1.92018592
22.441074 1.91960512
22.541707 1.91886135
22.642340 1.91790447
22.742972 1.91666741
22.843605 1.91505988
22.944237 1.91295961
23.044870 1.91020045
23.145503 1.90655506
23.246135 1.90171181
23.346768 1.89524030
23.447401 1.88654588
23.548033 1.87480074
23.648666 1.85885312
23.749298 1.83708912
23.849931 1.80724986
23.950564 1.76615547
24.051196 1.70933558
24.151829 1.63049023
24.252462 1.52075157
24.353094 1.36770211
24.453727 1.15390317
24.554359 0.85535553
24.654992 0.43965489
24.755625 -0.12504820
24.856257 -0.80283488
24.956890 -1.35226937
25.057523 -1.48883299
25.158155 -1.38773667
25.258788 -1.49092027
25.359420 -2.04650675
25.460053 -3.14712885
25.560686 -4.84712790
25.661318 -7.13800019
25.761951 -9.78061107
25.862583 -12.08393271
25.963216 -13.08832120
26.063849 -12.38367512
26.164481 -10.54433579
26.265114 -8.48341632
26.365747 -6.76338836
26.466379 -5.58399039
26.567012 -5.01091968
26.667644 -5.09260354
26.768277 -5.87599811
26.868910 -7.35229093
26.969542 -9.30223337
27.070175 -11.07297301
27.170808 -11.69641430
27.271440 -10.67452070
27.372073 -8.52040586
27.472705 -6.18769674
27.573338 -4.30466762
27.673971 -3.08354057
27.774603 -2.55070328
27.875236 -2.69748032
27.975869 -3.52731961
28.076501 -5.04043374
28.177134 -7.14904561
28.277766 -9.46667482
28.378399 -11.14933798
28.479032 -11.33005163
28.579664 -9.97050413
28.680297 -7.90661725
28.780929 -6.01932851
28.881562 -4.74369855
28.982195 -4.18858453
29.082827 -4.35784020
29.183460 -5.24430815
29.284093 -6.83324832
29.384725 -9.04895849
29.485358 -11.58731571
29.585990 -13.69846165
29.686623 -14.38739864
29.787256 -13.24612217
29.887888 -10.89938651
29.988521 -8.35115953
30.089154 -6.24429097
30.189786 -4.80187192
30.290419 -4.06482816
30.391051 -4.03640909
30.491684 -4.72046768
30.592317 -6.10797903
30.692949 -8.06860630
30.793582 -10.11935906
30.894215 -11.34819052
30.994847 -10.98326924
31.095480 -9.18216410
31.196112 -6.85545642
31.296745 -4.80791042
31.397378 -3.38477150
31.498010 -2.65963624
31.598643 -2.63315771
31.699275 -3.30408471
31.799908 -4.67378639
31.900541 -6.67405571
32.001173 -8.97144969
32.101806 -10.77982146
32.202439 -11.17874962
32.303071 -9.96790693
32.403704 -7.89745974
32.504336 -5.89133649
32.604969 -4.44773246
32.705602 -3.70783557
32.806234 -3.68456180
32.906867 -4.37326113
33.007500 -5.77523325
33.108132 -7.85183488
33.208765 -10.37551292
33.309397 -12.69601781
33.410030 -13.80784056
33.510663 -13.10975791
33.611295 -11.03544712
33.711928 -8.56491909
33.812560 -6.41330197
33.913193 -4.86877352
34.013826 -4.00358666
34.114458 -3.83238123
34.215091 -4.36701329
34.315724 -5.60652381
34.416356 -7.45477332
34.516989 -9.51062041
34.617621 -10.91821324
34.718254 -10.81571544
34.818887 -9.18206564
34.919519 -6.85985951
35.020152 -4.72261596
35.120785 -3.19761964
35.221417 -2.39153474
35.322050 -2.31086582
35.422682 -2.95604766
35.523315 -4.31836456
35.623948 -6.29340401
35.724580 -8.46695717
35.825213 -9.96897048
35.925846 -9.93230808
36.026478 -8.33646402
36.127111 -6.01233682
36.227743 -3.80490487
36.328376 -2.10596421
36.429009 -0.98434281
36.529641 -0.40134321
36.630274 -0.28456553
36.730906 -0.44984934
36.831539 -0.49022567
36.932172 -0.09165348
37.032804 0.55763706
37.133437 1.15590570
37.234070 1.61610657
37.334702 1.95902896
37.435335 2.21595309
37.535967 2.40980601
37.636600 2.55609167
37.737233 2.66368772
37.837865 2.73777884
37.938498 2.78395024
38.039131 2.80652371
38.139763 2.81048706
38.240396 2.81030996
38.341028 2.80614494
38.441661 2.79739605
38.542294 2.78408231
38.642926 2.76623644
38.743559 2.74386686
38.844192 2.71697167
38.944824 2.68554762
39.045457 2.64959444
39.146089 2.60907332
39.246722 2.56393682
39.347355 2.51409875
39.447987 2.45955420
39.548620 2.40063152
39.649252 2.33868647
39.749885 2.27701300
39.850518 2.22157951
39.951150 2.18067786
40.051783 2.16275401
40.152416 2.17304745
40.253048 2.21107622
40.353681 2.27079068
40.454313 2.34325432
40.554946 2.41988178
40.655579 2.49430797
40.756211 2.56246271
40.856844 2.62163248
40.957477 2.66938991
41.058109 2.70270373
41.158742 2.71726239
41.259374 2.70692665
41.360007 2.66251963
41.460640 2.57151757
41.561272 2.42188773
41.661905 2.21592444
41.762538 1.99759849
41.863170 1.85785567
41.963803 1.87100428
42.064435 2.01877344
42.165068 2.21032677
42.265701 2.36541674
42.366333 2.45129421
42.466966 2.46586699
42.567598 2.41550008
42.668231 2.30519418
42.768864 2.13872581
42.869496 1.92615455
42.970129 1.70097191
43.070762 1.53051599
43.171394 1.47433629
43.272027 1.51286359
43.372659 1.54927918
43.473292 1.48356604
43.573925 1.26906316
43.674557 0.94456772
43.775190 0.65874958
43.875823 0.60524016
43.976455 0.85161845
44.077088 1.27254603
44.177720 1.68677350
44.278353 1.99369246
44.378986 2.17594633
44.479618 2.24798081
44.580251 2.22580764
44.680884 2.11770887
44.781516 1.92400771
44.882149 1.64045352
44.982781 1.26930659
45.083414 0.85037451
45.184047 0.49488492
45.284679 0.34299980
45.385312 0.43800669
45.485944 0.70266853
45.586577 1.03891365
45.687210 1.35416997
45.787842 1.60212051
45.888475 1.82878440
45.989108 2.07344546
46.089740 2.30259132
46.190373 2.48504164
46.291005 2.62190491
46.391638 2.72410163
46.492271 2.80113562
46.592903 2.85963033
46.693536 2.90414843
46.794169 2.93761688
46.894801 2.96189517
46.995434 2.97807100
47.096066 2.98655487
47.196699 2.99030315
47.297332 2.99323712
47.397964 2.99595909
47.498597 2.99860329
47.599230 3.00121018
47.699862 3.00379656
47.800495 3.00637083
47.901127 3.00893762
48.001760 3.01149964
48.102393 3.01405855
48.203025 3.01661539
48.303658 3.01917083
48.404290 3.02172532
48.504923 3.02427914
48.605556 3.02683249
48.706188 3.02938553
48.806821 3.03193833
48.907454 3.03448992
49.008086 3.03703044
49.108719 3.03955888
49.209351 3.04207525
49.309984 3.04457958
49.410617 3.04707189
49.511249 3.04955218
49.611882 3.05202046
49.712515 3.05447673
49.813147 3.05692100
49.913780 3.05935327
50.014412 3.06177354
50.115045 3.06418181
50.215678 3.06657809
50.316310 3.06896238
50.416943 3.07133467
50.517576 3.07369497
50.618208 3.07604328
50.718841 3.07837960
50.819473 3.08070392
50.920106 3.08301625
51.020739 3.08531660
51.121371 3.08760495
51.222004 3.08988130
51.322636 3.09214567
51.423269 3.09439805
51.523902 3.09663844
51.624534 3.09886683
51.725167 3.10108324
51.825800 3.10328765
51.926432 3.10548008
52.027065 3.10766051
52.127697 3.10982895
52.228330 3.11198540
52.328963 3.11412986
52.429595 3.11626234
52.530228 3.11838282
52.630861 3.12049131
52.731493 3.12258780
52.832126 3.12467231
52.932758 3.12674483
53.033391 3.12880536
53.134024 3.13085390
53.234656 3.13289044
53.335289 3.13491500
53.435921 3.13692756
53.536554 3.13892814
53.637187 3.14091672
53.737819 3.14289332
53.838452 3.14485792
53.939085 3.14681053
54.039717 3.14875116
54.140350 3.15067979
54.240982 3.15259643
54.341615 3.15450108
54.442248 3.15639374
54.542880 3.15827441
54.643513 3.16014309
54.744146 3.16199978
54.844778 3.16384448
54.945411 3.16567719
55.046043 3.16749791
55.146676 3.16930664
55.247309 3.17110338
55.347941 3.17288813
55.448574 3.17466088
55.549207 3.17642165
55.649839 3.17817043
55.750472 3.17990721
55.851104 3.18163201
55.951737 3.18334481
56.052370 3.18504563
56.153002 3.18673445
56.253635 3.18841129
56.354267 3.19007613
56.454900 3.19172898
56.555533 3.19336985
56.656165 3.19499872
56.756798 3.19661560
56.857431 3.19822050
56.958063 3.19981340
57.058696 3.20139431
57.159328 3.20296323
57.259961 3.20452016
57.360594 3.20606511
57.461226 3.20759806
57.561859 3.20911902
57.662492 3.21062799
57.763124 3.21212497
57.863757 3.21360996
57.964389 3.21508296
58.065022 3.21654397
58.165655 3.21799299
58.266287 3.21943002
58.366920 3.22085506
58.467553 3.22226811
58.568185 3.22366917
58.668818 3.22505824
58.769450 3.22643532
58.870083 3.22780041
58.970716 3.22915350
59.071348 3.23049461
59.171981 3.23182373
59.272613 3.23314086
59.373246 3.23444600
59.473879 3.23573915
59.574511 3.23702031
59.675144 3.23828947
59.775777 3.23954665
59.876409 3.24079184
59.977042 3.24202504
60.077674 3.24324625
60.178307 3.24445547
60.278940 3.24565270
60.379572 3.24683793
60.480205 3.24801118
60.580838 3.24917244
60.681470 3.25032171
60.782103 3.25145899
60.882735 3.25258428
60.983368 3.25369758
61.084001 3.25479889
61.184633 3.25588821
61.285266 3.25696554
61.385899 3.25803088
61.486531 3.25908423
61.587164 3.26012559
61.687796 3.26115496
61.788429 3.26217234
61.889062 3.26317773
61.989694 3.26417113
62.090327 3.26515255
62.190959 3.26612197
62.291592 3.26707940
62.392225 3.26802484
62.492857 3.26895830
62.593490 3.26987976
62.694123 3.27078923
62.794755 3.27168672
62.895388 3.27257221
62.996020 3.27344572
63.096653 3.27430723
63.197286 3.27515676
63.297918 3.27599429
63.398551 3.27681984
63.499184 3.27763340
63.599816 3.27843496
63.700449 3.27922454
63.801081 3.28000213
63.901714 3.28076773
64.002347 3.28152134
64.102979 3.28226296
64.203612 3.28299259
64.304245 3.28371023
64.404877 3.28441588
64.505510 3.28510955
64.606142 3.28579122
64.706775 3.28646090
64.807408 3.28711860
64.908040 3.28776430
65.008673 3.28839802
65.109305 3.28901975
65.209938 3.28962948
65.310571 3.29022723
65.411203 3.29081299
65.511836 3.29138676
65.612469 3.29194854
65.713101 3.29249833
65.813734 3.29303614
65.914366 3.29356195
66.014999 3.29407577
66.115632 3.29457761
66.216264 3.29506745
66.316897 3.29554531
66.417530 3.29601118
66.518162 3.29646506
66.618795 3.29690694
66.719427 3.29733685
66.820060 3.29775476
66.920693 3.29816068
67.021325 3.29855461
67.121958 3.29893656
67.222591 3.29930651
67.323223 3.29966448
67.423856 3.30001046
67.524488 3.30034445
67.625121 3.30066645
67.725754 3.30097646
67.826386 3.30127448
67.927019 3.30156051
68.027651 3.30183456
68.128284 3.30209661
68.228917 3.30234668
68.329549 3.30258476
68.430182 3.30281085
68.530815 3.30302495
68.631447 3.30322706
68.732080 3.30341718
68.832712 3.30359532
68.933345 3.30376147
69.033978 3.30391562
69.134610 3.30405779
69.235243 3.30418797
69.335876 3.30430616
69.436508 3.30441237
69.537141 3.30450658
69.637773 3.30458881
69.738406 3.30465904
69.839039 3.30471728
69.939671 3.30476457
70.040304 3.30481083
70.140937 3.30485708
70.241569 3.30490334
70.342202 3.30494960
70.442834 3.30499586
70.543467 3.30504212
70.644100 3.30508837
70.744732 3.30513464
