0.100633 1.92358549
0.201265 1.92358829
0.301898 1.92358529
0.402530 1.92358498
0.503163 1.92358501
0.603796 1.92358505
0.704428 1.92358509
0.805061 1.92358513
0.905694 1.92358518
1.006326 1.92358523
1.106959 1.92358529
1.207591 1.92358536
1.308224 1.92358543
1.408857 1.92358551
1.509489 1.92358560
1.610122 1.92358570
1.710755 1.92358581
1.811387 1.92358593
1.912020 1.92358606
2.012652 1.92358620
2.113285 1.92358635
2.213918 1.92358652
2.314550 1.92358670
2.415183 1.92358689
2.515816 1.92358710
2.616448 1.92358732
2.717081 1.92358756
2.817713 1.92358781
2.918346 1.92358809
3.018979 1.92358838
3.119611 1.92358868
3.220244 1.92358901
3.320876 1.92358936
3.421509 1.92358972
3.522142 1.92359011
3.622774 1.92359052
3.723407 1.92359095
3.824040 1.92359140
3.924672 1.92359188
4.025305 1.92359237
4.125937 1.92359290
4.226570 1.92359345
4.327203 1.92359402
4.427835 1.92359462
4.528468 1.92359525
4.629101 1.92359590
4.729733 1.92359659
4.830366 1.92359730
4.930998 1.92359805
5.031631 1.92359882
5.132264 1.92359962
5.232896 1.92360045
5.333529 1.92360132
5.434162 1.92360222
5.534794 1.92360315
5.635427 1.92360412
5.736059 1.92360512
5.836692 1.92360616
5.937325 1.92360723
6.037957 1.92360834
6.138590 1.92360949
6.239222 1.92361067
6.339855 1.92361190
6.440488 1.92361316
6.541120 1.92361446
6.641753 1.92361580
6.742386 1.92361719
6.843018 1.92361861
6.943651 1.92362008
7.044283 1.92362159
7.144916 1.92362315
7.245549 1.92362475
7.346181 1.92362640
7.446814 1.92362809
7.547447 1.92362983
7.648079 1.92363161
7.748712 1.92363344
7.849344 1.92363532
7.949977 1.92363725
8.050610 1.92363923
8.151242 1.92364126
8.251875 1.92364334
8.352508 1.92364547
8.453140 1.92364766
8.553773 1.92364990
8.654405 1.92365219
8.755038 1.92365453
8.855671 1.92365693
8.956303 1.92365939
9.056936 1.92366190
9.157568 1.92366447
9.258201 1.92366709
9.358834 1.92366978
9.459466 1.92367252
9.560099 1.92367532
9.660732 1.92367818
9.761364 1.92368110
9.861997 1.92368409
9.962629 1.92368713
10.063262 1.92369024
10.163895 1.92369341
10.264527 1.92369664
10.365160 1.92369994
10.465793 1.92370330
10.566425 1.92370673
10.667058 1.92371022
10.767690 1.92371378
10.868323 1.92371741
10.968956 1.92372110
11.069588 1.92372486
11.170221 1.92372869
11.270853 1.92373259
11.371486 1.92373656
11.472119 1.92374060
11.572751 1.92374471
11.673384 1.92374889
11.774017 1.92375314
11.874649 1.92375747
11.975282 1.92376187
12.075914 1.92376634
12.176547 1.92377088
12.277180 1.92377550
12.377812 1.92378019
12.478445 1.92378496
12.579078 1.92378980
12.679710 1.92379473
12.780343 1.92379972
12.880975 1.92380479
12.981608 1.92380994
13.082241 1.92381517
13.182873 1.92382047
13.283506 1.92382586
13.384139 1.92383132
13.484771 1.92383686
13.585404 1.92384248
13.686036 1.92384818
13.786669 1.92385396
13.887302 1.92385982
13.987934 1.92386576
14.088567 1.92387179
14.189199 1.92387789
14.289832 1.92388407
14.390465 1.92389034
14.491097 1.92389669
14.591730 1.92390311
14.692363 1.92390963
14.792995 1.92391622
14.893628 1.92392291
14.994260 1.92392966
15.094893 1.92393651
15.195526 1.92394343
15.296158 1.92395045
15.396791 1.92395754
15.497424 1.92396472
15.598056 1.92397198
15.698689 1.92397933
15.799321 1.92398675
15.899954 1.92399427
16.000587 1.92400186
16.101219 1.92400955
16.201852 1.92401731
16.302485 1.92402516
16.403117 1.92403308
16.503750 1.92404111
16.604382 1.92404919
16.705015 1.92405738
16.805648 1.92406563
16.906280 1.92407398
17.006913 1.92408239
17.107545 1.92409091
17.208178 1.92409948
17.308811 1.92410815
17.409443 1.92411687
17.510076 1.92412570
17.610709 1.92413457
17.711341 1.92414353
17.811974 1.92415254
17.912606 1.92416165
18.013239 1.92417078
18.113872 1.92418000
18.214504 1.92418925
18.315137 1.92419857
18.415770 1.92420790
18.516402 1.92421729
18.617035 1.92422667
18.717667 1.92423609
18.818300 1.92424547
18.918933 1.92425487
19.019565 1.92426418
19.120198 1.92427346
19.220831 1.92428261
19.321463 1.92429167
19.422096 1.92430051
19.522728 1.92430916
19.623361 1.92431749
19.723994 1.92432549
19.824626 1.92433301
19.925259 1.92434001
20.025891 1.92434629
20.126524 1.92435177
20.227157 1.92435616
20.327789 1.92435934
20.428422 1.92436092
20.529055 1.92436065
20.629687 1.92435801
20.730320 1.92435258
20.830952 1.92434362
20.931585 1.92433043
21.032218 1.92431195
21.132850 1.92428704
21.233483 1.92425412
21.334116 1.92421138
21.434748 1.92415634
21.535381 1.92408613
21.636013 1.92399685
21.736646 1.92388381
21.837279 1.92374075
21.937911 1.92355989
22.038544 1.92333097
22.139177 1.92304090
22.239809 1.92267237
22.340442 1.92220294
22.441074 1.92160277
22.541707 1.92083252
22.642340 1.91983955
22.742972 1.91855345
22.843605 1.91687924
22.944237 1.91468825
23.044870 1.91180542
23.145503 1.90799107
23.246135 1.90291632
23.346768 1.89612670
23.447401 1.88699378
23.548033 1.87464232
23.648666 1.85785378
23.749298 1.83492008
23.849931 1.80344937
23.950564 1.76007409
24.051196 1.70005892
24.151829 1.61673239
24.252462 1.50070525
24.353094 1.33884541
24.453727 1.11271765
24.554359 0.79701743
24.654992 0.35821822
24.755625 -0.23159833
24.856257 -0.91049378
24.956890 -1.40072917
25.057523 -1.46730458
25.158155 -1.36979200
25.258788 -1.53547295
25.359420 -2.17479719
25.460053 -3.36888769
25.560686 -5.16719003
25.661318 -7.54029219
25.761951 -10.18897704
25.862583 -12.34813491
25.963216 -13.08330367
26.063849 -12.14025544
26.164481 -10.20824159
26.265114 -8.17442209
26.365747 -6.53051173
26.466379 -5.44068085
26.567012 -4.96412063
26.667644 -5.14945634
26.768277 -6.04039411
26.868910 -7.61052161
26.969542 -9.58904973
27.070175 -11.25276924
27.170808 -11.64355926
27.271440 -10.40272065
27.372073 -8.16522244
27.472705 -5.87213377
27.573338 -4.08113535
27.673971 -2.96225449
27.774603 -2.53100604
27.875236 -2.77910162
27.975869 -3.71168949
28.076501 -5.32401831
28.177134 -7.49927048
28.277766 -9.78449882
28.378399 -11.28534469
28.479032 -11.20952322
28.579664 -9.67899308
28.680297 -7.59488099
28.780929 -5.78258216
28.881562 -4.61238319
28.982195 -4.16651188
29.082827 -4.44379494
29.183460 -5.43726880
29.284093 -7.12869244
29.384725 -9.42172861
29.485358 -11.95635367
29.585990 -13.91484701
29.686623 -14.32905620
29.787256 -12.94645132
29.887888 -10.51005166
29.988521 -8.00041126
30.089154 -5.98668405
30.189786 -4.65012907
30.290419 -4.01988853
30.391051 -4.09871402
30.491684 -4.89090053
30.592317 -6.37888550
30.692949 -8.39585621
30.793582 -10.38683627
30.894215 -11.40552908
30.994847 -10.78401770
31.095480 -8.83691372
31.196112 -6.51114753
31.296745 -4.54510894
31.397378 -3.22548526
31.498010 -2.60480672
31.598643 -2.68139646
31.699275 -3.45535654
31.799908 -4.92480397
31.900541 -6.99912917
32.001173 -9.28585775
32.101806 -10.94110404
32.202439 -11.09517430
32.303071 -9.70004424
32.403704 -7.58908591
32.504336 -5.64457978
32.604969 -4.29884970
32.705602 -3.66215467
32.806234 -3.74124080
32.906867 -4.53211137
33.007500 -6.03476324
33.108132 -8.19635922
33.208765 -10.74269624
33.309397 -12.95393016
33.410030 -13.82355271
33.510663 -12.87969831
33.611295 -10.68669866
33.711928 -8.22708057
33.812560 -6.15015396
33.913193 -4.69922729
34.013826 -3.93197940
34.114458 -3.86052707
34.215091 -4.49652404
34.315724 -5.83331621
34.416356 -7.74659959
34.516989 -9.77219062
34.617621 -11.00779056
34.718254 -10.66374341
34.818887 -8.87042516
34.919519 -6.53085588
35.020152 -4.46573816
35.120785 -3.04167737
35.221417 -2.34079708
35.322050 -2.36543844
35.422682 -3.11663078
35.523315 -4.58008709
35.623948 -6.62111829
35.724580 -8.75880927
35.825213 -10.07546796
35.925846 -9.78152639
36.026478 -8.01394161
36.127111 -5.66322452
36.227743 -3.51709068
36.328376 -1.90352417
36.429009 -0.86510806
36.529641 -0.35679673
36.630274 -0.29820082
36.730906 -0.47579788
36.831539 -0.46113210
36.932172 -0.00399422
37.032804 0.65183524
37.133437 1.23071282
37.234070 1.67147349
37.334702 1.99980669
37.435335 2.24608558
37.535967 2.43206471
37.636600 2.57210319
37.737233 2.67437388
37.837865 2.74394125
37.938498 2.78638535
38.039131 2.80586614
38.139763 2.80857161
38.240396 2.80873169
38.341028 2.80610607
38.441661 2.79907355
38.542294 2.78747912
38.642926 2.77134780
38.743559 2.75069105
38.844192 2.72551078
38.944824 2.69580873
39.045457 2.66157742
39.146089 2.62279142
39.246722 2.57942767
39.347355 2.53138872
39.447987 2.47863275
39.548620 2.42129624
39.649252 2.36023129
39.749885 2.29786435
39.850518 2.23907691
39.951150 2.19140736
40.051783 2.16361031
40.152416 2.16257501
40.253048 2.19020454
40.353681 2.24241196
40.454313 2.31098102
40.554946 2.38686573
40.655579 2.46273878
40.756211 2.53371918
40.856844 2.59670189
40.957477 2.64928046
41.058109 2.68875744
41.158742 2.71140865
41.259374 2.71196421
41.360007 2.68251817
41.460640 2.61192169
41.561272 2.48707296
41.661905 2.30133452
41.762538 2.07897734
41.863170 1.89568261
41.963803 1.84318425
42.064435 1.94502242
42.165068 2.13084010
42.265701 2.30732686
42.366333 2.42238960
42.466966 2.46496711
42.567598 2.44001239
42.668231 2.35332973
42.768864 2.20884481
42.869496 2.01253867
42.970129 1.78587374
43.070762 1.58397580
43.171394 1.47838776
43.272027 1.48709623
43.372659 1.53723714
43.473292 1.52087794
43.573925 1.36620963
43.674557 1.07346792
43.775190 0.74843337
43.875823 0.58527748
43.976455 0.72018658
44.077088 1.09543502
44.177720 1.53007996
44.278353 1.88495988
44.378986 2.11528986
44.479618 2.22827332
44.580251 2.24165047
44.680884 2.16690101
44.781516 2.00715179
44.882149 1.75931268
44.982781 1.42072543
45.083414 1.01131807
45.184047 0.61268519
45.284679 0.36671021
45.385312 0.36917723
45.485944 0.58236528
45.586577 0.90760237
45.687210 1.24614664
45.787842 1.51916029
45.888475 1.73927942
45.989108 1.97002274
46.089740 2.20802245
46.190373 2.41048062
46.291005 2.56505690
46.391638 2.68044229
46.492271 2.76711192
46.592903 2.83274033
46.693536 2.88274021
46.794169 2.92061129
46.894801 2.94861382
46.995434 2.96825276
47.096066 2.97988361
47.196699 2.98516451
47.297332 2.98829516
47.397964 2.99106419
47.498597 2.99372211
47.599230 2.99633089
47.699862 2.99891373
47.800495 3.00148163
47.901127 3.00404047
48.001760 3.00659359
48.102393 3.00914302
48.203025 3.01169002
48.303658 3.01423537
48.404290 3.01677961
48.504923 3.01932309
48.605556 3.02186603
48.706188 3.02440859
48.806821 3.02695089
48.907454 3.02949299
49.008086 3.03203391
49.108719 3.03456373
49.209351 3.03708144
49.309984 3.03958705
49.410617 3.04208057
49.511249 3.04456203
49.611882 3.04703142
49.712515 3.04948876
49.813147 3.05193404
49.913780 3.05436727
50.014412 3.05678846
50.115045 3.05919760
50.215678 3.06159469
50.316310 3.06397975
50.416943 3.06635276
50.517576 3.06871372
50.618208 3.07106265
50.718841 3.07339954
50.819473 3.07572439
50.920106 3.07803719
51.020739 3.08033796
51.121371 3.08262669
51.222004 3.08490337
51.322636 3.08716802
51.423269 3.08942063
51.523902 3.09166120
51.624534 3.09388973
51.725167 3.09610623
51.825800 3.09831068
51.926432 3.10050309
52.027065 3.10268347
52.127697 3.10485180
52.228330 3.10700810
52.328963 3.10915236
52.429595 3.11128458
52.530228 3.11340476
52.630861 3.11551291
52.731493 3.11760901
52.832126 3.11969308
52.932758 3.12176511
53.033391 3.12382509
53.134024 3.12587305
53.234656 3.12790896
53.335289 3.12993283
53.435921 3.13194467
53.536554 3.13394447
53.637187 3.13593223
53.737819 3.13790795
53.838452 3.13987163
53.939085 3.14182328
54.039717 3.14376289
54.140350 3.14569046
54.240982 3.14760599
54.341615 3.14950948
54.442248 3.15140094
54.542880 3.15328035
54.643513 3.15514773
54.744146 3.15700308
54.844778 3.15884638
54.945411 3.16067765
55.046043 3.16249687
55.146676 3.16430406
55.247309 3.16609922
55.347941 3.16788233
55.448574 3.16965341
55.549207 3.17141245
55.649839 3.17315945
55.750472 3.17489441
55.851104 3.17661734
55.951737 3.17832823
56.052370 3.18002708
56.153002 3.18171389
56.253635 3.18338867
56.354267 3.18505141
56.454900 3.18670211
56.555533 3.18834077
56.656165 3.18996740
56.756798 3.19158198
56.857431 3.19318453
56.958063 3.19477505
57.058696 3.19635352
57.159328 3.19791996
57.259961 3.19947436
57.360594 3.20101673
57.461226 3.20254705
57.561859 3.20406534
57.662492 3.20557159
57.763124 3.20706581
57.863757 3.20854799
57.964389 3.21001812
58.065022 3.21147623
58.165655 3.21292229
58.266287 3.21435632
58.366920 3.21577831
58.467553 3.21718826
58.568185 3.21858618
58.668818 3.21997206
58.769450 3.22134590
58.870083 3.22270771
58.970716 3.22405747
59.071348 3.22539520
59.171981 3.22672090
59.272613 3.22803455
59.373246 3.22933617
59.473879 3.23062575
59.574511 3.23190330
59.675144 3.23316881
59.775777 3.23442228
59.876409 3.23566371
59.977042 3.23689311
60.077674 3.23811046
60.178307 3.23931579
60.278940 3.24050907
60.379572 3.24169032
60.480205 3.24285953
60.580838 3.24401671
60.681470 3.24516184
60.782103 3.24629494
60.882735 3.24741601
60.983368 3.24852503
61.084001 3.24962202
61.184633 3.25070697
61.285266 3.25177989
61.385899 3.25284077
61.486531 3.25388961
61.587164 3.25492641
61.687796 3.25595118
61.788429 3.25696391
61.889062 3.25796460
61.989694 3.25895326
62.090327 3.25992988
62.190959 3.26089446
62.291592 3.26184701
62.392225 3.26278752
62.492857 3.26371599
62.593490 3.26463243
62.694123 3.26553682
62.794755 3.26642919
62.895388 3.26730951
62.996020 3.26817780
63.096653 3.26903405
63.197286 3.26987826
63.297918 3.27071044
63.398551 3.27153058
63.499184 3.27233868
63.599816 3.27313475
63.700449 3.27391878
63.801081 3.27469077
63.901714 3.27545073
64.002347 3.27619865
64.102979 3.27693453
64.203612 3.27765837
64.304245 3.27837018
64.404877 3.27906996
64.505510 3.27975769
64.606142 3.28043339
64.706775 3.28109705
64.807408 3.28174867
64.908040 3.28238826
65.008673 3.28301581
65.109305 3.28363132
65.209938 3.28423480
65.310571 3.28482624
65.411203 3.28540565
65.511836 3.28597301
65.612469 3.28652834
65.713101 3.28707163
65.813734 3.28760289
65.914366 3.28812211
66.014999 3.28862929
66.115632 3.28912444
66.216264 3.28960755
66.316897 3.29007862
66.417530 3.29053765
66.518162 3.29098465
66.618795 3.29141961
66.719427 3.29184254
66.820060 3.29225342
66.920693 3.29265227
67.021325 3.29303909
67.121958 3.29341386
67.222591 3.29377660
67.323223 3.29412731
67.423856 3.29446597
67.524488 3.29479260
67.625121 3.29510720
67.725754 3.29540975
67.826386 3.29570027
67.927019 3.29597875
68.027651 3.29624520
68.128284 3.29649961
68.228917 3.29674198
68.329549 3.29697231
68.430182 3.29719061
68.530815 3.29739687
68.631447 3.29759110
68.732080 3.29777329
68.832712 3.29794344
68.933345 3.29810155
69.033978 3.29824763
69.134610 3.29838167
69.235243 3.29850367
69.335876 3.29861364
69.436508 3.29871157
69.537141 3.29879746
69.637773 3.29887131
69.738406 3.29893312
69.839039 3.29898290
69.939671 3.29902168
70.040304 3.29905942
70.140937 3.29909715
70.241569 3.29913490
70.342202 3.29917264
70.442834 3.29921039
70.543467 3.29924813
70.644100 3.29928587
70.744732 3.29932362
