0.100633 1.90381986
0.201265 1.90382352
0.301898 1.90381961
0.402530 1.90381923
0.503163 1.90381928
0.603796 1.90381933
0.704428 1.90381939
0.805061 1.90381945
0.905694 1.90381950
1.006326 1.90381956
1.106959 1.90381961
1.207591 1.90381966
1.308224 1.90381972
1.408857 1.90381977
1.509489 1.90381982
1.610122 1.90381987
1.710755 1.90381992
1.811387 1.90381996
1.912020 1.90382001
2.012652 1.90382005
2.113285 1.90382010
2.213918 1.90382014
2.314550 1.90382018
2.415183 1.90382022
2.515816 1.90382026
2.616448 1.90382029
2.717081 1.90382033
2.817713 1.90382036
2.918346 1.90382039
3.018979 1.90382042
3.119611 1.90382044
3.220244 1.90382046
3.320876 1.90382048
3.421509 1.90382050
3.522142 1.90382052
3.622774 1.90382053
3.723407 1.90382054
3.824040 1.90382055
3.924672 1.90382055
4.025305 1.90382055
4.125937 1.90382055
4.226570 1.90382055
4.327203 1.90382054
4.427835 1.90382053
4.528468 1.90382051
4.629101 1.90382049
4.729733 1.90382046
4.830366 1.90382044
4.930998 1.90382041
5.031631 1.90382037
5.132264 1.90382033
5.232896 1.90382029
5.333529 1.90382023
5.434162 1.90382018
5.534794 1.90382012
5.635427 1.90382006
5.736059 1.90381999
5.836692 1.90381991
5.937325 1.90381983
6.037957 1.90381975
6.138590 1.90381965
6.239222 1.90381956
6.339855 1.90381945
6.440488 1.90381934
6.541120 1.90381922
6.641753 1.90381910
6.742386 1.90381897
6.843018 1.90381883
6.943651 1.90381868
7.044283 1.90381853
7.144916 1.90381837
7.245549 1.90381821
7.346181 1.90381803
7.446814 1.90381785
7.547447 1.90381765
7.648079 1.90381746
7.748712 1.90381725
7.849344 1.90381703
7.949977 1.90381680
8.050610 1.90381657
8.151242 1.90381632
8.251875 1.90381607
8.352508 1.90381580
8.453140 1.90381553
8.553773 1.90381525
8.654405 1.90381495
8.755038 1.90381465
8.855671 1.90381433
8.956303 1.90381400
9.056936 1.90381367
9.157568 1.90381331
9.258201 1.90381295
9.358834 1.90381258
9.459466 1.90381220
9.560099 1.90381180
9.660732 1.90381139
9.761364 1.90381096
9.861997 1.90381053
9.962629 1.90381008
10.063262 1.90380962
10.163895 1.90380914
10.264527 1.90380865
10.365160 1.90380814
10.465793 1.90380763
10.566425 1.90380709
10.667058 1.90380654
10.767690 1.90380598
10.868323 1.90380540
10.968956 1.90380481
11.069588 1.90380420
11.170221 1.90380357
11.270853 1.90380293
11.371486 1.90380228
11.472119 1.90380160
11.572751 1.90380091
11.673384 1.90380020
11.774017 1.90379948
11.874649 1.90379874
11.975282 1.90379798
12.075914 1.90379720
12.176547 1.90379640
12.277180 1.90379559
12.377812 1.90379476
12.478445 1.90379391
12.579078 1.90379304
12.679710 1.90379215
12.780343 1.90379124
12.880975 1.90379031
12.981608 1.90378937
13.082241 1.90378840
13.182873 1.90378741
13.283506 1.90378640
13.384139 1.90378538
13.484771 1.90378433
13.585404 1.90378326
13.686036 1.90378217
13.786669 1.90378106
13.887302 1.90377992
13.987934 1.90377877
14.088567 1.90377759
14.189199 1.90377639
14.289832 1.90377517
14.390465 1.90377393
14.491097 1.90377267
14.591730 1.90377138
14.692363 1.90377007
14.792995 1.90376874
14.893628 1.90376738
14.994260 1.90376600
15.094893 1.90376460
15.195526 1.90376318
15.296158 1.90376172
15.396791 1.90376025
15.497424 1.90375875
15.598056 1.90375724
15.698689 1.90375569
15.799321 1.90375412
15.899954 1.90375252
16.000587 1.90375090
16.101219 1.90374926
16.201852 1.90374759
16.302485 1.90374589
16.403117 1.90374417
16.503750 1.90374242
16.604382 1.90374064
16.705015 1.90373884
16.805648 1.90373701
16.906280 1.90373514
17.006913 1.90373326
17.107545 1.90373134
17.208178 1.90372939
17.308811 1.90372740
17.409443 1.90372539
17.510076 1.90372334
17.610709 1.90372126
17.711341 1.90371912
17.811974 1.90371696
17.912606 1.90371475
18.013239 1.90371249
18.113872 1.90371018
18.214504 1.90370782
18.315137 1.90370538
18.415770 1.90370289
18.516402 1.90370030
18.617035 1.90369764
18.717667 1.90369487
18.818300 1.90369200
18.918933 1.90368898
19.019565 1.90368583
19.120198 1.90368249
19.220831 1.90367895
19.321463 1.90367517
19.422096 1.90367111
19.522728 1.90366671
19.623361 1.90366194
19.723994 1.90365669
19.824626 1.90365090
19.925259 1.90364443
20.025891 1.90363719
20.126524 1.90362900
20.227157 1.90361969
20.327789 1.90360900
20.428422 1.90359669
20.529055 1.90358238
20.629687 1.90356568
20.730320 1.90354605
20.830952 1.90352290
20.931585 1.90349541
21.032218 1.90346266
21.132850 1.90342341
21.233483 1.90337623
21.334116 1.90331922
21.434748 1.90325010
21.535381 1.90316591
21.636013 1.90306299
21.736646 1.90293661
21.837279 1.90278081
21.937911 1.90258788
22.038544 1.90234797
22.139177 1.90204817
22.239809 1.90167184
22.340442 1.90119700
22.441074 1.90059485
22.541707 1.89982704
22.642340 1.89884269
22.742972 1.89757336
22.843605 1.89592715
22.944237 1.89377925
23.044870 1.89096024
23.145503 1.88723786
23.246135 1.88229384
23.346768 1.87568810
23.447401 1.86681259
23.548033 1.85482018
23.648666 1.83853204
23.749298 1.81629554
23.849931 1.78579706
23.950564 1.74377886
24.051196 1.68566040
24.151829 1.60498660
24.252462 1.49267141
24.353094 1.33599816
24.453727 1.11710913
24.554359 0.81145626
24.654992 0.38617243
24.755625 -0.18877913
24.856257 -0.86527420
24.956890 -1.38334557
25.057523 -1.48026819
25.158155 -1.37294080
25.258788 -1.49762720
25.359420 -2.08336187
25.460053 -3.21659660
25.560686 -4.94989755
25.661318 -7.26855184
25.761951 -9.91488329
25.862583 -12.17376764
25.963216 -13.09198923
26.063849 -12.30986045
26.164481 -10.44178875
26.265114 -8.39405076
26.365747 -6.70493883
26.466379 -5.56092574
26.567012 -5.02480344
26.667644 -5.14513387
26.768277 -5.96820012
26.868910 -7.47916557
26.969542 -9.43934091
27.070175 -11.16775060
27.170808 -11.69792137
27.271440 -10.58569332
27.372073 -8.39449445
27.472705 -6.07504014
27.573338 -4.22757622
27.673971 -3.04693782
27.774603 -2.55496214
27.875236 -2.74313238
27.975869 -3.61560760
28.076501 -5.17050151
28.177134 -7.30753161
28.277766 -9.61082628
28.378399 -11.21232287
28.479032 -11.27569391
28.579664 -9.83457460
28.680297 -7.75681971
28.780929 -5.89961230
28.881562 -4.66837023
28.982195 -4.15948396
29.082827 -4.37461858
29.183460 -5.30727080
29.284093 -6.94221227
29.384725 -9.19613509
29.485358 -11.74146513
29.585990 -13.79716362
29.686623 -14.37550721
29.787256 -13.13353672
29.887888 -10.74881292
29.988521 -8.21647527
30.089154 -6.14707699
30.189786 -4.74529223
30.290419 -4.04716972
30.391051 -4.05605599
30.491684 -4.77648836
30.592317 -6.19753647
30.692949 -8.17866241
30.793582 -10.21532272
30.894215 -11.38352285
30.994847 -10.94131055
31.095480 -9.09526860
31.196112 -6.76917380
31.296745 -4.74747278
31.397378 -3.35630870
31.498010 -2.66204651
31.598643 -2.66439230
31.699275 -3.36263866
31.799908 -4.75834017
31.900541 -6.78146517
32.001173 -9.09224967
32.101806 -10.89768658
32.202439 -11.28338168
32.303071 -10.06848649
32.403704 -8.01463075
32.504336 -6.04058608
32.604969 -4.63538206
32.705602 -3.93540147
32.806234 -3.95219215
32.906867 -4.68097702
33.007500 -6.12348612
33.108132 -8.24340584
33.208765 -10.82102895
33.309397 -13.21772982
33.410030 -14.42346210
33.510663 -13.80076892
33.611295 -11.74605282
33.711928 -9.23746320
33.812560 -7.01175227
33.913193 -5.37646883
34.013826 -4.41449062
34.114458 -4.14534377
34.215091 -4.58291878
34.315724 -5.72938626
34.416356 -7.50110177
34.516989 -9.52603079
34.617621 -10.97309509
34.718254 -10.95131428
34.818887 -9.36726692
34.919519 -7.02908838
35.020152 -4.83210001
35.120785 -3.23233910
35.221417 -2.34810700
35.322050 -2.18716450
35.422682 -2.74894186
35.523315 -4.02791137
35.623948 -5.93711046
35.724580 -8.10267207
35.825213 -9.68958467
35.925846 -9.79124173
36.026478 -8.28715055
36.127111 -5.96124290
36.227743 -3.69124893
36.328376 -1.91217503
36.429009 -0.71196895
36.529641 -0.05657842
36.630274 0.12152033
36.730906 -0.01434432
36.831539 -0.07897352
36.932172 0.28548325
37.032804 0.94303802
37.133437 1.57557802
37.234070 2.07238020
37.334702 2.44847725
37.435335 2.73473947
37.535967 2.95475938
37.636600 3.12379198
37.737233 3.25039680
37.837865 3.33946025
37.938498 3.39664810
38.039131 3.42677966
38.139763 3.43482457
38.240396 3.43759464
38.341028 3.43950182
38.441661 3.44116549
38.542294 3.44272444
38.642926 3.44422903
38.743559 3.44570271
38.844192 3.44715773
38.944824 3.44860101
39.045457 3.45003669
39.146089 3.45146733
39.246722 3.45289459
39.347355 3.45431961
39.447987 3.45574319
39.548620 3.45716598
39.649252 3.45858867
39.749885 3.46001212
39.850518 3.46143783
39.951150 3.46286866
40.051783 3.46431102
40.152416 3.46578243
40.253048 3.46734884
40.353681 3.46935560
40.454313 3.47267349
40.554946 3.47712633
40.655579 3.48210508
40.756211 3.48664354
40.856844 3.48926312
40.957477 3.48774238
41.058109 3.47875888
41.158742 3.45732152
41.259374 3.41619068
41.360007 3.34467375
41.460640 3.22866057
41.561272 3.05625075
41.661905 2.83442667
41.762538 2.61624326
41.863170 2.49609909
41.963803 2.53523938
42.064435 2.69659092
42.165068 2.88453197
42.265701 3.02659687
42.366333 3.09735537
42.466966 3.09709868
42.567598 3.03198916
42.668231 2.90651697
42.768864 2.72531854
42.869496 2.50369669
42.970129 2.28612773
43.070762 2.14610104
43.171394 2.12828156
43.272027 2.18810761
43.372659 2.22153392
43.473292 2.13901870
43.573925 1.90577918
43.674557 1.56972156
43.775190 1.28572175
43.875823 1.24434992
43.976455 1.50072021
44.077088 1.92073317
44.177720 2.32514188
44.278353 2.61918713
44.378986 2.78871427
44.479618 2.84856424
44.580251 2.81408315
44.680884 2.69278106
44.781516 2.48440222
44.882149 2.18501589
44.982781 1.80054158
45.083414 1.38114450
45.184047 1.04921448
45.284679 0.93806616
45.385312 1.06693348
45.485944 1.34693393
45.586577 1.68276481
45.687210 1.98617255
45.787842 2.22114726
45.888475 2.44006692
45.989108 2.67782469
46.089740 2.89802476
46.190373 3.07152507
46.291005 3.20061868
46.391638 3.29617768
46.492271 3.36742739
46.592903 3.42083001
46.693536 3.46082317
46.794169 3.49028289
46.894801 3.51108006
46.995434 3.52424463
47.096066 3.53049724
47.196699 3.53282019
47.297332 3.53453370
47.397964 3.53608432
47.498597 3.53757453
47.599230 3.53903597
47.699862 3.54048176
47.800495 3.54191844
47.901127 3.54334953
48.001760 3.54477710
48.102393 3.54620239
48.203025 3.54762618
48.303658 3.54904896
48.404290 3.55047107
48.504923 3.55189270
48.605556 3.55331401
48.706188 3.55473510
48.806821 3.55615602
48.907454 3.55757626
49.008086 3.55899037
49.108719 3.56039781
49.209351 3.56179858
49.309984 3.56319271
49.410617 3.56458020
49.511249 3.56596106
49.611882 3.56733529
49.712515 3.56870290
49.813147 3.57006388
49.913780 3.57141824
50.014412 3.57276599
50.115045 3.57410711
50.215678 3.57544162
50.316310 3.57676951
50.416943 3.57809079
50.517576 3.57940545
50.618208 3.58071349
50.718841 3.58201492
50.819473 3.58330973
50.920106 3.58459792
51.020739 3.58587951
51.121371 3.58715447
51.222004 3.58842282
51.322636 3.58968456
51.423269 3.59093967
51.523902 3.59218818
51.624534 3.59343007
51.725167 3.59466534
51.825800 3.59589400
51.926432 3.59711604
52.027065 3.59833147
52.127697 3.59954029
52.228330 3.60074248
52.328963 3.60193807
52.429595 3.60312703
52.530228 3.60430939
52.630861 3.60548512
52.731493 3.60665425
52.832126 3.60781675
52.932758 3.60897264
53.033391 3.61012192
53.134024 3.61126458
53.234656 3.61240063
53.335289 3.61353006
53.435921 3.61465287
53.536554 3.61576907
53.637187 3.61687866
53.737819 3.61798163
53.838452 3.61907798
53.939085 3.62016772
54.039717 3.62125084
54.140350 3.62232735
54.240982 3.62339724
54.341615 3.62446052
54.442248 3.62551718
54.542880 3.62656723
54.643513 3.62761066
54.744146 3.62864748
54.844778 3.62967768
54.945411 3.63070126
55.046043 3.63171823
55.146676 3.63272859
55.247309 3.63373233
55.347941 3.63472945
55.448574 3.63571996
55.549207 3.63670385
55.649839 3.63768113
55.750472 3.63865179
55.851104 3.63961584
55.951737 3.64057327
56.052370 3.64152409
56.153002 3.64246829
56.253635 3.64340587
56.354267 3.64433684
56.454900 3.64526120
56.555533 3.64617894
56.656165 3.64709006
56.756798 3.64799457
56.857431 3.64889246
56.958063 3.64978374
57.058696 3.65066840
57.159328 3.65154645
57.259961 3.65241788
57.360594 3.65328270
57.461226 3.65414090
57.561859 3.65499249
57.662492 3.65583746
57.763124 3.65667581
57.863757 3.65750755
57.964389 3.65833268
58.065022 3.65915118
58.165655 3.65996308
58.266287 3.66076836
58.366920 3.66156702
58.467553 3.66235907
58.568185 3.66314450
58.668818 3.66392332
58.769450 3.66469552
58.870083 3.66546110
58.970716 3.66622007
59.071348 3.66697243
59.171981 3.66771817
59.272613 3.66845730
59.373246 3.66918981
59.473879 3.66991570
59.574511 3.67063498
59.675144 3.67134764
59.775777 3.67205369
59.876409 3.67275313
59.977042 3.67344594
60.077674 3.67413215
60.178307 3.67481174
60.278940 3.67548471
60.379572 3.67615107
60.480205 3.67681081
60.580838 3.67746393
60.681470 3.67811045
60.782103 3.67875034
60.882735 3.67938362
60.983368 3.68001029
61.084001 3.68063034
61.184633 3.68124378
61.285266 3.68185060
61.385899 3.68245080
61.486531 3.68304440
61.587164 3.68363137
61.687796 3.68421173
61.788429 3.68478548
61.889062 3.68535261
61.989694 3.68591312
62.090327 3.68646702
62.190959 3.68701431
62.291592 3.68755498
62.392225 3.68808903
62.492857 3.68861647
62.593490 3.68913730
62.694123 3.68965151
62.794755 3.69015910
62.895388 3.69066008
62.996020 3.69115445
63.096653 3.69164220
63.197286 3.69212333
63.297918 3.69259785
63.398551 3.69306576
63.499184 3.69352705
63.599816 3.69398172
63.700449 3.69442978
63.801081 3.69487123
63.901714 3.69530606
64.002347 3.69573428
64.102979 3.69615588
64.203612 3.69657086
64.304245 3.69697924
64.404877 3.69738099
64.505510 3.69777613
64.606142 3.69816466
64.706775 3.69854657
64.807408 3.69892187
64.908040 3.69929055
65.008673 3.69965262
65.109305 3.70000807
65.209938 3.70035691
65.310571 3.70069914
65.411203 3.70103475
65.511836 3.70136374
65.612469 3.70168612
65.713101 3.70200189
65.813734 3.70231104
65.914366 3.70261357
66.014999 3.70290949
66.115632 3.70319880
66.216264 3.70348149
66.316897 3.70375757
66.417530 3.70402703
66.518162 3.70428988
66.618795 3.70454611
66.719427 3.70479573
66.820060 3.70503874
66.920693 3.70527513
67.021325 3.70550490
67.121958 3.70572806
67.222591 3.70594461
67.323223 3.70615454
67.423856 3.70635786
67.524488 3.70655456
67.625121 3.70674465
67.725754 3.70692813
67.826386 3.70710499
67.927019 3.70727523
68.027651 3.70743887
68.128284 3.70759588
68.228917 3.70774629
68.329549 3.70789007
68.430182 3.70802725
68.530815 3.70815781
68.631447 3.70828175
68.732080 3.70839908
68.832712 3.70850980
68.933345 3.70861390
69.033978 3.70871139
69.134610 3.70880227
69.235243 3.70888653
69.335876 3.70896417
69.436508 3.70903521
69.537141 3.70909962
69.637773 3.70915743
69.738406 3.70920861
69.839039 3.70925318
69.939671 3.70929171
70.040304 3.70932967
70.140937 3.70936762
70.241569 3.70940558
70.342202 3.70944355
70.442834 3.70948151
70.543467 3.70951946
70.644100 3.70955740
70.744732 3.70959538
