0.100633 1.92689073
0.201265 1.92688906
0.301898 1.92689085
0.402530 1.92689103
0.503163 1.92689102
0.603796 1.92689099
0.704428 1.92689097
0.805061 1.92689094
0.905694 1.92689091
1.006326 1.92689088
1.106959 1.92689085
1.207591 1.92689081
1.308224 1.92689077
1.408857 1.92689073
1.509489 1.92689068
1.610122 1.92689063
1.710755 1.92689058
1.811387 1.92689052
1.912020 1.92689046
2.012652 1.92689039
2.113285 1.92689032
2.213918 1.92689024
2.314550 1.92689016
2.415183 1.92689007
2.515816 1.92688997
2.616448 1.92688987
2.717081 1.92688976
2.817713 1.92688965
2.918346 1.92688952
3.018979 1.92688939
3.119611 1.92688926
3.220244 1.92688911
3.320876 1.92688896
3.421509 1.92688880
3.522142 1.92688864
3.622774 1.92688846
3.723407 1.92688828
3.824040 1.92688808
3.924672 1.92688788
4.025305 1.92688767
4.125937 1.92688745
4.226570 1.92688722
4.327203 1.92688698
4.427835 1.92688673
4.528468 1.92688647
4.629101 1.92688620
4.729733 1.92688592
4.830366 1.92688563
4.930998 1.92688533
5.031631 1.92688502
5.132264 1.92688470
5.232896 1.92688437
5.333529 1.92688403
5.434162 1.92688367
5.534794 1.92688331
5.635427 1.92688293
5.736059 1.92688254
5.836692 1.92688214
5.937325 1.92688173
6.037957 1.92688131
6.138590 1.92688088
6.239222 1.92688043
6.339855 1.92687998
6.440488 1.92687951
6.541120 1.92687903
6.641753 1.92687854
6.742386 1.92687804
6.843018 1.92687752
6.943651 1.92687700
7.044283 1.92687646
7.144916 1.92687591
7.245549 1.92687535
7.346181 1.92687478
7.446814 1.92687419
7.547447 1.92687360
7.648079 1.92687299
7.748712 1.92687238
7.849344 1.92687174
7.949977 1.92687111
8.050610 1.92687045
8.151242 1.92686979
8.251875 1.92686911
8.352508 1.92686844
8.453140 1.92686774
8.553773 1.92686704
8.654405 1.92686632
8.755038 1.92686560
8.855671 1.92686486
8.956303 1.92686412
9.056936 1.92686336
9.157568 1.92686260
9.258201 1.92686183
9.358834 1.92686105
9.459466 1.92686026
9.560099 1.92685946
9.660732 1.92685865
9.761364 1.92685785
9.861997 1.92685702
9.962629 1.92685620
10.063262 1.92685536
10.163895 1.92685452
10.264527 1.92685367
10.365160 1.92685282
10.465793 1.92685196
10.566425 1.92685110
10.667058 1.92685023
10.767690 1.92684936
10.868323 1.92684848
10.968956 1.92684760
11.069588 1.92684671
11.170221 1.92684583
11.270853 1.92684494
11.371486 1.92684406
11.472119 1.92684316
11.572751 1.92684227
11.673384 1.92684137
11.774017 1.92684049
11.874649 1.92683959
11.975282 1.92683871
12.075914 1.92683781
12.176547 1.92683693
12.277180 1.92683604
12.377812 1.92683517
12.478445 1.92683429
12.579078 1.92683342
12.679710 1.92683255
12.780343 1.92683170
12.880975 1.92683084
12.981608 1.92683000
13.082241 1.92682915
13.182873 1.92682833
13.283506 1.92682750
13.384139 1.92682670
13.484771 1.92682589
13.585404 1.92682511
13.686036 1.92682433
13.786669 1.92682357
13.887302 1.92682281
13.987934 1.92682208
14.088567 1.92682135
14.189199 1.92682065
14.289832 1.92681996
14.390465 1.92681929
14.491097 1.92681863
14.591730 1.92681800
14.692363 1.92681738
14.792995 1.92681679
14.893628 1.92681621
14.994260 1.92681566
15.094893 1.92681513
15.195526 1.92681463
15.296158 1.92681414
15.396791 1.92681369
15.497424 1.92681325
15.598056 1.92681286
15.698689 1.92681247
15.799321 1.92681214
15.899954 1.92681181
16.000587 1.92681153
16.101219 1.92681127
16.201852 1.92681105
16.302485 1.92681085
16.403117 1.92681070
16.503750 1.92681057
16.604382 1.92681049
16.705015 1.92681042
16.805648 1.92681041
16.906280 1.92681042
17.006913 1.92681048
17.107545 1.92681057
17.208178 1.92681070
17.308811 1.92681085
17.409443 1.92681106
17.510076 1.92681129
17.610709 1.92681157
17.711341 1.92681187
17.811974 1.92681221
17.912606 1.92681258
18.013239 1.92681298
18.113872 1.92681340
18.214504 1.92681385
18.315137 1.92681431
18.415770 1.92681479
18.516402 1.92681526
18.617035 1.92681574
18.717667 1.92681620
18.818300 1.92681664
18.918933 1.92681702
19.019565 1.92681736
19.120198 1.92681760
19.220831 1.92681774
19.321463 1.92681772
19.422096 1.92681753
19.522728 1.92681710
19.623361 1.92681639
19.723994 1.92681530
19.824626 1.92681378
19.925259 1.92681170
20.025891 1.92680895
20.126524 1.92680536
20.227157 1.92680078
20.327789 1.92679494
20.428422 1.92678760
20.529055 1.92677840
20.629687 1.92676695
20.730320 1.92675272
20.830952 1.92673511
20.931585 1.92671334
21.032218 1.92668647
21.132850 1.92665331
21.233483 1.92661242
21.334116 1.92656195
21.434748 1.92649963
21.535381 1.92642256
21.636013 1.92632711
21.736646 1.92620867
21.837279 1.92606134
21.937911 1.92587760
22.038544 1.92564774
22.139177 1.92535919
22.239809 1.92499564
22.340442 1.92453571
22.441074 1.92395130
22.541707 1.92320521
22.642340 1.92224802
22.742972 1.92101353
22.843605 1.91941283
22.944237 1.91732556
23.044870 1.91458842
23.145503 1.91097806
23.246135 1.90618867
23.346768 1.89979816
23.447401 1.89122382
23.548033 1.87965494
23.648666 1.86396426
23.749298 1.84257309
23.849931 1.81327282
23.950564 1.77295568
24.051196 1.71725414
24.151829 1.64001442
24.252462 1.53257593
24.353094 1.38280903
24.453727 1.17368062
24.554359 0.88173311
24.654992 0.47510640
24.755625 -0.07914377
24.856257 -0.75459234
24.956890 -1.32649980
25.057523 -1.49354000
25.158155 -1.39394845
25.258788 -1.47102508
25.359420 -1.98972648
25.460053 -3.04855416
25.560686 -4.70386495
25.661318 -6.95550277
25.761951 -9.59025176
25.862583 -11.95314847
25.963216 -13.08016276
26.063849 -12.49099536
26.164481 -10.69834194
26.265114 -8.62144485
26.365747 -6.85778950
26.466379 -5.62748743
26.567012 -5.00105616
26.667644 -5.02691484
26.768277 -5.75281735
26.868910 -7.17769583
26.969542 -9.10850086
27.070175 -10.93298320
27.170808 -11.68603653
27.271440 -10.79672023
27.372073 -8.70249016
27.472705 -6.35622626
27.573338 -4.42612592
27.673971 -3.15098515
27.774603 -2.56475084
27.875236 -2.65894113
27.975869 -3.43591058
28.076501 -4.89757300
28.177134 -6.96907830
28.277766 -9.29650674
28.378399 -11.06587671
28.479032 -11.37983163
28.579664 -10.11662320
28.680297 -8.06951394
28.780929 -6.14422941
28.881562 -4.81145633
28.982195 -4.19613262
29.082827 -4.30565510
29.183460 -5.13306770
29.284093 -6.66537354
29.384725 -8.83654754
29.485358 -11.36972021
29.585990 -13.55215712
29.686623 -14.38294918
29.787256 -13.37642280
29.887888 -11.08735116
29.988521 -8.52453342
30.089154 -6.36992339
30.189786 -4.87153092
30.290419 -4.07818827
30.391051 -3.99399212
30.491684 -4.62246051
30.592317 -5.95788353
30.692949 -7.88621691
30.793582 -9.96017837
30.894215 -11.29072891
30.994847 -11.06019198
31.095480 -9.34206446
31.196112 -7.01866706
31.296745 -4.92594592
31.397378 -3.44146305
31.498010 -2.65130220
31.598643 -2.55726102
31.699275 -3.15703510
31.799908 -4.45451141
31.900541 -6.39763823
32.001173 -8.69859788
32.101806 -10.62453073
32.202439 -11.23031139
32.303071 -10.19653483
32.403704 -8.19215292
32.504336 -6.16624338
32.604969 -4.67368266
32.705602 -3.88549682
32.806234 -3.82125580
32.906867 -4.47413134
33.007500 -5.83994364
33.108132 -7.87576913
33.208765 -10.36207295
33.309397 -12.67332045
33.410030 -13.81354791
33.510663 -13.14247342
33.611295 -11.05100656
33.711928 -8.52904669
33.812560 -6.32625197
33.913193 -4.74655564
34.013826 -3.85836302
34.114458 -3.66766092
34.215091 -4.18056759
34.315724 -5.39791877
34.416356 -7.24368348
34.516989 -9.36616357
34.617621 -10.95535098
34.718254 -11.10737527
34.818887 -9.68116878
34.919519 -7.45744511
35.020152 -5.34515265
35.120785 -3.82194861
35.221417 -3.01462756
35.322050 -2.92880879
35.422682 -3.55672438
35.523315 -4.88419673
35.623948 -6.82290107
35.724580 -9.01126782
35.825213 -10.63177996
35.925846 -10.77995300
36.026478 -9.31823567
36.127111 -7.01953598
36.227743 -4.76727689
36.328376 -3.00510971
36.429009 -1.82465899
36.529641 -1.19254000
36.630274 -1.04151109
36.730906 -1.20928702
36.831539 -1.31189880
36.932172 -0.99141242
37.032804 -0.38244334
37.133437 0.19750264
37.234070 0.63858631
37.334702 0.95700153
37.435335 1.18506466
37.535967 1.34884058
37.636600 1.46701860
37.737233 1.55119254
37.837865 1.60796836
37.938498 1.64228436
38.039131 1.65823327
38.139763 1.65966086
38.240396 1.65791584
38.341028 1.65577380
38.441661 1.65356977
38.542294 1.65135358
38.642926 1.64913441
38.743559 1.64691381
38.844192 1.64469174
38.944824 1.64246805
39.045457 1.64024266
39.146089 1.63801564
39.246722 1.63578709
39.347355 1.63355709
39.447987 1.63132574
39.548620 1.62909306
39.649252 1.62685912
39.749885 1.62462400
39.850518 1.62238808
39.951150 1.62015255
40.051783 1.61792105
40.152416 1.61570571
40.253048 1.61355644
40.353681 1.61172277
40.454313 1.61105227
40.554946 1.61144430
40.655579 1.61233477
40.756211 1.61281497
40.856844 1.61148730
40.957477 1.60624396
41.058109 1.59392092
41.158742 1.56976688
41.259374 1.52685645
41.360007 1.45490990
41.460640 1.34012916
41.561272 1.16984317
41.661905 0.94750499
41.762538 0.72031029
41.863170 0.58078698
41.963803 0.59824331
42.064435 0.74642140
42.165068 0.93179366
42.265701 1.07675790
42.366333 1.15128160
42.466966 1.15402989
42.567598 1.09107726
42.668231 0.96711576
42.768864 0.78657500
42.869496 0.56309066
42.970129 0.33780003
43.070762 0.18321713
43.171394 0.15043715
43.272027 0.20392289
43.372659 0.24213609
43.473292 0.17190149
43.573925 -0.04855458
43.674557 -0.38356263
43.775190 -0.69065991
43.875823 -0.77467716
43.976455 -0.55613333
44.077088 -0.15098296
44.177720 0.25763348
44.278353 0.56239765
44.378986 0.74175810
44.479618 0.80901445
44.580251 0.78022289
44.680884 0.66386761
44.781516 0.46047854
44.882149 0.16622097
44.982781 -0.21519456
45.083414 -0.64029728
45.184047 -0.99367569
45.284679 -1.13682080
45.385312 -1.03507711
45.485944 -0.77150080
45.586577 -0.44229188
45.687210 -0.13658085
45.787842 0.09923174
45.888475 0.31081918
45.989108 0.54173428
46.089740 0.76062536
46.190373 0.93423162
46.291005 1.06230163
46.391638 1.15557932
46.492271 1.22366435
46.592903 1.27334032
46.693536 1.30932257
46.794169 1.33470697
46.894801 1.35151965
46.995434 1.36099633
47.096066 1.36378891
47.196699 1.36247775
47.297332 1.36047586
47.397964 1.35831974
47.498597 1.35611815
47.599230 1.35389928
47.699862 1.35167291
47.800495 1.34944309
47.901127 1.34721164
48.001760 1.34497943
48.102393 1.34274687
48.203025 1.34051418
48.303658 1.33828146
48.404290 1.33604875
48.504923 1.33381608
48.605556 1.33158346
48.706188 1.32935087
48.806821 1.32711833
48.907454 1.32488678
49.008086 1.32266543
49.108719 1.32045525
49.209351 1.31825622
49.309984 1.31606835
49.410617 1.31389163
49.511249 1.31172606
49.611882 1.30957163
49.712515 1.30742834
49.813147 1.30529620
49.913780 1.30317520
50.014412 1.30106533
50.115045 1.29896661
50.215678 1.29687902
50.316310 1.29480257
50.416943 1.29273726
50.517576 1.29068309
50.618208 1.28864005
50.718841 1.28660815
50.819473 1.28458739
50.920106 1.28257776
51.020739 1.28057927
51.121371 1.27859192
51.222004 1.27661570
51.322636 1.27465062
51.423269 1.27269667
51.523902 1.27075386
51.624534 1.26882219
51.725167 1.26690165
51.825800 1.26499225
51.926432 1.26309398
52.027065 1.26120685
52.127697 1.25933085
52.228330 1.25746599
52.328963 1.25561227
52.429595 1.25376968
52.530228 1.25193822
52.630861 1.25011790
52.731493 1.24830872
52.832126 1.24651067
52.932758 1.24472376
53.033391 1.24294798
53.134024 1.24118334
53.234656 1.23942984
53.335289 1.23768746
53.435921 1.23595623
53.536554 1.23423613
53.637187 1.23252716
53.737819 1.23082933
53.838452 1.22914264
53.939085 1.22746708
54.039717 1.22580265
54.140350 1.22414936
54.240982 1.22250721
54.341615 1.22087619
54.442248 1.21925630
54.542880 1.21764755
54.643513 1.21604994
54.744146 1.21446346
54.844778 1.21288811
54.945411 1.21132390
55.046043 1.20977083
55.146676 1.20822889
55.247309 1.20669808
55.347941 1.20517841
55.448574 1.20366987
55.549207 1.20217247
55.649839 1.20068621
55.750472 1.19921107
55.851104 1.19774708
55.951737 1.19629421
56.052370 1.19485248
56.153002 1.19342189
56.253635 1.19200243
56.354267 1.19059411
56.454900 1.18919692
56.555533 1.18781086
56.656165 1.18643594
56.756798 1.18507215
56.857431 1.18371950
56.958063 1.18237798
57.058696 1.18104760
57.159328 1.17972835
57.259961 1.17842023
57.360594 1.17712325
57.461226 1.17583740
57.561859 1.17456269
57.662492 1.17329911
57.763124 1.17204667
57.863757 1.17080536
57.964389 1.16957518
58.065022 1.16835614
58.165655 1.16714823
58.266287 1.16595146
58.366920 1.16476582
58.467553 1.16359132
58.568185 1.16242795
58.668818 1.16127571
58.769450 1.16013461
58.870083 1.15900464
58.970716 1.15788580
59.071348 1.15677810
59.171981 1.15568153
59.272613 1.15459610
59.373246 1.15352180
59.473879 1.15245864
59.574511 1.15140660
59.675144 1.15036571
59.775777 1.14933594
59.876409 1.14831731
59.977042 1.14730982
60.077674 1.14631345
60.178307 1.14532823
60.278940 1.14435413
60.379572 1.14339117
60.480205 1.14243934
60.580838 1.14149865
60.681470 1.14056909
60.782103 1.13965066
60.882735 1.13874337
60.983368 1.13784721
61.084001 1.13696219
61.184633 1.13608830
61.285266 1.13522554
61.385899 1.13437392
61.486531 1.13353343
61.587164 1.13270407
61.687796 1.13188585
61.788429 1.13107876
61.889062 1.13028280
61.989694 1.12949798
62.090327 1.12872429
62.190959 1.12796174
62.291592 1.12721032
62.392225 1.12647003
62.492857 1.12574088
62.593490 1.12502286
62.694123 1.12431597
62.794755 1.12362022
62.895388 1.12293560
62.996020 1.12226211
63.096653 1.12159976
63.197286 1.12094854
63.297918 1.12030845
63.398551 1.11967950
63.499184 1.11906169
63.599816 1.11845500
63.700449 1.11785945
63.801081 1.11727503
63.901714 1.11670175
64.002347 1.11613960
64.102979 1.11558858
64.203612 1.11504870
64.304245 1.11451995
64.404877 1.11400233
64.505510 1.11349585
64.606142 1.11300050
64.706775 1.11251628
64.807408 1.11204320
64.908040 1.11158125
65.008673 1.11113044
65.109305 1.11069076
65.209938 1.11026221
65.310571 1.10984479
65.411203 1.10943851
65.511836 1.10904337
65.612469 1.10865935
65.713101 1.10828647
65.813734 1.10792473
65.914366 1.10757411
66.014999 1.10723463
66.115632 1.10690629
66.216264 1.10658907
66.316897 1.10628300
66.417530 1.10598805
66.518162 1.10570424
66.618795 1.10543156
66.719427 1.10517002
66.820060 1.10491960
66.920693 1.10468033
67.021325 1.10445218
67.121958 1.10423517
67.222591 1.10402930
67.323223 1.10383455
67.423856 1.10365094
67.524488 1.10347847
67.625121 1.10331713
67.725754 1.10316692
67.826386 1.10302784
67.927019 1.10289990
68.027651 1.10278309
68.128284 1.10267742
68.228917 1.10258288
68.329549 1.10249947
68.430182 1.10242720
68.530815 1.10236606
68.631447 1.10231605
68.732080 1.10227718
68.832712 1.10224944
68.933345 1.10223284
69.033978 1.10222737
69.134610 1.10223303
69.235243 1.10224983
69.335876 1.10227776
69.436508 1.10231682
69.537141 1.10236702
69.637773 1.10242835
69.738406 1.10250082
69.839039 1.10258443
69.939671 1.10267821
70.040304 1.10277294
70.140937 1.10286768
70.241569 1.10296242
70.342202 1.10305715
70.442834 1.10315188
70.543467 1.10324663
70.644100 1.10334146
70.744732 1.10343610
