0.100633 1.92503923
0.201265 1.92504182
0.301898 1.92503908
0.402530 1.92503881
0.503163 1.92503884
0.603796 1.92503889
0.704428 1.92503893
0.805061 1.92503897
0.905694 1.92503901
1.006326 1.92503904
1.106959 1.92503908
1.207591 1.92503911
1.308224 1.92503914
1.408857 1.92503917
1.509489 1.92503919
1.610122 1.92503921
1.710755 1.92503923
1.811387 1.92503925
1.912020 1.92503926
2.012652 1.92503927
2.113285 1.92503927
2.213918 1.92503927
2.314550 1.92503927
2.415183 1.92503926
2.515816 1.92503925
2.616448 1.92503923
2.717081 1.92503921
2.817713 1.92503918
2.918346 1.92503915
3.018979 1.92503911
3.119611 1.92503907
3.220244 1.92503902
3.320876 1.92503896
3.421509 1.92503890
3.522142 1.92503883
3.622774 1.92503875
3.723407 1.92503867
3.824040 1.92503858
3.924672 1.92503848
4.025305 1.92503838
4.125937 1.92503826
4.226570 1.92503814
4.327203 1.92503801
4.427835 1.92503788
4.528468 1.92503773
4.629101 1.92503757
4.729733 1.92503741
4.830366 1.92503724
4.930998 1.92503705
5.031631 1.92503686
5.132264 1.92503666
5.232896 1.92503645
5.333529 1.92503622
5.434162 1.92503599
5.534794 1.92503575
5.635427 1.92503549
5.736059 1.92503523
5.836692 1.92503495
5.937325 1.92503466
6.037957 1.92503436
6.138590 1.92503405
6.239222 1.92503372
6.339855 1.92503338
6.440488 1.92503303
6.541120 1.92503267
6.641753 1.92503230
6.742386 1.92503190
6.843018 1.92503150
6.943651 1.92503109
7.044283 1.92503066
7.144916 1.92503021
7.245549 1.92502975
7.346181 1.92502928
7.446814 1.92502879
7.547447 1.92502828
7.648079 1.92502776
7.748712 1.92502723
7.849344 1.92502668
7.949977 1.92502611
8.050610 1.92502553
8.151242 1.92502493
8.251875 1.92502431
8.352508 1.92502368
8.453140 1.92502303
8.553773 1.92502236
8.654405 1.92502167
8.755038 1.92502097
8.855671 1.92502025
8.956303 1.92501951
9.056936 1.92501875
9.157568 1.92501797
9.258201 1.92501717
9.358834 1.92501635
9.459466 1.92501552
9.560099 1.92501466
9.660732 1.92501379
9.761364 1.92501289
9.861997 1.92501197
9.962629 1.92501103
10.063262 1.92501008
10.163895 1.92500910
10.264527 1.92500809
10.365160 1.92500707
10.465793 1.92500602
10.566425 1.92500495
10.667058 1.92500386
10.767690 1.92500275
10.868323 1.92500161
10.968956 1.92500045
11.069588 1.92499927
11.170221 1.92499806
11.270853 1.92499683
11.371486 1.92499557
11.472119 1.92499430
11.572751 1.92499299
11.673384 1.92499166
11.774017 1.92499030
11.874649 1.92498892
11.975282 1.92498752
12.075914 1.92498608
12.176547 1.92498462
12.277180 1.92498314
12.377812 1.92498162
12.478445 1.92498009
12.579078 1.92497852
12.679710 1.92497692
12.780343 1.92497530
12.880975 1.92497365
12.981608 1.92497197
13.082241 1.92497026
13.182873 1.92496853
13.283506 1.92496676
13.384139 1.92496497
13.484771 1.92496314
13.585404 1.92496129
13.686036 1.92495941
13.786669 1.92495749
13.887302 1.92495555
13.987934 1.92495357
14.088567 1.92495157
14.189199 1.92494953
14.289832 1.92494746
14.390465 1.92494536
14.491097 1.92494323
14.591730 1.92494106
14.692363 1.92493887
14.792995 1.92493664
14.893628 1.92493437
14.994260 1.92493208
15.094893 1.92492975
15.195526 1.92492738
15.296158 1.92492499
15.396791 1.92492256
15.497424 1.92492009
15.598056 1.92491759
15.698689 1.92491505
15.799321 1.92491248
15.899954 1.92490988
16.000587 1.92490724
16.101219 1.92490456
16.201852 1.92490184
16.302485 1.92489909
16.403117 1.92489630
16.503750 1.92489347
16.604382 1.92489061
16.705015 1.92488770
16.805648 1.92488476
16.906280 1.92488178
17.006913 1.92487875
17.107545 1.92487568
17.208178 1.92487257
17.308811 1.92486942
17.409443 1.92486622
17.510076 1.92486297
17.610709 1.92485968
17.711341 1.92485633
17.811974 1.92485293
17.912606 1.92484948
18.013239 1.92484596
18.113872 1.92484238
18.214504 1.92483874
18.315137 1.92483501
18.415770 1.92483121
18.516402 1.92482731
18.617035 1.92482332
18.717667 1.92481922
18.818300 1.92481499
18.918933 1.92481062
19.019565 1.92480610
19.120198 1.92480139
19.220831 1.92479647
19.321463 1.92479130
19.422096 1.92478585
19.522728 1.92478006
19.623361 1.92477389
19.723994 1.92476725
19.824626 1.92476006
19.925259 1.92475223
20.025891 1.92474362
20.126524 1.92473409
20.227157 1.92472345
20.327789 1.92471148
20.428422 1.92469792
20.529055 1.92468242
20.629687 1.92466458
20.730320 1.92464391
20.830952 1.92461980
20.931585 1.92459148
21.032218 1.92455804
21.132850 1.92451830
21.233483 1.92447083
21.334116 1.92441383
21.434748 1.92434504
21.535381 1.92426162
21.636013 1.92415999
21.736646 1.92403558
21.837279 1.92388259
21.937911 1.92369354
22.038544 1.92345886
22.139177 1.92316609
22.239809 1.92279905
22.340442 1.92233652
22.441074 1.92175061
22.541707 1.92100432
22.642340 1.92004848
22.742972 1.91881716
22.843605 1.91722176
22.944237 1.91514222
23.044870 1.91241558
23.145503 1.90881876
23.246135 1.90404619
23.346768 1.89767581
23.447401 1.88912473
23.548033 1.87758153
23.648666 1.86191763
23.749298 1.84055169
23.849931 1.81127083
23.950564 1.77096017
24.051196 1.71524106
24.151829 1.63794242
24.252462 1.53037760
24.353094 1.38037841
24.453727 1.17085473
24.554359 0.87826897
24.654992 0.47067604
24.755625 -0.08471090
24.856257 -0.76000090
24.956890 -1.32774345
25.057523 -1.49020259
25.158155 -1.39033225
25.258788 -1.47160537
25.359420 -1.99635584
25.460053 -3.06215152
25.560686 -4.72499961
25.661318 -6.98316505
25.761951 -9.61845069
25.862583 -11.96891291
25.963216 -13.07170502
26.063849 -12.46137247
26.164481 -10.66392475
26.265114 -8.59726168
26.365747 -6.85040219
26.466379 -5.63761959
26.567012 -5.02739143
26.667644 -5.06805465
26.768277 -5.80776748
26.868910 -7.24429105
26.969542 -9.17842005
27.070175 -10.98743438
27.170808 -11.70491786
27.271440 -10.77866502
27.372073 -8.66642214
27.472705 -6.32169429
27.573338 -4.40203227
27.673971 -3.13894609
27.774603 -2.56422599
27.875236 -2.66923964
27.975869 -3.45662408
28.076501 -4.92812646
28.177134 -7.00668552
28.277766 -9.33247814
28.378399 -11.08587997
28.479032 -11.37496892
28.579664 -10.09380444
28.680297 -8.04415636
28.780929 -6.12723446
28.881562 -4.80682165
28.982195 -4.20461978
29.082827 -4.32717609
29.183460 -5.16723707
29.284093 -6.71112259
29.384725 -8.89074459
29.485358 -11.42439016
29.585990 -13.59306725
29.686623 -14.39702854
29.787256 -13.36430696
29.887888 -11.06252085
29.988521 -8.50018998
30.089154 -6.35227773
30.189786 -4.86181226
30.290419 -4.07562243
30.391051 -3.99723546
30.491684 -4.63012760
30.592317 -5.96866477
30.692949 -7.89866069
30.793582 -9.97220751
30.894215 -11.29990511
30.994847 -11.06557945
31.095480 -9.34546889
31.196112 -7.02317976
31.296745 -4.93411693
31.397378 -3.45508545
31.498010 -2.67194859
31.598643 -2.58693237
31.699275 -3.19804006
31.799908 -4.50816134
31.900541 -6.46094459
32.001173 -8.75683636
32.101806 -10.64858547
32.202439 -11.19548911
32.303071 -10.10741253
32.403704 -8.07477213
32.504336 -6.04093843
32.604969 -4.54604315
32.705602 -3.75308602
32.806234 -3.68015470
32.906867 -4.32252740
33.007500 -5.68137313
33.108132 -7.72215230
33.208765 -10.23343369
33.309397 -12.59206601
33.410030 -13.79781894
33.510663 -13.20288667
33.611295 -11.18585571
33.711928 -8.72012493
33.812560 -6.54565288
33.913193 -4.96913493
34.013826 -4.06865194
34.114458 -3.85970735
34.215091 -4.35435899
34.315724 -5.55483599
34.416356 -7.37975377
34.516989 -9.46248538
34.617621 -10.97807086
34.718254 -11.03383107
34.818887 -9.52542263
34.919519 -7.25422959
35.020152 -5.11942652
35.120785 -3.58364558
35.221417 -2.76864502
35.322050 -2.68234268
35.422682 -3.32126032
35.523315 -4.67332979
35.623948 -6.64291644
35.724580 -8.84842711
35.825213 -10.45082677
35.925846 -10.54494373
36.026478 -9.01597957
36.127111 -6.65514484
36.227743 -4.34666439
36.328376 -2.52987359
36.429009 -1.29485214
36.529641 -0.60822161
36.630274 -0.40251794
36.730906 -0.51445233
36.831539 -0.55889180
36.932172 -0.17755751
37.032804 0.49437569
37.133437 1.13908240
37.234070 1.64603454
37.334702 2.03037002
37.435335 2.32306204
37.535967 2.54562971
37.636600 2.71290207
37.737233 2.83566196
37.837865 2.92113577
37.938498 2.97562375
38.039131 3.00408132
38.139763 3.01141261
38.240396 3.01369708
38.341028 3.01516384
38.441661 3.01640203
38.542294 3.01754232
38.642926 3.01863171
38.743559 3.01969200
38.844192 3.02073458
38.944824 3.02176591
39.045457 3.02278989
39.146089 3.02380895
39.246722 3.02482468
39.347355 3.02583817
39.447987 3.02685021
39.548620 3.02786144
39.649252 3.02887250
39.749885 3.02988422
39.850518 3.03089794
39.951150 3.03191619
40.051783 3.03294449
40.152416 3.03399745
40.253048 3.03512687
40.353681 3.03656946
40.454313 3.03924645
40.554946 3.04311939
40.655579 3.04763507
40.756211 3.05189598
40.856844 3.05452451
40.957477 3.05344658
41.058109 3.04555251
41.158742 3.02618612
41.259374 2.98855601
41.360007 2.92257752
41.460640 2.81461866
41.561272 2.65166728
41.661905 2.43544763
41.762538 2.21004989
41.863170 2.06659986
41.963803 2.07825906
42.064435 2.22473091
42.165068 2.41415045
42.265701 2.56642604
42.366333 2.64905201
42.466966 2.65979877
42.567598 2.60470492
42.668231 2.48856490
42.768864 2.31558918
42.869496 2.09811096
42.970129 1.87456671
43.070762 1.71608854
43.171394 1.67776855
43.272027 1.73056269
43.372659 1.77486948
43.473292 1.71491097
43.573925 1.50538914
43.674557 1.17784556
43.775190 0.87076346
43.875823 0.78023971
43.976455 0.99301880
44.077088 1.39917899
44.177720 1.81487463
44.278353 2.12900477
44.378986 2.31766473
44.479618 2.39367378
44.580251 2.37336360
44.680884 2.26558690
44.781516 2.07116400
44.882149 1.78624116
44.982781 1.41338882
45.083414 0.99258269
45.184047 0.63519636
45.284679 0.48179835
45.385312 0.57556479
45.485944 0.83784127
45.586577 1.17137787
45.687210 1.48545972
45.787842 1.72863928
45.888475 1.94302436
45.989108 2.17679655
46.089740 2.40205458
46.190373 2.58335431
46.291005 2.71876149
46.391638 2.81878726
46.492271 2.89313835
46.592903 2.94867839
46.693536 2.99018054
46.794169 3.02075109
46.894801 3.04240107
46.995434 3.05637626
47.096066 3.06322312
47.196699 3.06546388
47.297332 3.06681886
47.397964 3.06796926
47.498597 3.06905134
47.599230 3.07010255
47.699862 3.07113750
47.800495 3.07216316
47.901127 3.07318324
48.001760 3.07419985
48.102393 3.07521424
48.203025 3.07622718
48.303658 3.07723917
48.404290 3.07825051
48.504923 3.07926141
48.605556 3.08027201
48.706188 3.08128241
48.806821 3.08229266
48.907454 3.08330240
49.008086 3.08430786
49.108719 3.08530866
49.209351 3.08630480
49.309984 3.08729629
49.410617 3.08828316
49.511249 3.08926540
49.611882 3.09024301
49.712515 3.09121601
49.813147 3.09218438
49.913780 3.09314814
50.014412 3.09410728
50.115045 3.09506181
50.215678 3.09601172
50.316310 3.09695702
50.416943 3.09789770
50.517576 3.09883377
50.618208 3.09976523
50.718841 3.10069207
50.819473 3.10161430
50.920106 3.10253191
51.020739 3.10344492
51.121371 3.10435331
51.222004 3.10525709
51.322636 3.10615625
51.423269 3.10705080
51.523902 3.10794074
51.624534 3.10882607
51.725167 3.10970678
51.825800 3.11058288
51.926432 3.11145437
52.027065 3.11232124
52.127697 3.11318350
52.228330 3.11404115
52.328963 3.11489419
52.429595 3.11574261
52.530228 3.11658642
52.630861 3.11742562
52.731493 3.11826020
52.832126 3.11909018
52.932758 3.11991553
53.033391 3.12073628
53.134024 3.12155241
53.234656 3.12236393
53.335289 3.12317084
53.435921 3.12397314
53.536554 3.12477082
53.637187 3.12556389
53.737819 3.12635234
53.838452 3.12713618
53.939085 3.12791541
54.039717 3.12869003
54.140350 3.12946004
54.240982 3.13022543
54.341615 3.13098620
54.442248 3.13174237
54.542880 3.13249392
54.643513 3.13324086
54.744146 3.13398319
54.844778 3.13472090
54.945411 3.13545400
55.046043 3.13618249
55.146676 3.13690636
55.247309 3.13762562
55.347941 3.13834027
55.448574 3.13905031
55.549207 3.13975573
55.649839 3.14045654
55.750472 3.14115274
55.851104 3.14184432
55.951737 3.14253129
56.052370 3.14321365
56.153002 3.14389139
56.253635 3.14456452
56.354267 3.14523304
56.454900 3.14589695
56.555533 3.14655624
56.656165 3.14721092
56.756798 3.14786098
56.857431 3.14850644
56.958063 3.14914728
57.058696 3.14978350
57.159328 3.15041512
57.259961 3.15104212
57.360594 3.15166451
57.461226 3.15228228
57.561859 3.15289544
57.662492 3.15350399
57.763124 3.15410793
57.863757 3.15470725
57.964389 3.15530196
58.065022 3.15589205
58.165655 3.15647754
58.266287 3.15705841
58.366920 3.15763466
58.467553 3.15820631
58.568185 3.15877334
58.668818 3.15933576
58.769450 3.15989356
58.870083 3.16044675
58.970716 3.16099533
59.071348 3.16153930
59.171981 3.16207865
59.272613 3.16261339
59.373246 3.16314351
59.473879 3.16366902
59.574511 3.16418992
59.675144 3.16470621
59.775777 3.16521788
59.876409 3.16572494
59.977042 3.16622739
60.077674 3.16672522
60.178307 3.16721844
60.278940 3.16770705
60.379572 3.16819105
60.480205 3.16867043
60.580838 3.16914520
60.681470 3.16961535
60.782103 3.17008089
60.882735 3.17054182
60.983368 3.17099814
61.084001 3.17144984
61.184633 3.17189693
61.285266 3.17233940
61.385899 3.17277726
61.486531 3.17321051
61.587164 3.17363915
61.687796 3.17406317
61.788429 3.17448258
61.889062 3.17489738
61.989694 3.17530756
62.090327 3.17571313
62.190959 3.17611409
62.291592 3.17651043
62.392225 3.17690216
62.492857 3.17728928
62.593490 3.17767179
62.694123 3.17804968
62.794755 3.17842295
62.895388 3.17879162
62.996020 3.17915567
63.096653 3.17951511
63.197286 3.17986993
63.297918 3.18022015
63.398551 3.18056574
63.499184 3.18090673
63.599816 3.18124310
63.700449 3.18157486
63.801081 3.18190200
63.901714 3.18222454
64.002347 3.18254246
64.102979 3.18285576
64.203612 3.18316445
64.304245 3.18346853
64.404877 3.18376800
64.505510 3.18406285
64.606142 3.18435309
64.706775 3.18463872
64.807408 3.18491973
64.908040 3.18519613
65.008673 3.18546792
65.109305 3.18573509
65.209938 3.18599765
65.310571 3.18625559
65.411203 3.18650893
65.511836 3.18675765
65.612469 3.18700175
65.713101 3.18724125
65.813734 3.18747613
65.914366 3.18770639
66.014999 3.18793205
66.115632 3.18815309
66.216264 3.18836951
66.316897 3.18858133
66.417530 3.18878853
66.518162 3.18899111
66.618795 3.18918909
66.719427 3.18938245
66.820060 3.18957119
66.920693 3.18975533
67.021325 3.18993485
67.121958 3.19010975
67.222591 3.19028005
67.323223 3.19044573
67.423856 3.19060679
67.524488 3.19076325
67.625121 3.19091509
67.725754 3.19106231
67.826386 3.19120493
67.927019 3.19134293
68.027651 3.19147631
68.128284 3.19160509
68.228917 3.19172925
68.329549 3.19184879
68.430182 3.19196373
68.530815 3.19207405
68.631447 3.19217975
68.732080 3.19228085
68.832712 3.19237732
68.933345 3.19246919
69.033978 3.19255644
69.134610 3.19263908
69.235243 3.19271711
69.335876 3.19279052
69.436508 3.19285932
69.537141 3.19292351
69.637773 3.19298308
69.738406 3.19303803
69.839039 3.19308838
69.939671 3.19313450
70.040304 3.19318023
70.140937 3.19322596
70.241569 3.19327169
70.342202 3.19331743
70.442834 3.19336316
70.543467 3.19340889
70.644100 3.19345462
70.744732 3.19350035
