0.100633 1.92082536
0.201265 1.92082716
0.301898 1.92082526
0.402530 1.92082506
0.503163 1.92082508
0.603796 1.92082511
0.704428 1.92082513
0.805061 1.92082516
0.905694 1.92082519
1.006326 1.92082522
1.106959 1.92082526
1.207591 1.92082529
1.308224 1.92082534
1.408857 1.92082538
1.509489 1.92082542
1.610122 1.92082547
1.710755 1.92082553
1.811387 1.92082558
1.912020 1.92082564
2.012652 1.92082571
2.113285 1.92082578
2.213918 1.92082585
2.314550 1.92082593
2.415183 1.92082602
2.515816 1.92082611
2.616448 1.92082620
2.717081 1.92082631
2.817713 1.92082642
2.918346 1.92082654
3.018979 1.92082666
3.119611 1.92082679
3.220244 1.92082693
3.320876 1.92082708
3.421509 1.92082723
3.522142 1.92082740
3.622774 1.92082757
3.723407 1.92082775
3.824040 1.92082794
3.924672 1.92082814
4.025305 1.92082835
4.125937 1.92082858
4.226570 1.92082881
4.327203 1.92082905
4.427835 1.92082931
4.528468 1.92082958
4.629101 1.92082986
4.729733 1.92083015
4.830366 1.92083046
4.930998 1.92083078
5.031631 1.92083111
5.132264 1.92083146
5.232896 1.92083182
5.333529 1.92083220
5.434162 1.92083259
5.534794 1.92083301
5.635427 1.92083343
5.736059 1.92083388
5.836692 1.92083434
5.937325 1.92083482
6.037957 1.92083532
6.138590 1.92083584
6.239222 1.92083637
6.339855 1.92083693
6.440488 1.92083751
6.541120 1.92083811
6.641753 1.92083873
6.742386 1.92083938
6.843018 1.92084004
6.943651 1.92084073
7.044283 1.92084144
7.144916 1.92084218
7.245549 1.92084294
7.346181 1.92084373
7.446814 1.92084454
7.547447 1.92084539
7.648079 1.92084625
7.748712 1.92084716
7.849344 1.92084808
7.949977 1.92084904
8.050610 1.92085002
8.151242 1.92085104
8.251875 1.92085209
8.352508 1.92085318
8.453140 1.92085428
8.553773 1.92085544
8.654405 1.92085662
8.755038 1.92085784
8.855671 1.92085909
8.956303 1.92086039
9.056936 1.92086171
9.157568 1.92086309
9.258201 1.92086449
9.358834 1.92086594
9.459466 1.92086743
9.560099 1.92086896
9.660732 1.92087053
9.761364 1.92087215
9.861997 1.92087381
9.962629 1.92087552
10.063262 1.92087727
10.163895 1.92087908
10.264527 1.92088092
10.365160 1.92088283
10.465793 1.92088477
10.566425 1.92088677
10.667058 1.92088882
10.767690 1.92089093
10.868323 1.92089308
10.968956 1.92089530
11.069588 1.92089756
11.170221 1.92089989
11.270853 1.92090227
11.371486 1.92090472
11.472119 1.92090721
11.572751 1.92090978
11.673384 1.92091240
11.774017 1.92091510
11.874649 1.92091784
11.975282 1.92092067
12.075914 1.92092355
12.176547 1.92092651
12.277180 1.92092952
12.377812 1.92093262
12.478445 1.92093578
12.579078 1.92093902
12.679710 1.92094232
12.780343 1.92094572
12.880975 1.92094917
12.981608 1.92095271
13.082241 1.92095632
13.182873 1.92096002
13.283506 1.92096379
13.384139 1.92096766
13.484771 1.92097159
13.585404 1.92097562
13.686036 1.92097972
13.786669 1.92098393
13.887302 1.92098820
13.987934 1.92099259
14.088567 1.92099704
14.189199 1.92100161
14.289832 1.92100625
14.390465 1.92101100
14.491097 1.92101584
14.591730 1.92102078
14.692363 1.92102581
14.792995 1.92103095
14.893628 1.92103618
14.994260 1.92104152
15.094893 1.92104696
15.195526 1.92105251
15.296158 1.92105815
15.396791 1.92106392
15.497424 1.92106978
15.598056 1.92107576
15.698689 1.92108184
15.799321 1.92108804
15.899954 1.92109435
16.000587 1.92110078
16.101219 1.92110732
16.201852 1.92111399
16.302485 1.92112076
16.403117 1.92112766
16.503750 1.92113467
16.604382 1.92114181
16.705015 1.92114907
16.805648 1.92115646
16.906280 1.92116396
17.006913 1.92117159
17.107545 1.92117934
17.208178 1.92118723
17.308811 1.92119523
17.409443 1.92120337
17.510076 1.92121162
17.610709 1.92122001
17.711341 1.92122851
17.811974 1.92123715
17.912606 1.92124590
18.013239 1.92125477
18.113872 1.92126376
18.214504 1.92127286
18.315137 1.92128207
18.415770 1.92129139
18.516402 1.92130080
18.617035 1.92131030
18.717667 1.92131987
18.818300 1.92132952
18.918933 1.92133921
19.019565 1.92134893
19.120198 1.92135867
19.220831 1.92136838
19.321463 1.92137805
19.422096 1.92138762
19.522728 1.92139706
19.623361 1.92140630
19.723994 1.92141528
19.824626 1.92142390
19.925259 1.92143208
20.025891 1.92143967
20.126524 1.92144654
20.227157 1.92145250
20.327789 1.92145732
20.428422 1.92146073
20.529055 1.92146240
20.629687 1.92146192
20.730320 1.92145880
20.830952 1.92145240
20.931585 1.92144199
21.032218 1.92142661
21.132850 1.92140511
21.233483 1.92137604
21.334116 1.92133759
21.434748 1.92128748
21.535381 1.92122289
21.636013 1.92114020
21.736646 1.92103486
21.837279 1.92090103
21.937911 1.92073127
22.038544 1.92051597
22.139177 1.92024273
22.239809 1.91989535
22.340442 1.91945271
22.441074 1.91888697
22.541707 1.91816132
22.642340 1.91722677
22.742972 1.91601781
22.843605 1.91444632
22.944237 1.91239311
23.044870 1.90969632
23.145503 1.90613469
23.246135 1.90140510
23.346768 1.89508924
23.447401 1.88660946
23.548033 1.87516211
23.648666 1.85962958
23.749298 1.83844658
23.849931 1.80942301
23.950564 1.76947692
24.051196 1.71427651
24.151829 1.63771760
24.252462 1.53120799
24.353094 1.38271101
24.453727 1.17532099
24.554359 0.88574692
24.654992 0.48229619
24.755625 -0.06827491
24.856257 -0.74234078
24.956890 -1.32049723
25.057523 -1.49845290
25.158155 -1.40093707
25.258788 -1.47134189
25.359420 -1.98012654
25.460053 -3.02784339
25.560686 -4.67138845
25.661318 -6.91247586
25.761951 -9.54394882
25.862583 -11.91980114
25.963216 -13.07611854
26.063849 -12.51677268
26.164481 -10.73944485
26.265114 -8.66410328
26.365747 -6.89605376
26.466379 -5.65974847
26.567012 -5.02646249
26.667644 -5.04459596
26.768277 -5.76224197
26.868910 -7.17943156
26.969542 -9.10587055
27.070175 -10.93339123
27.170808 -11.69741037
27.271440 -10.81991123
27.372073 -8.73046211
27.472705 -6.38129985
27.573338 -4.44432363
27.673971 -3.16093729
27.774603 -2.56582147
27.875236 -2.65044211
27.975869 -3.41703125
28.076501 -4.86799806
28.177134 -6.93128567
28.277766 -9.25994412
28.378399 -11.04696045
28.479032 -11.38956587
28.579664 -10.14854360
28.680297 -8.10732259
28.780929 -6.17632314
28.881562 -4.83378854
28.982195 -4.20813908
29.082827 -4.30741943
29.183460 -5.12442229
29.284093 -6.64606968
29.384725 -8.80795435
29.485358 -11.33908979
29.585990 -13.53579198
29.686623 -14.39722419
29.787256 -13.42068894
29.887888 -11.14438396
29.988521 -8.57768949
30.089154 -6.41146695
30.189786 -4.89925094
30.290419 -4.09128394
30.391051 -3.99150679
30.491684 -4.60324710
30.592317 -5.92191450
30.692949 -7.83880537
30.793582 -9.91856144
30.894215 -11.28087029
30.994847 -11.09468023
31.095480 -9.40610071
31.196112 -7.08723658
31.296745 -4.98409325
31.397378 -3.48540056
31.498010 -2.68188327
31.598643 -2.57646598
31.699275 -3.16684692
31.799908 -4.45639089
31.900541 -6.39260805
32.001173 -8.68741642
32.101806 -10.60769361
32.202439 -11.20737162
32.303071 -10.16535387
32.403704 -8.14933684
32.504336 -6.10813651
32.604969 -4.59669668
32.705602 -3.78604963
32.806234 -3.69614401
32.906867 -4.32196143
33.007500 -5.66403349
33.108132 -7.68869062
33.208765 -10.19095323
33.309397 -12.56021735
33.410030 -13.79954491
33.510663 -13.23966666
33.611295 -11.23396068
33.711928 -8.75557714
33.812560 -6.55944758
33.913193 -4.96182517
34.013826 -4.04238188
34.114458 -3.81525480
34.215091 -4.29111789
34.315724 -5.47274237
34.416356 -7.28517447
34.516989 -9.37835519
34.617621 -10.94354053
34.718254 -11.07445199
34.818887 -9.62465856
34.919519 -7.37231418
35.020152 -5.22822083
35.120785 -3.67323563
35.221417 -2.83733738
35.322050 -2.72964011
35.422682 -3.34557885
35.523315 -4.67279551
35.623948 -6.62122693
35.724580 -8.82620773
35.825213 -10.46663943
35.925846 -10.62688242
36.026478 -9.15313813
36.127111 -6.81405965
36.227743 -4.50377812
36.328376 -2.67789276
36.429009 -1.43387887
36.529641 -0.74004750
36.630274 -0.53021402
36.730906 -0.64684517
36.831539 -0.71218279
36.932172 -0.35733241
37.032804 0.29898011
37.133437 0.93558309
37.234070 1.43497433
37.334702 1.81066800
37.435335 2.09378018
37.535967 2.30642690
37.636600 2.46512816
37.737233 2.58177889
37.837865 2.66300774
37.938498 2.71469072
38.039131 2.74164185
38.139763 2.74843008
38.240396 2.75004033
38.341028 2.75088026
38.441661 2.75151792
38.542294 2.75207210
38.642926 2.75258371
38.743559 2.75307119
38.844192 2.75354395
38.944824 2.75400732
39.045457 2.75446448
39.146089 2.75491742
39.246722 2.75536748
39.347355 2.75581554
39.447987 2.75626226
39.548620 2.75670817
39.649252 2.75715378
39.749885 2.75759979
39.850518 2.75804735
39.951150 2.75849873
40.051783 2.75895904
40.152416 2.75944216
40.253048 2.75999816
40.353681 2.76085594
40.454313 2.76292729
40.554946 2.76618090
40.655579 2.77006801
40.756211 2.77369657
40.856844 2.77569647
40.957477 2.77400389
41.058109 2.76552344
41.158742 2.74561976
41.259374 2.70752873
41.360007 2.64120191
41.460640 2.53303857
41.561272 2.36997604
41.661905 2.15346316
41.762538 1.92708182
41.863170 1.78171112
41.963803 1.79112764
42.064435 1.93602004
42.165068 2.12480354
42.265701 2.27695321
42.366333 2.35951651
42.466966 2.37008607
42.567598 2.31467864
42.668231 2.19810658
42.768864 2.02459604
42.869496 1.80646602
42.970129 1.58209691
43.070762 1.42259168
43.171394 1.38314753
43.272027 1.43488719
43.372659 1.47824955
43.473292 1.41738131
43.573925 1.20696545
43.674557 0.87868815
43.775190 0.57124525
43.875823 0.48069452
43.976455 0.69337156
44.077088 1.09899930
44.177720 1.51376382
44.278353 1.82677604
44.378986 2.01425577
44.479618 2.08903309
44.580251 2.06740197
44.680884 1.95816975
44.781516 1.76212188
44.882149 1.47543162
44.982781 1.10095415
45.083414 0.67950540
45.184047 0.32345658
45.284679 0.17293677
45.385312 0.26905837
45.485944 0.53200082
45.586577 0.86478460
45.687210 1.17715669
45.787842 1.41870930
45.888475 1.63229950
45.989108 1.86534985
46.089740 2.08932188
46.190373 2.26913220
46.291005 2.40314266
46.391638 2.50190132
46.492271 2.57508928
46.592903 2.62955296
46.693536 2.67005107
46.794169 2.69968544
46.894801 2.72046723
46.995434 2.73363703
47.096066 2.73976349
47.196699 2.74138014
47.297332 2.74214926
47.397964 2.74272325
47.498597 2.74323311
47.599230 2.74371457
47.699862 2.74418134
47.800495 2.74463987
47.901127 2.74509352
48.001760 2.74554419
48.102393 2.74599298
48.203025 2.74644054
48.303658 2.74688732
48.404290 2.74733357
48.504923 2.74777946
48.605556 2.74822511
48.706188 2.74867059
48.806821 2.74911596
48.907454 2.74956110
49.008086 2.75000446
49.108719 2.75044591
49.209351 2.75088546
49.309984 2.75132311
49.410617 2.75175888
49.511249 2.75219276
49.611882 2.75262476
49.712515 2.75305488
49.813147 2.75348312
49.913780 2.75390949
50.014412 2.75433398
50.115045 2.75475660
50.215678 2.75517734
50.316310 2.75559621
50.416943 2.75601321
50.517576 2.75642833
50.618208 2.75684158
50.718841 2.75725295
50.819473 2.75766245
50.920106 2.75807008
51.020739 2.75847583
51.121371 2.75887971
51.222004 2.75928172
51.322636 2.75968185
51.423269 2.76008012
51.523902 2.76047650
51.624534 2.76087102
51.725167 2.76126366
51.825800 2.76165443
51.926432 2.76204333
52.027065 2.76243035
52.127697 2.76281550
52.228330 2.76319878
52.328963 2.76358019
52.429595 2.76395972
52.530228 2.76433738
52.630861 2.76471317
52.731493 2.76508708
52.832126 2.76545912
52.932758 2.76582929
53.033391 2.76619759
53.134024 2.76656401
53.234656 2.76692857
53.335289 2.76729124
53.435921 2.76765205
53.536554 2.76801098
53.637187 2.76836804
53.737819 2.76872323
53.838452 2.76907655
53.939085 2.76942799
54.039717 2.76977756
54.140350 2.77012526
54.240982 2.77047109
54.341615 2.77081504
54.442248 2.77115712
54.542880 2.77149733
54.643513 2.77183566
54.744146 2.77217213
54.844778 2.77250672
54.945411 2.77283944
55.046043 2.77317028
55.146676 2.77349925
55.247309 2.77382636
55.347941 2.77415158
55.448574 2.77447494
55.549207 2.77479642
55.649839 2.77511603
55.750472 2.77543377
55.851104 2.77574964
55.951737 2.77606363
56.052370 2.77637575
56.153002 2.77668600
56.253635 2.77699438
56.354267 2.77730088
56.454900 2.77760551
56.555533 2.77790827
56.656165 2.77820916
56.756798 2.77850818
56.857431 2.77880532
56.958063 2.77910059
57.058696 2.77939398
57.159328 2.77968551
57.259961 2.77997516
57.360594 2.78026294
57.461226 2.78054885
57.561859 2.78083288
57.662492 2.78111505
57.763124 2.78139534
57.863757 2.78167375
57.964389 2.78195030
58.065022 2.78222497
58.165655 2.78249777
58.266287 2.78276870
58.366920 2.78303776
58.467553 2.78330494
58.568185 2.78357025
58.668818 2.78383369
58.769450 2.78409525
58.870083 2.78435495
58.970716 2.78461277
59.071348 2.78486872
59.171981 2.78512279
59.272613 2.78537499
59.373246 2.78562533
59.473879 2.78587378
59.574511 2.78612037
59.675144 2.78636508
59.775777 2.78660792
59.876409 2.78684889
59.977042 2.78708799
60.077674 2.78732521
60.178307 2.78756056
60.278940 2.78779404
60.379572 2.78802565
60.480205 2.78825538
60.580838 2.78848324
60.681470 2.78870923
60.782103 2.78893334
60.882735 2.78915559
60.983368 2.78937596
61.084001 2.78959445
61.184633 2.78981108
61.285266 2.79002583
61.385899 2.79023871
61.486531 2.79044972
61.587164 2.79065885
61.687796 2.79086611
61.788429 2.79107150
61.889062 2.79127502
61.989694 2.79147666
62.090327 2.79167644
62.190959 2.79187433
62.291592 2.79207036
62.392225 2.79226451
62.492857 2.79245679
62.593490 2.79264720
62.694123 2.79283574
62.794755 2.79302240
62.895388 2.79320719
62.996020 2.79339010
63.096653 2.79357115
63.197286 2.79375032
63.297918 2.79392762
63.398551 2.79410304
63.499184 2.79427659
63.599816 2.79444827
63.700449 2.79461808
63.801081 2.79478601
63.901714 2.79495208
64.002347 2.79511626
64.102979 2.79527858
64.203612 2.79543902
64.304245 2.79559759
64.404877 2.79575429
64.505510 2.79590911
64.606142 2.79606206
64.706775 2.79621314
64.807408 2.79636234
64.908040 2.79650968
65.008673 2.79665513
65.109305 2.79679872
65.209938 2.79694043
65.310571 2.79708027
65.411203 2.79721824
65.511836 2.79735433
65.612469 2.79748855
65.713101 2.79762090
65.813734 2.79775137
65.914366 2.79787997
66.014999 2.79800670
66.115632 2.79813156
66.216264 2.79825454
66.316897 2.79837565
66.417530 2.79849488
66.518162 2.79861225
66.618795 2.79872773
66.719427 2.79884135
66.820060 2.79895309
66.920693 2.79906296
67.021325 2.79917096
67.121958 2.79927708
67.222591 2.79938133
67.323223 2.79948371
67.423856 2.79958421
67.524488 2.79968284
67.625121 2.79977960
67.725754 2.79987448
67.826386 2.79996749
67.927019 2.80005863
68.027651 2.80014789
68.128284 2.80023528
68.228917 2.80032079
68.329549 2.80040444
68.430182 2.80048621
68.530815 2.80056610
68.631447 2.80064412
68.732080 2.80072027
68.832712 2.80079455
68.933345 2.80086695
69.033978 2.80093748
69.134610 2.80100613
69.235243 2.80107291
69.335876 2.80113782
69.436508 2.80120086
69.537141 2.80126202
69.637773 2.80132130
69.738406 2.80137872
69.839039 2.80143426
69.939671 2.80148808
70.040304 2.80154175
70.140937 2.80159541
70.241569 2.80164908
70.342202 2.80170275
70.442834 2.80175641
70.543467 2.80181008
70.644100 2.80186376
70.744732 2.80191742
