0.100633 1.92509374
0.201265 1.92509268
0.301898 1.92509382
0.402530 1.92509394
0.503163 1.92509394
0.603796 1.92509392
0.704428 1.92509391
0.805061 1.92509389
0.905694 1.92509387
1.006326 1.92509385
1.106959 1.92509382
1.207591 1.92509379
1.308224 1.92509376
1.408857 1.92509372
1.509489 1.92509367
1.610122 1.92509362
1.710755 1.92509356
1.811387 1.92509349
1.912020 1.92509342
2.012652 1.92509334
2.113285 1.92509325
2.213918 1.92509316
2.314550 1.92509306
2.415183 1.92509294
2.515816 1.92509282
2.616448 1.92509269
2.717081 1.92509255
2.817713 1.92509240
2.918346 1.92509223
3.018979 1.92509206
3.119611 1.92509187
3.220244 1.92509167
3.320876 1.92509146
3.421509 1.92509124
3.522142 1.92509100
3.622774 1.92509075
3.723407 1.92509049
3.824040 1.92509021
3.924672 1.92508992
4.025305 1.92508961
4.125937 1.92508928
4.226570 1.92508894
4.327203 1.92508859
4.427835 1.92508821
4.528468 1.92508782
4.629101 1.92508741
4.729733 1.92508699
4.830366 1.92508654
4.930998 1.92508608
5.031631 1.92508560
5.132264 1.92508509
5.232896 1.92508457
5.333529 1.92508403
5.434162 1.92508346
5.534794 1.92508288
5.635427 1.92508227
5.736059 1.92508164
5.836692 1.92508099
5.937325 1.92508032
6.037957 1.92507962
6.138590 1.92507890
6.239222 1.92507816
6.339855 1.92507739
6.440488 1.92507659
6.541120 1.92507577
6.641753 1.92507493
6.742386 1.92507406
6.843018 1.92507316
6.943651 1.92507224
7.044283 1.92507129
7.144916 1.92507031
7.245549 1.92506930
7.346181 1.92506827
7.446814 1.92506720
7.547447 1.92506611
7.648079 1.92506499
7.748712 1.92506384
7.849344 1.92506266
7.949977 1.92506144
8.050610 1.92506020
8.151242 1.92505892
8.251875 1.92505762
8.352508 1.92505628
8.453140 1.92505491
8.553773 1.92505350
8.654405 1.92505207
8.755038 1.92505060
8.855671 1.92504909
8.956303 1.92504756
9.056936 1.92504598
9.157568 1.92504438
9.258201 1.92504273
9.358834 1.92504106
9.459466 1.92503934
9.560099 1.92503759
9.660732 1.92503581
9.761364 1.92503398
9.861997 1.92503212
9.962629 1.92503023
10.063262 1.92502829
10.163895 1.92502632
10.264527 1.92502431
10.365160 1.92502226
10.465793 1.92502017
10.566425 1.92501804
10.667058 1.92501588
10.767690 1.92501367
10.868323 1.92501142
10.968956 1.92500914
11.069588 1.92500681
11.170221 1.92500445
11.270853 1.92500204
11.371486 1.92499960
11.472119 1.92499711
11.572751 1.92499458
11.673384 1.92499201
11.774017 1.92498940
11.874649 1.92498674
11.975282 1.92498405
12.075914 1.92498131
12.176547 1.92497853
12.277180 1.92497571
12.377812 1.92497285
12.478445 1.92496994
12.579078 1.92496700
12.679710 1.92496401
12.780343 1.92496098
12.880975 1.92495790
12.981608 1.92495478
13.082241 1.92495162
13.182873 1.92494842
13.283506 1.92494518
13.384139 1.92494189
13.484771 1.92493856
13.585404 1.92493519
13.686036 1.92493177
13.786669 1.92492832
13.887302 1.92492482
13.987934 1.92492128
14.088567 1.92491769
14.189199 1.92491407
14.289832 1.92491040
14.390465 1.92490670
14.491097 1.92490294
14.591730 1.92489916
14.692363 1.92489532
14.792995 1.92489145
14.893628 1.92488753
14.994260 1.92488358
15.094893 1.92487958
15.195526 1.92487555
15.296158 1.92487147
15.396791 1.92486736
15.497424 1.92486320
15.598056 1.92485902
15.698689 1.92485478
15.799321 1.92485052
15.899954 1.92484620
16.000587 1.92484186
16.101219 1.92483747
16.201852 1.92483306
16.302485 1.92482859
16.403117 1.92482411
16.503750 1.92481956
16.604382 1.92481500
16.705015 1.92481039
16.805648 1.92480576
16.906280 1.92480107
17.006913 1.92479636
17.107545 1.92479160
17.208178 1.92478682
17.308811 1.92478198
17.409443 1.92477713
17.510076 1.92477221
17.610709 1.92476728
17.711341 1.92476228
17.811974 1.92475727
17.912606 1.92475218
18.013239 1.92474707
18.113872 1.92474188
18.214504 1.92473666
18.315137 1.92473136
18.415770 1.92472602
18.516402 1.92472057
18.617035 1.92471507
18.717667 1.92470944
18.818300 1.92470375
18.918933 1.92469789
19.019565 1.92469193
19.120198 1.92468577
19.220831 1.92467945
19.321463 1.92467287
19.422096 1.92466606
19.522728 1.92465890
19.623361 1.92465141
19.723994 1.92464343
19.824626 1.92463497
19.925259 1.92462583
20.025891 1.92461597
20.126524 1.92460517
20.227157 1.92459331
20.327789 1.92458008
20.428422 1.92456530
20.529055 1.92454854
20.629687 1.92452948
20.730320 1.92450752
20.830952 1.92448214
20.931585 1.92445246
21.032218 1.92441764
21.132850 1.92437641
21.233483 1.92432739
21.334116 1.92426866
21.434748 1.92419802
21.535381 1.92411249
21.636013 1.92400853
21.736646 1.92388141
21.837279 1.92372534
21.937911 1.92353267
22.038544 1.92329378
22.139177 1.92299597
22.239809 1.92262301
22.340442 1.92215334
22.441074 1.92155894
22.541707 1.92080237
22.642340 1.91983421
22.742972 1.91858794
22.843605 1.91697452
22.944237 1.91487307
23.044870 1.91211986
23.145503 1.90849065
23.246135 1.90367863
23.346768 1.89725998
23.447401 1.88864985
23.548033 1.87703410
23.648666 1.86128094
23.749298 1.83980476
23.849931 1.81038742
23.950564 1.76990708
24.051196 1.71397640
24.151829 1.63641286
24.252462 1.52851522
24.353094 1.37809646
24.453727 1.16804223
24.554359 0.87478456
24.654992 0.46634631
24.755625 -0.09003796
24.856257 -0.76616906
24.956890 -1.33402134
25.057523 -1.49526684
25.158155 -1.39562973
25.258788 -1.47839226
25.359420 -2.00519391
25.460053 -3.07334506
25.560686 -4.73876196
25.661318 -6.99937026
25.761951 -9.63590667
25.862583 -11.98478229
25.963216 -13.08264973
26.063849 -12.46580697
26.164481 -10.66212048
26.265114 -8.58974346
26.365747 -6.83765893
26.466379 -5.62081284
26.567012 -5.00841332
26.667644 -5.04889074
26.768277 -5.78988617
26.868910 -7.22836807
26.969542 -9.16420495
27.070175 -10.97376728
27.170808 -11.69050128
27.271440 -10.76337105
27.372073 -8.65140924
27.472705 -6.30824694
27.573338 -4.39087239
27.673971 -3.13037646
27.774603 -2.55842408
27.875236 -2.66641270
27.975869 -3.45698468
28.076501 -4.93171693
28.177134 -7.01279117
28.277766 -9.33858638
28.378399 -11.08767608
28.479032 -11.36944040
28.579664 -10.08214927
28.680297 -8.02990288
28.780929 -6.11279386
28.881562 -4.79285272
28.982195 -4.19101333
29.082827 -4.31377104
29.183460 -5.15413252
29.284093 -6.69879047
29.384725 -8.87979691
29.485358 -11.41470424
29.585990 -13.58290416
29.686623 -14.38422926
29.787256 -13.34902441
29.887888 -11.04719780
29.988521 -8.48702826
30.089154 -6.34231057
30.189786 -4.85571254
30.290419 -4.07435352
30.391051 -4.00214135
30.491684 -4.64265507
30.592317 -5.98947921
30.692949 -7.92510951
30.793582 -9.99453681
30.894215 -11.30337423
30.994847 -11.04336257
31.095480 -9.30632861
31.196112 -6.98127821
31.296745 -4.89761250
31.397378 -3.42577659
31.498010 -2.64904910
31.598643 -2.56895692
31.699275 -3.18341581
31.799908 -4.49587648
31.900541 -6.45109132
32.001173 -8.75184971
32.101806 -10.65373412
32.202439 -11.21590998
32.303071 -10.14407308
32.403704 -8.12555609
32.504336 -6.10490035
32.604969 -4.62484660
32.705602 -3.84985137
32.806234 -3.79804160
32.906867 -4.46308573
33.007500 -5.84183375
33.108132 -7.89147295
33.208765 -10.38840101
33.309397 -12.69802827
33.410030 -13.82098647
33.510663 -13.13035696
33.611295 -11.03320627
33.711928 -8.51932772
33.812560 -6.32878297
33.913193 -4.75968989
34.013826 -3.87985415
34.114458 -3.69632065
34.215091 -4.21610326
34.315724 -5.43999312
34.416356 -7.28938555
34.516989 -9.40567657
34.617621 -10.97197081
34.718254 -11.09008771
34.818887 -9.63697421
34.919519 -7.40354219
35.020152 -5.29399981
35.120785 -3.77838854
35.221417 -2.98024139
35.322050 -2.90484965
35.422682 -3.54473094
35.523315 -4.88510514
35.623948 -6.83415647
35.724580 -9.02297395
35.825213 -10.62725919
35.925846 -10.74706307
36.026478 -9.26015563
36.127111 -6.94846233
36.227743 -4.69207352
36.328376 -2.92867521
36.429009 -1.74706953
36.529641 -1.11315597
36.630274 -0.95919507
36.730906 -1.12095344
36.831539 -1.21210884
36.932172 -0.87824644
37.032804 -0.25915246
37.133437 0.32879919
37.234070 0.77786106
37.334702 1.10455765
37.435335 1.34062609
37.535967 1.51147659
37.636600 1.63591019
37.737233 1.72526583
37.837865 1.78594419
37.938498 1.82300142
38.039131 1.84061760
38.139763 1.84281660
38.240396 1.84167922
38.341028 1.84009037
38.441661 1.83841610
38.542294 1.83671751
38.642926 1.83500925
38.743559 1.83329576
38.844192 1.83157871
38.944824 1.82985886
39.045457 1.82813672
39.146089 1.82641267
39.246722 1.82468701
39.347355 1.82295997
39.447987 1.82123170
39.548620 1.81950234
39.649252 1.81777199
39.749885 1.81604088
39.850518 1.81430950
39.951150 1.81257925
40.051783 1.81085403
40.152416 1.80914627
40.253048 1.80750564
40.353681 1.80617566
40.454313 1.80601822
40.554946 1.80694802
40.655579 1.80840490
40.756211 1.80948462
40.856844 1.80879683
40.957477 1.80424513
41.058109 1.79268300
41.158742 1.76938841
41.259374 1.72747639
41.360007 1.65672444
41.460640 1.54338181
41.561272 1.37467563
41.661905 1.15355575
41.762538 0.92633157
41.863170 0.78516098
41.963803 0.80048331
42.064435 0.94772297
42.165068 1.13377943
42.265701 1.28031386
42.366333 1.35658294
42.466966 1.36099465
42.567598 1.29961038
42.668231 1.17715205
42.768864 0.99801001
42.869496 0.77554638
42.970129 0.55033279
43.070762 0.39461707
43.171394 0.36035839
43.272027 0.41335614
43.372659 0.45242395
43.473292 0.38382316
43.573925 0.16511532
43.674557 -0.16866873
43.775190 -0.47561432
43.875823 -0.56038795
43.976455 -0.34248930
44.077088 0.06293459
44.177720 0.47262236
44.278353 0.77873419
44.378986 0.95939943
44.479618 1.02785044
44.580251 1.00017459
44.680884 0.88489735
44.781516 0.68258095
44.882149 0.38939864
44.982781 0.00899191
45.083414 -0.41539204
45.184047 -0.76859026
45.284679 -0.91193552
45.385312 -0.81021142
45.485944 -0.54619998
45.586577 -0.21617969
45.687210 0.09055809
45.787842 0.32710102
45.888475 0.53881705
45.989108 0.76995414
46.089740 0.98961694
46.190373 1.16422364
46.291005 1.29328171
46.391638 1.38749412
46.492271 1.45646635
46.592903 1.50698748
46.693536 1.54377530
46.794169 1.56992351
46.894801 1.58745355
46.995434 1.59759851
47.096066 1.60100037
47.196699 1.60023425
47.297332 1.59875271
47.397964 1.59711006
47.498597 1.59541867
47.599230 1.59370800
47.699862 1.59198854
47.800495 1.59026474
47.901127 1.58853873
48.001760 1.58681154
48.102393 1.58508372
48.203025 1.58335558
48.303658 1.58162726
48.404290 1.57989886
48.504923 1.57817042
48.605556 1.57644198
48.706188 1.57471353
48.806821 1.57298510
48.907454 1.57125743
49.008086 1.56953772
49.108719 1.56782671
49.209351 1.56612441
49.309984 1.56443080
49.410617 1.56274589
49.511249 1.56106968
49.611882 1.55940216
49.712515 1.55774334
49.813147 1.55609321
49.913780 1.55445177
50.014412 1.55281902
50.115045 1.55119497
50.215678 1.54957961
50.316310 1.54797293
50.416943 1.54637495
50.517576 1.54478566
50.618208 1.54320505
50.718841 1.54163314
50.819473 1.54006992
50.920106 1.53851538
51.020739 1.53696954
51.121371 1.53543238
51.222004 1.53390391
51.322636 1.53238413
51.423269 1.53087304
51.523902 1.52937064
51.624534 1.52787693
51.725167 1.52639190
51.825800 1.52491557
51.926432 1.52344792
52.027065 1.52198896
52.127697 1.52053869
52.228330 1.51909711
52.328963 1.51766422
52.429595 1.51624001
52.530228 1.51482450
52.630861 1.51341767
52.731493 1.51201953
52.832126 1.51063008
52.932758 1.50924931
53.033391 1.50787724
53.134024 1.50651385
53.234656 1.50515915
53.335289 1.50381314
53.435921 1.50247581
53.536554 1.50114718
53.637187 1.49982723
53.737819 1.49851597
53.838452 1.49721340
53.939085 1.49591952
54.039717 1.49463432
54.140350 1.49335781
54.240982 1.49208999
54.341615 1.49083086
54.442248 1.48958042
54.542880 1.48833866
54.643513 1.48710559
54.744146 1.48588121
54.844778 1.48466552
54.945411 1.48345851
55.046043 1.48226019
55.146676 1.48107056
55.247309 1.47988962
55.347941 1.47871736
55.448574 1.47755380
55.549207 1.47639892
55.649839 1.47525272
55.750472 1.47411522
55.851104 1.47298640
55.951737 1.47186627
56.052370 1.47075483
56.153002 1.46965208
56.253635 1.46855801
56.354267 1.46747263
56.454900 1.46639594
56.555533 1.46532793
56.656165 1.46426861
56.756798 1.46321798
56.857431 1.46217604
56.958063 1.46114279
57.058696 1.46011822
57.159328 1.45910234
57.259961 1.45809515
57.360594 1.45709664
57.461226 1.45610682
57.561859 1.45512569
57.662492 1.45415325
57.763124 1.45318949
57.863757 1.45223442
57.964389 1.45128804
58.065022 1.45035035
58.165655 1.44942134
58.266287 1.44850102
58.366920 1.44758939
58.467553 1.44668644
58.568185 1.44579218
58.668818 1.44490661
58.769450 1.44402973
58.870083 1.44316153
58.970716 1.44230202
59.071348 1.44145120
59.171981 1.44060906
59.272613 1.43977562
59.373246 1.43895086
59.473879 1.43813478
59.574511 1.43732740
59.675144 1.43652870
59.775777 1.43573869
59.876409 1.43495736
59.977042 1.43418472
60.077674 1.43342077
60.178307 1.43266551
60.278940 1.43191893
60.379572 1.43118104
60.480205 1.43045184
60.580838 1.42973133
60.681470 1.42901950
60.782103 1.42831636
60.882735 1.42762190
60.983368 1.42693614
61.084001 1.42625906
61.184633 1.42559067
61.285266 1.42493096
61.385899 1.42427994
61.486531 1.42363761
61.587164 1.42300397
61.687796 1.42237901
61.788429 1.42176274
61.889062 1.42115516
61.989694 1.42055626
62.090327 1.41996605
62.190959 1.41938453
62.291592 1.41881169
62.392225 1.41824755
62.492857 1.41769209
62.593490 1.41714531
62.694123 1.41660723
62.794755 1.41607783
62.895388 1.41555711
62.996020 1.41504509
63.096653 1.41454175
63.197286 1.41404710
63.297918 1.41356113
63.398551 1.41308385
63.499184 1.41261526
63.599816 1.41215536
63.700449 1.41170414
63.801081 1.41126161
63.901714 1.41082777
64.002347 1.41040262
64.102979 1.40998615
64.203612 1.40957837
64.304245 1.40917927
64.404877 1.40878886
64.505510 1.40840714
64.606142 1.40803411
64.706775 1.40766976
64.807408 1.40731410
64.908040 1.40696713
65.008673 1.40662884
65.109305 1.40629924
65.209938 1.40597833
65.310571 1.40566611
65.411203 1.40536257
65.511836 1.40506772
65.612469 1.40478155
65.713101 1.40450408
65.813734 1.40423528
65.914366 1.40397518
66.014999 1.40372377
66.115632 1.40348104
66.216264 1.40324699
66.316897 1.40302164
66.417530 1.40280497
66.518162 1.40259699
66.618795 1.40239769
66.719427 1.40220708
66.820060 1.40202516
66.920693 1.40185193
67.021325 1.40168738
67.121958 1.40153152
67.222591 1.40138435
67.323223 1.40124586
67.423856 1.40111606
67.524488 1.40099495
67.625121 1.40088253
67.725754 1.40077879
67.826386 1.40068374
67.927019 1.40059737
68.027651 1.40051969
68.128284 1.40045070
68.228917 1.40039040
68.329549 1.40033878
68.430182 1.40029585
68.530815 1.40026161
68.631447 1.40023605
68.732080 1.40021918
68.832712 1.40021100
68.933345 1.40021151
69.033978 1.40022070
69.134610 1.40023858
69.235243 1.40026514
69.335876 1.40030039
69.436508 1.40034433
69.537141 1.40039696
69.637773 1.40045827
69.738406 1.40052828
69.839039 1.40060697
69.939671 1.40069360
70.040304 1.40078097
70.140937 1.40086836
70.241569 1.40095573
70.342202 1.40104310
70.442834 1.40113048
70.543467 1.40121786
70.644100 1.40130532
70.744732 1.40139262
