0.100633 1.89811005
0.201265 1.89810840
0.301898 1.89811009
0.402530 1.89811025
0.503163 1.89811021
0.603796 1.89811018
0.704428 1.89811015
0.805061 1.89811012
0.905694 1.89811010
1.006326 1.89811009
1.106959 1.89811009
1.207591 1.89811009
1.308224 1.89811011
1.408857 1.89811013
1.509489 1.89811017
1.610122 1.89811022
1.710755 1.89811028
1.811387 1.89811036
1.912020 1.89811045
2.012652 1.89811055
2.113285 1.89811067
2.213918 1.89811081
2.314550 1.89811097
2.415183 1.89811114
2.515816 1.89811134
2.616448 1.89811155
2.717081 1.89811179
2.817713 1.89811204
2.918346 1.89811232
3.018979 1.89811262
3.119611 1.89811295
3.220244 1.89811330
3.320876 1.89811368
3.421509 1.89811408
3.522142 1.89811452
3.622774 1.89811498
3.723407 1.89811547
3.824040 1.89811598
3.924672 1.89811653
4.025305 1.89811711
4.125937 1.89811773
4.226570 1.89811837
4.327203 1.89811905
4.427835 1.89811977
4.528468 1.89812052
4.629101 1.89812130
4.729733 1.89812212
4.830366 1.89812298
4.930998 1.89812388
5.031631 1.89812482
5.132264 1.89812580
5.232896 1.89812682
5.333529 1.89812788
5.434162 1.89812898
5.534794 1.89813013
5.635427 1.89813132
5.736059 1.89813256
5.836692 1.89813384
5.937325 1.89813516
6.037957 1.89813654
6.138590 1.89813796
6.239222 1.89813943
6.339855 1.89814095
6.440488 1.89814252
6.541120 1.89814415
6.641753 1.89814582
6.742386 1.89814755
6.843018 1.89814932
6.943651 1.89815116
7.044283 1.89815304
7.144916 1.89815499
7.245549 1.89815699
7.346181 1.89815904
7.446814 1.89816116
7.547447 1.89816333
7.648079 1.89816556
7.748712 1.89816785
7.849344 1.89817020
7.949977 1.89817262
8.050610 1.89817509
8.151242 1.89817763
8.251875 1.89818023
8.352508 1.89818289
8.453140 1.89818562
8.553773 1.89818841
8.654405 1.89819127
8.755038 1.89819420
8.855671 1.89819719
8.956303 1.89820025
9.056936 1.89820338
9.157568 1.89820658
9.258201 1.89820985
9.358834 1.89821319
9.459466 1.89821660
9.560099 1.89822008
9.660732 1.89822363
9.761364 1.89822726
9.861997 1.89823096
9.962629 1.89823473
10.063262 1.89823857
10.163895 1.89824249
10.264527 1.89824649
10.365160 1.89825056
10.465793 1.89825471
10.566425 1.89825893
10.667058 1.89826324
10.767690 1.89826761
10.868323 1.89827207
10.968956 1.89827660
11.069588 1.89828122
11.170221 1.89828591
11.270853 1.89829069
11.371486 1.89829554
11.472119 1.89830047
11.572751 1.89830548
11.673384 1.89831058
11.774017 1.89831575
11.874649 1.89832101
11.975282 1.89832635
12.075914 1.89833177
12.176547 1.89833727
12.277180 1.89834286
12.377812 1.89834852
12.478445 1.89835428
12.579078 1.89836011
12.679710 1.89836603
12.780343 1.89837203
12.880975 1.89837812
12.981608 1.89838428
13.082241 1.89839053
13.182873 1.89839686
13.283506 1.89840329
13.384139 1.89840978
13.484771 1.89841638
13.585404 1.89842304
13.686036 1.89842980
13.786669 1.89843663
13.887302 1.89844356
13.987934 1.89845055
14.088567 1.89845765
14.189199 1.89846481
14.289832 1.89847207
14.390465 1.89847940
14.491097 1.89848683
14.591730 1.89849432
14.692363 1.89850191
14.792995 1.89850957
14.893628 1.89851733
14.994260 1.89852514
15.094893 1.89853306
15.195526 1.89854104
15.296158 1.89854913
15.396791 1.89855726
15.497424 1.89856550
15.598056 1.89857380
15.698689 1.89858220
15.799321 1.89859065
15.899954 1.89859920
16.000587 1.89860781
16.101219 1.89861652
16.201852 1.89862527
16.302485 1.89863413
16.403117 1.89864303
16.503750 1.89865204
16.604382 1.89866108
16.705015 1.89867023
16.805648 1.89867942
16.906280 1.89868871
17.006913 1.89869802
17.107545 1.89870745
17.208178 1.89871690
17.308811 1.89872645
17.409443 1.89873602
17.510076 1.89874568
17.610709 1.89875537
17.711341 1.89876514
17.811974 1.89877493
17.912606 1.89878480
18.013239 1.89879466
18.113872 1.89880461
18.214504 1.89881454
18.315137 1.89882454
18.415770 1.89883451
18.516402 1.89884453
18.617035 1.89885449
18.717667 1.89886449
18.818300 1.89887440
18.918933 1.89888431
19.019565 1.89889408
19.120198 1.89890382
19.220831 1.89891336
19.321463 1.89892279
19.422096 1.89893195
19.522728 1.89894091
19.623361 1.89894948
19.723994 1.89895770
19.824626 1.89896537
19.925259 1.89897249
20.025891 1.89897881
20.126524 1.89898431
20.227157 1.89898864
20.327789 1.89899171
20.428422 1.89899309
20.529055 1.89899259
20.629687 1.89898961
20.730320 1.89898379
20.830952 1.89897434
20.931585 1.89896060
21.032218 1.89894146
21.132850 1.89891584
21.233483 1.89888210
21.334116 1.89883849
21.434748 1.89878253
21.535381 1.89871140
21.636013 1.89862121
21.736646 1.89850738
21.837279 1.89836373
21.937911 1.89818269
22.038544 1.89795415
22.139177 1.89766543
22.239809 1.89729962
22.340442 1.89683500
22.441074 1.89624263
22.541707 1.89548454
22.642340 1.89450992
22.742972 1.89325104
22.843605 1.89161656
22.944237 1.88948310
23.044870 1.88668286
23.145503 1.88298654
23.246135 1.87807974
23.346768 1.87152859
23.447401 1.86273358
23.548033 1.85086056
23.648666 1.83474894
23.749298 1.81277300
23.849931 1.78265746
23.950564 1.74120013
24.051196 1.68389983
24.151829 1.60441465
24.252462 1.49381940
24.353094 1.33962070
24.453727 1.12427628
24.554359 0.82365669
24.654992 0.40527243
24.755625 -0.16210067
24.856257 -0.83866799
24.956890 -1.37684005
25.057523 -1.49693586
25.158155 -1.38909447
25.258788 -1.49333820
25.359420 -2.05126030
25.460053 -3.15322818
25.560686 -4.85333779
25.661318 -7.14358376
25.761951 -9.78632234
25.862583 -12.09249182
25.963216 -13.10215975
26.063849 -12.40147372
26.164481 -10.56166292
26.265114 -8.49648132
26.365747 -6.77068965
26.466379 -5.58558945
26.567012 -5.00747706
26.667644 -5.08482999
26.768277 -5.86445263
26.868910 -7.33765313
26.969542 -9.28625560
27.070175 -11.05922809
27.170808 -11.68852755
27.271440 -10.67269228
27.372073 -8.52144075
27.472705 -6.18849717
27.573338 -4.30397550
27.673971 -3.08121894
27.774603 -2.54691072
27.875236 -2.69240113
27.975869 -3.52104131
28.076501 -5.03296359
28.177134 -7.14046164
28.277766 -9.45739843
28.378399 -11.13998695
28.479032 -11.32049566
28.579664 -9.95920724
28.680297 -7.89144633
28.780929 -5.99864060
28.881562 -4.71648509
28.982195 -4.15421796
29.082827 -4.31605106
29.183460 -5.19545018
29.284093 -6.77883177
29.384725 -8.99253084
29.485358 -11.53566478
29.585990 -13.66132504
29.686623 -14.37200707
29.787256 -13.25006154
29.887888 -10.91215547
29.988521 -8.36230777
30.089154 -6.24746651
30.189786 -4.79391454
30.290419 -4.04410793
30.391051 -4.00184056
30.491684 -4.67130095
30.592317 -6.04495421
30.692949 -7.99823483
30.793582 -10.06016541
30.894215 -11.32588001
30.994847 -11.00764416
31.095480 -9.23514125
31.196112 -6.90975888
31.296745 -4.84607000
31.397378 -3.39920087
31.498010 -2.64628559
31.598643 -2.58789389
31.699275 -3.22227489
31.799908 -4.55337504
31.900541 -6.52619243
32.001173 -8.84266277
32.101806 -10.75704557
32.202439 -11.33017378
32.303071 -10.27313741
32.403704 -8.27669639
32.504336 -6.28385422
32.604969 -4.83420583
32.705602 -4.09018062
32.806234 -4.06895808
32.906867 -4.76371743
33.007500 -6.17124607
33.108132 -8.25160869
33.208765 -10.79382972
33.309397 -13.18506168
33.410030 -14.42519028
33.510663 -13.83450162
33.611295 -11.76149024
33.711928 -9.19341479
33.812560 -6.90557044
33.913193 -5.22481143
34.013826 -4.23133673
34.114458 -3.93574875
34.215091 -4.34535073
34.315724 -5.46241141
34.416356 -7.21921067
34.516989 -9.28610260
34.617621 -10.87512016
34.718254 -11.06315446
34.818887 -9.64911689
34.919519 -7.37926530
35.020152 -5.17790918
35.120785 -3.54938179
35.221417 -2.63573890
35.322050 -2.45122843
35.422682 -2.99611000
35.523315 -4.26493609
35.623948 -6.18045140
35.724580 -8.39853869
35.825213 -10.11469182
35.925846 -10.40028671
36.026478 -9.05925916
36.127111 -6.83026243
36.227743 -4.60790996
36.328376 -2.85774460
36.429009 -1.68231133
36.529641 -1.05146489
36.630274 -0.90112266
36.730906 -1.08127496
36.831539 -1.22393625
36.932172 -0.95042898
37.032804 -0.36168051
37.133437 0.21741523
37.234070 0.66154279
37.334702 0.98281334
37.435335 1.21398130
37.535967 1.38084971
37.636600 1.50140434
37.737233 1.58736063
37.837865 1.64560743
37.938498 1.68108268
38.039131 1.69794991
38.139763 1.69991334
38.240396 1.69799497
38.341028 1.69565057
38.441661 1.69324748
38.542294 1.69083640
38.642926 1.68842560
38.743559 1.68601574
38.844192 1.68360612
38.944824 1.68119610
39.045457 1.67878528
39.146089 1.67637347
39.246722 1.67396059
39.347355 1.67154657
39.447987 1.66913135
39.548620 1.66671486
39.649252 1.66429697
39.749885 1.66187762
39.850518 1.65945700
39.951150 1.65703610
40.051783 1.65461856
40.152416 1.65221753
40.253048 1.64989008
40.353681 1.64794950
40.454313 1.64719494
40.554946 1.64744795
40.655579 1.64811241
40.756211 1.64823837
40.856844 1.64636620
40.957477 1.64029622
41.058109 1.62673129
41.158742 1.60070853
41.259374 1.55501820
41.360007 1.47899724
41.460640 1.35855579
41.561272 1.18176804
41.661905 0.95549260
41.762538 0.73259625
41.863170 0.60745825
41.963803 0.64163037
42.064435 0.79836619
42.165068 0.98202476
42.265701 1.11987753
42.366333 1.18626567
42.466966 1.18136986
42.567598 1.11131782
42.668231 0.98062009
42.768864 0.79405476
42.869496 0.56737084
42.970129 0.34581387
43.070762 0.20319693
43.171394 0.18320789
43.272027 0.23997200
43.372659 0.26932889
43.473292 0.18242597
43.573925 -0.05526787
43.674557 -0.39646749
43.775190 -0.68712097
43.875823 -0.73634018
43.976455 -0.48740337
44.077088 -0.07327774
44.177720 0.32645342
44.278353 0.61614212
44.378986 0.78108732
44.479618 0.83595849
44.580251 0.79607148
44.680884 0.66892662
44.781516 0.45427656
44.882149 0.14831364
44.982781 -0.24248436
45.083414 -0.66658009
45.184047 -1.00028230
45.284679 -1.11133179
45.385312 -0.98345099
45.485944 -0.70676310
45.586577 -0.37607199
45.687210 -0.07898565
45.787842 0.14970342
45.888475 0.36297924
45.989108 0.59495335
46.089740 0.80884152
46.190373 0.97586734
46.291005 1.09854739
46.391638 1.18780081
46.492271 1.25286911
46.592903 1.30024986
46.693536 1.33442468
46.794169 1.35833038
46.894801 1.37390476
46.995434 1.38223083
47.096066 1.38411007
47.196699 1.38240045
47.297332 1.38017269
47.397964 1.37782100
47.498597 1.37543104
47.599230 1.37302641
47.699862 1.37061550
47.800495 1.36820178
47.901127 1.36578679
48.001760 1.36337126
48.102393 1.36095551
48.203025 1.35853971
48.303658 1.35612394
48.404290 1.35370822
48.504923 1.35129256
48.605556 1.34887695
48.706188 1.34646138
48.806821 1.34404587
48.907454 1.34163142
49.008086 1.33922799
49.108719 1.33683660
49.209351 1.33445726
49.309984 1.33208995
49.410617 1.32973467
49.511249 1.32739142
49.611882 1.32506020
49.712515 1.32274100
49.813147 1.32043382
49.913780 1.31813866
50.014412 1.31585552
50.115045 1.31358440
50.215678 1.31132530
50.316310 1.30907821
50.416943 1.30684315
50.517576 1.30462010
50.618208 1.30240907
50.718841 1.30021005
50.819473 1.29802305
50.920106 1.29584807
51.020739 1.29368511
51.121371 1.29153416
51.222004 1.28939523
51.322636 1.28726831
51.423269 1.28515341
51.523902 1.28305053
51.624534 1.28095966
51.725167 1.27888081
51.825800 1.27681397
51.926432 1.27475915
52.027065 1.27271635
52.127697 1.27068557
52.228330 1.26866680
52.328963 1.26666004
52.429595 1.26466531
52.530228 1.26268259
52.630861 1.26071188
52.731493 1.25875319
52.832126 1.25680652
52.932758 1.25487186
53.033391 1.25294923
53.134024 1.25103860
53.234656 1.24914000
53.335289 1.24725341
53.435921 1.24537883
53.536554 1.24351628
53.637187 1.24166574
53.737819 1.23982721
53.838452 1.23800070
53.939085 1.23618621
54.039717 1.23438374
54.140350 1.23259328
54.240982 1.23081484
54.341615 1.22904842
54.442248 1.22729401
54.542880 1.22555162
54.643513 1.22382124
54.744146 1.22210288
54.844778 1.22039654
54.945411 1.21870222
55.046043 1.21701991
55.146676 1.21534962
55.247309 1.21369135
55.347941 1.21204509
55.448574 1.21041085
55.549207 1.20878863
55.649839 1.20717842
55.750472 1.20558023
55.851104 1.20399406
55.951737 1.20241990
56.052370 1.20085776
56.153002 1.19930764
56.253635 1.19776953
56.354267 1.19624345
56.454900 1.19472937
56.555533 1.19322732
56.656165 1.19173728
56.756798 1.19025926
56.857431 1.18879326
56.958063 1.18733927
57.058696 1.18589730
57.159328 1.18446735
57.259961 1.18304942
57.360594 1.18164350
57.461226 1.18024960
57.561859 1.17886772
57.662492 1.17749785
57.763124 1.17614000
57.863757 1.17479417
57.964389 1.17346036
58.065022 1.17213856
58.165655 1.17082878
58.266287 1.16953102
58.366920 1.16824527
58.467553 1.16697154
58.568185 1.16570983
58.668818 1.16446014
58.769450 1.16322246
58.870083 1.16199680
58.970716 1.16078316
59.071348 1.15958154
59.171981 1.15839193
59.272613 1.15721434
59.373246 1.15604877
59.473879 1.15489522
59.574511 1.15375368
59.675144 1.15262416
59.775777 1.15150666
59.876409 1.15040118
59.977042 1.14930771
60.077674 1.14822626
60.178307 1.14715683
60.278940 1.14609942
60.379572 1.14505402
60.480205 1.14402064
60.580838 1.14299928
60.681470 1.14198994
60.782103 1.14099261
60.882735 1.14000730
60.983368 1.13903401
61.084001 1.13807274
61.184633 1.13712348
61.285266 1.13618625
61.385899 1.13526103
61.486531 1.13434783
61.587164 1.13344664
61.687796 1.13255748
61.788429 1.13168033
61.889062 1.13081520
61.989694 1.12996208
62.090327 1.12912099
62.190959 1.12829191
62.291592 1.12747485
62.392225 1.12666981
62.492857 1.12587679
62.593490 1.12509578
62.694123 1.12432679
62.794755 1.12356982
62.895388 1.12282487
62.996020 1.12209194
63.096653 1.12137102
63.197286 1.12066212
63.297918 1.11996524
63.398551 1.11928038
63.499184 1.11860754
63.599816 1.11794671
63.700449 1.11729791
63.801081 1.11666112
63.901714 1.11603635
64.002347 1.11542359
64.102979 1.11482286
64.203612 1.11423414
64.304245 1.11365744
64.404877 1.11309276
64.505510 1.11254010
64.606142 1.11199945
64.706775 1.11147083
64.807408 1.11095422
64.908040 1.11044963
65.008673 1.10995706
65.109305 1.10947651
65.209938 1.10900797
65.310571 1.10855145
65.411203 1.10810696
65.511836 1.10767448
65.612469 1.10725402
65.713101 1.10684557
65.813734 1.10644915
65.914366 1.10606474
66.014999 1.10569235
66.115632 1.10533198
66.216264 1.10498363
66.316897 1.10464730
66.417530 1.10432299
66.518162 1.10401069
66.618795 1.10371041
66.719427 1.10342216
66.820060 1.10314592
66.920693 1.10288169
67.021325 1.10262949
67.121958 1.10238931
67.222591 1.10216114
67.323223 1.10194499
67.423856 1.10174087
67.524488 1.10154876
67.625121 1.10136867
67.725754 1.10120059
67.826386 1.10104454
67.927019 1.10090050
68.027651 1.10076849
68.128284 1.10064849
68.228917 1.10054051
68.329549 1.10044455
68.430182 1.10036061
68.530815 1.10028869
68.631447 1.10022878
68.732080 1.10018090
68.832712 1.10014503
68.933345 1.10012119
69.033978 1.10010936
69.134610 1.10010955
69.235243 1.10012176
69.335876 1.10014599
69.436508 1.10018223
69.537141 1.10023050
69.637773 1.10029078
69.738406 1.10036310
69.839039 1.10044742
69.939671 1.10054274
70.040304 1.10063908
70.140937 1.10073543
70.241569 1.10083178
70.342202 1.10092812
70.442834 1.10102446
70.543467 1.10112081
70.644100 1.10121725
70.744732 1.10131351
