0.100633 1.91972469
0.201265 1.91972628
0.301898 1.91972458
0.402530 1.91972442
0.503163 1.91972444
0.603796 1.91972446
0.704428 1.91972449
0.805061 1.91972451
0.905694 1.91972454
1.006326 1.91972456
1.106959 1.91972458
1.207591 1.91972461
1.308224 1.91972463
1.408857 1.91972466
1.509489 1.91972469
1.610122 1.91972471
1.710755 1.91972474
1.811387 1.91972476
1.912020 1.91972479
2.012652 1.91972482
2.113285 1.91972484
2.213918 1.91972487
2.314550 1.91972490
2.415183 1.91972492
2.515816 1.91972495
2.616448 1.91972498
2.717081 1.91972501
2.817713 1.91972504
2.918346 1.91972506
3.018979 1.91972509
3.119611 1.91972512
3.220244 1.91972515
3.320876 1.91972518
3.421509 1.91972521
3.522142 1.91972524
3.622774 1.91972527
3.723407 1.91972530
3.824040 1.91972533
3.924672 1.91972536
4.025305 1.91972539
4.125937 1.91972542
4.226570 1.91972546
4.327203 1.91972549
4.427835 1.91972552
4.528468 1.91972555
4.629101 1.91972558
4.729733 1.91972561
4.830366 1.91972564
4.930998 1.91972567
5.031631 1.91972570
5.132264 1.91972573
5.232896 1.91972577
5.333529 1.91972579
5.434162 1.91972583
5.534794 1.91972585
5.635427 1.91972588
5.736059 1.91972591
5.836692 1.91972594
5.937325 1.91972597
6.037957 1.91972600
6.138590 1.91972602
6.239222 1.91972605
6.339855 1.91972607
6.440488 1.91972610
6.541120 1.91972612
6.641753 1.91972614
6.742386 1.91972616
6.843018 1.91972618
6.943651 1.91972620
7.044283 1.91972622
7.144916 1.91972623
7.245549 1.91972625
7.346181 1.91972626
7.446814 1.91972627
7.547447 1.91972628
7.648079 1.91972629
7.748712 1.91972629
7.849344 1.91972630
7.949977 1.91972630
8.050610 1.91972630
8.151242 1.91972629
8.251875 1.91972629
8.352508 1.91972628
8.453140 1.91972627
8.553773 1.91972625
8.654405 1.91972623
8.755038 1.91972621
8.855671 1.91972619
8.956303 1.91972616
9.056936 1.91972613
9.157568 1.91972609
9.258201 1.91972605
9.358834 1.91972601
9.459466 1.91972596
9.560099 1.91972590
9.660732 1.91972585
9.761364 1.91972578
9.861997 1.91972572
9.962629 1.91972564
10.063262 1.91972557
10.163895 1.91972548
10.264527 1.91972540
10.365160 1.91972530
10.465793 1.91972520
10.566425 1.91972509
10.667058 1.91972498
10.767690 1.91972485
10.868323 1.91972473
10.968956 1.91972459
11.069588 1.91972445
11.170221 1.91972429
11.270853 1.91972414
11.371486 1.91972397
11.472119 1.91972380
11.572751 1.91972361
11.673384 1.91972342
11.774017 1.91972321
11.874649 1.91972300
11.975282 1.91972278
12.075914 1.91972255
12.176547 1.91972231
12.277180 1.91972206
12.377812 1.91972179
12.478445 1.91972152
12.579078 1.91972123
12.679710 1.91972094
12.780343 1.91972063
12.880975 1.91972031
12.981608 1.91971997
13.082241 1.91971963
13.182873 1.91971926
13.283506 1.91971889
13.384139 1.91971850
13.484771 1.91971810
13.585404 1.91971769
13.686036 1.91971726
13.786669 1.91971681
13.887302 1.91971635
13.987934 1.91971587
14.088567 1.91971538
14.189199 1.91971487
14.289832 1.91971434
14.390465 1.91971380
14.491097 1.91971324
14.591730 1.91971265
14.692363 1.91971206
14.792995 1.91971144
14.893628 1.91971081
14.994260 1.91971015
15.094893 1.91970948
15.195526 1.91970878
15.296158 1.91970807
15.396791 1.91970733
15.497424 1.91970657
15.598056 1.91970579
15.698689 1.91970499
15.799321 1.91970416
15.899954 1.91970331
16.000587 1.91970243
16.101219 1.91970154
16.201852 1.91970061
16.302485 1.91969967
16.403117 1.91969869
16.503750 1.91969769
16.604382 1.91969666
16.705015 1.91969560
16.805648 1.91969451
16.906280 1.91969340
17.006913 1.91969225
17.107545 1.91969107
17.208178 1.91968985
17.308811 1.91968861
17.409443 1.91968732
17.510076 1.91968599
17.610709 1.91968463
17.711341 1.91968322
17.811974 1.91968177
17.912606 1.91968027
18.013239 1.91967871
18.113872 1.91967710
18.214504 1.91967542
18.315137 1.91967368
18.415770 1.91967185
18.516402 1.91966995
18.617035 1.91966795
18.717667 1.91966584
18.818300 1.91966361
18.918933 1.91966125
19.019565 1.91965872
19.120198 1.91965602
19.220831 1.91965310
19.321463 1.91964994
19.422096 1.91964649
19.522728 1.91964270
19.623361 1.91963851
19.723994 1.91963386
19.824626 1.91962864
19.925259 1.91962277
20.025891 1.91961611
20.126524 1.91960851
20.227157 1.91959978
20.327789 1.91958969
20.428422 1.91957797
20.529055 1.91956428
20.629687 1.91954821
20.730320 1.91952925
20.830952 1.91950678
20.931585 1.91948003
21.032218 1.91944805
21.132850 1.91940967
21.233483 1.91936342
21.334116 1.91930748
21.434748 1.91923956
21.535381 1.91915677
21.636013 1.91905549
21.736646 1.91893108
21.837279 1.91877767
21.937911 1.91858770
22.038544 1.91835145
22.139177 1.91805634
22.239809 1.91768599
22.340442 1.91721894
22.441074 1.91662699
22.541707 1.91587272
22.642340 1.91490645
22.742972 1.91366153
22.843605 1.91204842
22.944237 1.90994579
23.044870 1.90718895
23.145503 1.90355248
23.246135 1.89872758
23.346768 1.89228775
23.447401 1.88364394
23.548033 1.87197617
23.648666 1.85614386
23.749298 1.83454891
23.849931 1.80495485
23.950564 1.76421359
24.051196 1.70789983
24.151829 1.62977703
24.252462 1.52106678
24.353094 1.36947496
24.453727 1.15773548
24.554359 0.86207810
24.654992 0.45032491
24.755625 -0.10985723
24.856257 -0.78658052
24.956890 -1.34525989
25.057523 -1.49421231
25.158155 -1.39323273
25.258788 -1.48519205
25.359420 -2.02514184
25.460053 -3.10807589
25.560686 -4.78918018
25.661318 -7.06348985
25.761951 -9.70271523
25.862583 -12.03063961
25.963216 -13.08542994
26.063849 -12.42813140
26.164481 -10.60848473
26.265114 -8.54250013
26.365747 -6.80658703
26.466379 -5.60823616
26.567012 -5.01481887
26.667644 -5.07478473
26.768277 -5.83560561
26.868910 -7.29169528
26.969542 -9.23396561
27.070175 -11.02477012
27.170808 -11.69641936
27.271440 -10.72298711
27.372073 -8.58970759
27.472705 -6.25052585
27.573338 -4.34859731
27.673971 -3.10577415
27.774603 -2.55106971
27.875236 -2.67578306
27.975869 -3.48294956
28.076501 -4.97370072
28.177134 -7.06629698
28.277766 -9.38905742
28.378399 -11.11120648
28.479032 -11.35161615
28.579664 -10.03482611
28.680297 -7.97851695
28.780929 -6.07504540
28.881562 -4.77516097
28.982195 -4.19463989
29.082827 -4.33873662
29.183460 -5.20017682
29.284093 -6.76472185
29.384725 -8.96077036
29.485358 -11.49641621
29.585990 -13.63851391
29.686623 -14.38918548
29.787256 -13.30568908
29.887888 -10.98241100
29.988521 -8.42635745
30.089154 -6.29783284
30.189786 -4.83056963
30.290419 -4.06859246
30.391051 -4.01528376
30.491684 -4.67427266
30.592317 -6.03815266
30.692949 -7.98436644
30.793582 -10.04663840
30.894215 -11.32324450
30.994847 -11.02060914
31.095480 -9.25775472
31.196112 -6.93310794
31.296745 -4.86623478
31.397378 -3.41723755
31.498010 -2.66543962
31.598643 -2.61219782
31.699275 -3.25585093
31.799908 -4.59858450
31.900541 -6.57797762
32.001173 -8.87673789
32.101806 -10.72673370
32.202439 -11.19718352
32.303071 -10.04541942
32.403704 -7.99442074
32.504336 -5.97777107
32.604969 -4.51313143
32.705602 -3.75158288
32.806234 -3.70819784
32.906867 -4.37786881
33.007500 -5.76099492
33.108132 -7.81972920
33.208765 -10.33363255
33.309397 -12.66600387
33.410030 -13.81368782
33.510663 -13.15102844
33.611295 -11.08554683
33.711928 -8.59901070
33.812560 -6.42330931
33.913193 -4.85658611
34.013826 -3.97228371
34.114458 -3.78323473
34.215091 -4.29973185
34.315724 -5.52148924
34.416356 -7.35932959
34.516989 -9.42897032
34.617621 -10.88902829
34.718254 -10.86120338
34.818887 -9.28311431
34.919519 -6.97783945
35.020152 -4.83192913
35.120785 -3.28996788
35.221417 -2.46627562
35.322050 -2.36908550
35.422682 -2.99894223
35.523315 -4.34793035
35.623948 -6.31748748
35.724580 -8.50827030
35.825213 -10.06283214
35.925846 -10.09939494
36.026478 -8.56127873
36.127111 -6.26236032
36.227743 -4.05864779
36.328376 -2.35648309
36.429009 -1.23105057
36.529641 -0.64526856
36.630274 -0.52840469
36.730906 -0.70241428
36.831539 -0.76607365
36.932172 -0.39348832
37.032804 0.24007541
37.133437 0.82821704
37.234070 1.27824385
37.334702 1.61002775
37.435335 1.85535808
37.535967 2.03786434
37.636600 2.17376529
37.737233 2.27276171
37.837865 2.34044809
37.938498 2.38219532
38.039131 2.40220560
38.139763 2.40497883
38.240396 2.40360926
38.341028 2.39817738
38.441661 2.38815428
38.542294 2.37356200
38.642926 2.35443061
38.743559 2.33076726
38.844192 2.30256906
38.944824 2.26983089
39.045457 2.23255220
39.146089 2.19069438
39.246722 2.14420495
39.347355 2.09300152
39.447987 2.03708638
39.548620 1.97682081
39.649252 1.91363592
39.749885 1.85094706
39.850518 1.79486152
39.951150 1.75374697
40.051783 1.73597408
40.152416 1.74654304
40.253048 1.78466919
40.353681 1.84408557
40.454313 1.91580641
40.554946 1.99133394
40.655579 2.06443502
40.756211 2.13114241
40.856844 2.18879389
40.957477 2.23496749
41.058109 2.26660687
41.158742 2.27935295
41.259374 2.26699213
41.360007 2.22024115
41.460640 2.12647646
41.561272 1.97383069
41.661905 1.76550683
41.762538 1.54715136
41.863170 1.41052226
41.963803 1.42788875
42.064435 1.57769580
42.165068 1.76812011
42.265701 1.92026205
42.366333 2.00276702
42.466966 2.01406811
42.567598 1.96056207
42.668231 1.84717981
42.768864 1.67775128
42.869496 1.46287570
42.970129 1.23732668
43.070762 1.06933590
43.171394 1.01671535
43.272027 1.05638746
43.372659 1.09003439
43.473292 1.01885354
43.573925 0.79854024
43.674557 0.47122622
43.775190 0.18867123
43.875823 0.14325124
43.976455 0.39645616
44.077088 0.81853230
44.177720 1.22925734
44.278353 1.53110187
44.378986 1.70848019
44.479618 1.77617328
44.580251 1.74998382
44.680884 1.63792672
44.781516 1.44011113
44.882149 1.15226352
44.982781 0.77729767
45.083414 0.35710778
45.184047 0.00537301
45.284679 -0.13892533
45.385312 -0.03750975
45.485944 0.22987058
45.586577 0.56548679
45.687210 0.87737633
45.787842 1.12239113
45.888475 1.34858611
45.989108 1.59255561
46.089740 1.81920901
46.190373 1.99865100
46.291005 2.13280170
46.391638 2.23264930
46.492271 2.30761033
46.592903 2.36424191
46.693536 2.40705388
46.794169 2.43894605
46.894801 2.46176840
46.995434 2.47658131
47.096066 2.48385012
47.196699 2.48661786
47.297332 2.48864989
47.397964 2.49048886
47.498597 2.49225755
47.599230 2.49399307
47.699862 2.49571066
47.800495 2.49741784
47.901127 2.49911866
48.001760 2.50081549
48.102393 2.50250973
48.203025 2.50420228
48.303658 2.50589369
48.404290 2.50758433
48.504923 2.50927444
48.605556 2.51096419
48.706188 2.51265369
48.806821 2.51434300
48.907454 2.51603151
49.008086 2.51771280
49.108719 2.51938625
49.209351 2.52105185
49.309984 2.52270963
49.410617 2.52435959
49.511249 2.52600175
49.611882 2.52763610
49.712515 2.52926265
49.813147 2.53088140
49.913780 2.53249236
50.014412 2.53409553
50.115045 2.53569090
50.215678 2.53727849
50.316310 2.53885828
50.416943 2.54043028
50.517576 2.54199450
50.618208 2.54355092
50.718841 2.54509955
50.819473 2.54664040
50.920106 2.54817346
51.020739 2.54969873
51.121371 2.55121620
51.222004 2.55272590
51.322636 2.55422780
51.423269 2.55572191
51.523902 2.55720824
51.624534 2.55868678
51.725167 2.56015753
51.825800 2.56162049
51.926432 2.56307566
52.027065 2.56452305
52.127697 2.56596265
52.228330 2.56739445
52.328963 2.56881847
52.429595 2.57023471
52.530228 2.57164315
52.630861 2.57304381
52.731493 2.57443668
52.832126 2.57582176
52.932758 2.57719905
53.033391 2.57856855
53.134024 2.57993027
53.234656 2.58128420
53.335289 2.58263034
53.435921 2.58396869
53.536554 2.58529925
53.637187 2.58662203
53.737819 2.58793702
53.838452 2.58924422
53.939085 2.59054363
54.039717 2.59183525
54.140350 2.59311909
54.240982 2.59439514
54.341615 2.59566340
54.442248 2.59692387
54.542880 2.59817655
54.643513 2.59942145
54.744146 2.60065856
54.844778 2.60188788
54.945411 2.60310941
55.046043 2.60432315
55.146676 2.60552911
55.247309 2.60672728
55.347941 2.60791766
55.448574 2.60910025
55.549207 2.61027505
55.649839 2.61144207
55.750472 2.61260130
55.851104 2.61375274
55.951737 2.61489639
56.052370 2.61603225
56.153002 2.61716033
56.253635 2.61828062
56.354267 2.61939312
56.454900 2.62049783
56.555533 2.62159476
56.656165 2.62268389
56.756798 2.62376524
56.857431 2.62483880
56.958063 2.62590458
57.058696 2.62696256
57.159328 2.62801276
57.259961 2.62905517
57.360594 2.63008979
57.461226 2.63111663
57.561859 2.63213567
57.662492 2.63314693
57.763124 2.63415040
57.863757 2.63514608
57.964389 2.63613398
58.065022 2.63711409
58.165655 2.63808640
58.266287 2.63905094
58.366920 2.64000768
58.467553 2.64095663
58.568185 2.64189780
58.668818 2.64283118
58.769450 2.64375677
58.870083 2.64467458
58.970716 2.64558460
59.071348 2.64648682
59.171981 2.64738126
59.272613 2.64826792
59.373246 2.64914678
59.473879 2.65001786
59.574511 2.65088115
59.675144 2.65173665
59.775777 2.65258437
59.876409 2.65342429
59.977042 2.65425643
60.077674 2.65508078
60.178307 2.65589735
60.278940 2.65670612
60.379572 2.65750711
60.480205 2.65830031
60.580838 2.65908572
60.681470 2.65986334
60.782103 2.66063318
60.882735 2.66139523
60.983368 2.66214949
61.084001 2.66289596
61.184633 2.66363465
61.285266 2.66436555
61.385899 2.66508866
61.486531 2.66580398
61.587164 2.66651151
61.687796 2.66721126
61.788429 2.66790322
61.889062 2.66858739
61.989694 2.66926377
62.090327 2.66993237
62.190959 2.67059318
62.291592 2.67124620
62.392225 2.67189143
62.492857 2.67252888
62.593490 2.67315853
62.694123 2.67378040
62.794755 2.67439449
62.895388 2.67500078
62.996020 2.67559929
63.096653 2.67619000
63.197286 2.67677294
63.297918 2.67734808
63.398551 2.67791543
63.499184 2.67847500
63.599816 2.67902678
63.700449 2.67957078
63.801081 2.68010698
63.901714 2.68063540
64.002347 2.68115603
64.102979 2.68166887
64.203612 2.68217392
64.304245 2.68267119
64.404877 2.68316067
64.505510 2.68364236
64.606142 2.68411626
64.706775 2.68458238
64.807408 2.68504071
64.908040 2.68549125
65.008673 2.68593400
65.109305 2.68636896
65.209938 2.68679614
65.310571 2.68721553
65.411203 2.68762713
65.511836 2.68803095
65.612469 2.68842697
65.713101 2.68881521
65.813734 2.68919566
65.914366 2.68956833
66.014999 2.68993320
66.115632 2.69029029
66.216264 2.69063959
66.316897 2.69098111
66.417530 2.69131483
66.518162 2.69164077
66.618795 2.69195892
66.719427 2.69226928
66.820060 2.69257186
66.920693 2.69286664
67.021325 2.69315364
67.121958 2.69343285
67.222591 2.69370428
67.323223 2.69396791
67.423856 2.69422376
67.524488 2.69447182
67.625121 2.69471210
67.725754 2.69494458
67.826386 2.69516928
67.927019 2.69538619
68.027651 2.69559531
68.128284 2.69579665
68.228917 2.69599019
68.329549 2.69617595
68.430182 2.69635393
68.530815 2.69652411
68.631447 2.69668651
68.732080 2.69684111
68.832712 2.69698794
68.933345 2.69712697
69.033978 2.69725822
69.134610 2.69738167
69.235243 2.69749734
69.335876 2.69760523
69.436508 2.69770532
69.537141 2.69779763
69.637773 2.69788215
69.738406 2.69795887
69.839039 2.69802782
69.939671 2.69808964
70.040304 2.69815080
70.140937 2.69821195
70.241569 2.69827310
70.342202 2.69833426
70.442834 2.69839542
70.543467 2.69845658
70.644100 2.69851776
70.744732 2.69857889
