0.100633 1.92113146
0.201265 1.92113305
0.301898 1.92113135
0.402530 1.92113117
0.503163 1.92113119
0.603796 1.92113121
0.704428 1.92113123
0.805061 1.92113126
0.905694 1.92113128
1.006326 1.92113131
1.106959 1.92113135
1.207591 1.92113139
1.308224 1.92113143
1.408857 1.92113147
1.509489 1.92113153
1.610122 1.92113158
1.710755 1.92113164
1.811387 1.92113171
1.912020 1.92113178
2.012652 1.92113186
2.113285 1.92113195
2.213918 1.92113204
2.314550 1.92113215
2.415183 1.92113226
2.515816 1.92113237
2.616448 1.92113250
2.717081 1.92113264
2.817713 1.92113278
2.918346 1.92113293
3.018979 1.92113310
3.119611 1.92113327
3.220244 1.92113346
3.320876 1.92113365
3.421509 1.92113386
3.522142 1.92113408
3.622774 1.92113431
3.723407 1.92113455
3.824040 1.92113481
3.924672 1.92113508
4.025305 1.92113536
4.125937 1.92113565
4.226570 1.92113596
4.327203 1.92113629
4.427835 1.92113662
4.528468 1.92113698
4.629101 1.92113735
4.729733 1.92113773
4.830366 1.92113813
4.930998 1.92113855
5.031631 1.92113898
5.132264 1.92113944
5.232896 1.92113990
5.333529 1.92114039
5.434162 1.92114090
5.534794 1.92114142
5.635427 1.92114196
5.736059 1.92114252
5.836692 1.92114310
5.937325 1.92114370
6.037957 1.92114432
6.138590 1.92114496
6.239222 1.92114562
6.339855 1.92114631
6.440488 1.92114701
6.541120 1.92114774
6.641753 1.92114849
6.742386 1.92114926
6.843018 1.92115005
6.943651 1.92115087
7.044283 1.92115171
7.144916 1.92115258
7.245549 1.92115346
7.346181 1.92115438
7.446814 1.92115531
7.547447 1.92115628
7.648079 1.92115727
7.748712 1.92115828
7.849344 1.92115932
7.949977 1.92116039
8.050610 1.92116148
8.151242 1.92116260
8.251875 1.92116375
8.352508 1.92116493
8.453140 1.92116613
8.553773 1.92116737
8.654405 1.92116863
8.755038 1.92116992
8.855671 1.92117124
8.956303 1.92117259
9.056936 1.92117397
9.157568 1.92117538
9.258201 1.92117682
9.358834 1.92117829
9.459466 1.92117979
9.560099 1.92118132
9.660732 1.92118289
9.761364 1.92118449
9.861997 1.92118612
9.962629 1.92118778
10.063262 1.92118947
10.163895 1.92119120
10.264527 1.92119296
10.365160 1.92119476
10.465793 1.92119659
10.566425 1.92119845
10.667058 1.92120035
10.767690 1.92120228
10.868323 1.92120425
10.968956 1.92120626
11.069588 1.92120830
11.170221 1.92121037
11.270853 1.92121248
11.371486 1.92121463
11.472119 1.92121682
11.572751 1.92121904
11.673384 1.92122130
11.774017 1.92122359
11.874649 1.92122593
11.975282 1.92122830
12.075914 1.92123071
12.176547 1.92123315
12.277180 1.92123564
12.377812 1.92123816
12.478445 1.92124073
12.579078 1.92124333
12.679710 1.92124597
12.780343 1.92124865
12.880975 1.92125138
12.981608 1.92125413
13.082241 1.92125694
13.182873 1.92125978
13.283506 1.92126266
13.384139 1.92126558
13.484771 1.92126854
13.585404 1.92127155
13.686036 1.92127459
13.786669 1.92127768
13.887302 1.92128080
13.987934 1.92128397
14.088567 1.92128718
14.189199 1.92129043
14.289832 1.92129373
14.390465 1.92129706
14.491097 1.92130044
14.591730 1.92130385
14.692363 1.92130732
14.792995 1.92131082
14.893628 1.92131437
14.994260 1.92131795
15.094893 1.92132159
15.195526 1.92132526
15.296158 1.92132897
15.396791 1.92133273
15.497424 1.92133653
15.598056 1.92134037
15.698689 1.92134426
15.799321 1.92134818
15.899954 1.92135216
16.000587 1.92135616
16.101219 1.92136022
16.201852 1.92136431
16.302485 1.92136846
16.403117 1.92137263
16.503750 1.92137686
16.604382 1.92138111
16.705015 1.92138542
16.805648 1.92138976
16.906280 1.92139414
17.006913 1.92139856
17.107545 1.92140302
17.208178 1.92140751
17.308811 1.92141205
17.409443 1.92141661
17.510076 1.92142122
17.610709 1.92142585
17.711341 1.92143051
17.811974 1.92143520
17.912606 1.92143992
18.013239 1.92144465
18.113872 1.92144940
18.214504 1.92145416
18.315137 1.92145893
18.415770 1.92146369
18.516402 1.92146846
18.617035 1.92147319
18.717667 1.92147790
18.818300 1.92148256
18.918933 1.92148716
19.019565 1.92149168
19.120198 1.92149609
19.220831 1.92150037
19.321463 1.92150448
19.422096 1.92150837
19.522728 1.92151201
19.623361 1.92151532
19.723994 1.92151825
19.824626 1.92152068
19.925259 1.92152254
20.025891 1.92152367
20.126524 1.92152395
20.227157 1.92152315
20.327789 1.92152108
20.428422 1.92151744
20.529055 1.92151190
20.629687 1.92150402
20.730320 1.92149332
20.830952 1.92147914
20.931585 1.92146073
21.032218 1.92143712
21.132850 1.92140712
21.233483 1.92136924
21.334116 1.92132164
21.434748 1.92126200
21.535381 1.92118741
21.636013 1.92109417
21.736646 1.92097761
21.837279 1.92083175
21.937911 1.92064895
22.038544 1.92041935
22.139177 1.92013020
22.239809 1.91976488
22.340442 1.91930165
22.441074 1.91871187
22.541707 1.91795766
22.642340 1.91698858
22.742972 1.91573705
22.843605 1.91411227
22.944237 1.91199120
23.044870 1.90920678
23.145503 1.90553042
23.246135 1.90064892
23.346768 1.89412974
23.447401 1.88537546
23.548033 1.87355448
23.648666 1.85751001
23.749298 1.83562133
23.849931 1.80562020
23.950564 1.76431405
24.051196 1.70721500
24.151829 1.62799922
24.252462 1.51776598
24.353094 1.36405375
24.453727 1.14936322
24.554359 0.84961694
24.654992 0.43233654
24.755625 -0.13414727
24.856257 -0.81251288
24.956890 -1.35903430
25.057523 -1.49123963
25.158155 -1.39005052
25.258788 -1.49686012
25.359420 -2.05740428
25.460053 -3.16350588
25.560686 -4.86923252
25.661318 -7.16506400
25.761951 -9.80881229
25.862583 -12.10529628
25.963216 -13.09530814
26.063849 -12.37628128
26.164481 -10.52896839
26.265114 -8.46594199
26.365747 -6.74667017
26.466379 -5.56962660
26.567012 -5.00053904
26.667644 -5.08785264
26.768277 -5.87807232
26.868910 -7.36094565
26.969542 -9.31350929
27.070175 -11.07767740
27.170808 -11.68536661
27.271440 -10.64805631
27.372073 -8.48803174
27.472705 -6.15850883
27.573338 -4.28261852
27.673971 -3.06927743
27.774603 -2.54391678
27.875236 -2.69780775
27.975869 -3.53450128
28.076501 -5.05402946
28.177134 -7.16733333
28.277766 -9.48479264
28.378399 -11.15966572
28.479032 -11.32801850
28.579664 -9.95931726
28.680297 -7.89325287
28.780929 -6.00845101
28.881562 -4.73684686
28.982195 -4.18596478
29.082827 -4.35940826
29.183460 -5.25001704
29.284093 -6.84287476
29.384725 -9.06143222
29.485358 -11.59937127
29.585990 -13.70403967
29.686623 -14.38114421
29.787256 -13.22875732
29.887888 -10.87684439
29.988521 -8.32893620
30.089154 -6.22501695
30.189786 -4.78639100
30.290419 -4.05340874
30.391051 -4.02921734
30.491684 -4.71761884
30.592317 -6.10927413
30.692949 -8.07272036
30.793582 -10.12270322
30.894215 -11.34572950
30.994847 -10.97253219
31.095480 -9.16533900
31.196112 -6.83618813
31.296745 -4.78804232
31.397378 -3.36434867
31.498010 -2.63799550
31.598643 -2.60946012
31.699275 -3.27749299
31.799908 -4.64378916
31.900541 -6.64122322
32.001173 -8.93897605
32.101806 -10.75382952
32.202439 -11.16430413
32.303071 -9.96455104
32.403704 -7.90135683
32.504336 -5.90038648
32.604969 -4.46290408
32.705602 -3.73182798
32.806234 -3.72066323
32.906867 -4.42461982
33.007500 -5.84373415
33.108132 -7.93532011
33.208765 -10.46222798
33.309397 -12.76123477
33.410030 -13.82593123
33.510663 -13.07716850
33.611295 -10.97304185
33.711928 -8.49744092
33.812560 -6.35608706
33.913193 -4.82833861
34.013826 -3.98137051
34.114458 -3.82720580
34.215091 -4.37673093
34.315724 -5.62989095
34.416356 -7.49476828
34.516989 -9.57923184
34.617621 -11.03568050
34.718254 -10.99638657
34.818887 -9.42222497
34.919519 -7.14694295
35.020152 -5.05001368
35.120785 -3.56649119
35.221417 -2.80556553
35.322050 -2.77181248
35.422682 -3.46057084
35.523315 -4.85657189
35.623948 -6.85310427
35.724580 -9.04480896
35.825213 -10.57297577
35.925846 -10.56008233
36.026478 -8.95800164
36.127111 -6.58986915
36.227743 -4.31812476
36.328376 -2.55218786
36.429009 -1.36816710
36.529641 -0.72892720
36.630274 -0.56419047
36.730906 -0.69954295
36.831539 -0.73720887
36.932172 -0.34174605
37.032804 0.32168956
37.133437 0.94334407
37.234070 1.42599450
37.334702 1.78813651
37.435335 2.06039441
37.535967 2.26421568
37.636600 2.41598117
37.737233 2.52719749
37.837865 2.60400523
37.938498 2.65221239
38.039131 2.67641006
38.139763 2.68153550
38.240396 2.68285456
38.341028 2.68351359
38.441661 2.68399175
38.542294 2.68439502
38.642926 2.68476006
38.743559 2.68510332
38.844192 2.68543325
38.944824 2.68575460
39.045457 2.68607026
39.146089 2.68638204
39.246722 2.68669113
39.347355 2.68699837
39.447987 2.68730434
39.548620 2.68760953
39.649252 2.68791443
39.749885 2.68821971
39.850518 2.68852649
39.951150 2.68883703
40.051783 2.68915650
40.152416 2.68949912
40.253048 2.68991708
40.353681 2.69065509
40.454313 2.69261851
40.554946 2.69574560
40.655579 2.69947720
40.756211 2.70290930
40.856844 2.70465418
40.957477 2.70262222
41.058109 2.69367995
41.158742 2.67313210
41.259374 2.63413341
41.360007 2.56652241
41.460640 2.45660035
41.561272 2.29147828
41.661905 2.07352659
41.762538 1.84801443
41.863170 1.70662851
41.963803 1.72109539
42.064435 1.86883441
42.165068 2.05730869
42.265701 2.20736311
42.366333 2.28744619
42.466966 2.29568178
42.567598 2.23812823
42.668231 2.11954154
42.768864 1.94421707
42.869496 1.72500624
42.970129 1.50143825
43.070762 1.34522007
43.171394 1.30979441
43.272027 1.36335970
43.372659 1.40540065
43.473292 1.34118062
43.573925 1.12706372
43.674557 0.79692693
43.775190 0.49167080
43.875823 0.40689620
43.976455 0.62497861
44.077088 1.03230788
44.177720 1.44543918
44.278353 1.75558001
44.378986 1.94027984
44.479618 2.01266926
44.580251 1.98892496
44.680884 1.87768216
44.781516 1.67958629
44.882149 1.39078906
44.982781 1.01453373
45.083414 0.59288535
45.184047 0.23966811
45.284679 0.09424648
45.385312 0.19462453
45.485944 0.45940878
45.586577 0.79199666
45.687210 1.10266452
45.787842 1.34292620
45.888475 1.55703418
45.989108 1.79061975
46.089740 2.01379483
46.190373 2.19232084
46.291005 2.32520755
46.391638 2.42308110
46.492271 2.49556560
46.592903 2.54945800
46.693536 2.58947485
46.794169 2.61869183
46.894801 2.63910289
46.995434 2.65192610
47.096066 2.65774978
47.196699 2.65916414
47.297332 2.65978016
47.397964 2.66020901
47.498597 2.66057595
47.599230 2.66091549
47.699862 2.66124091
47.800495 2.66155844
47.901127 2.66187131
48.001760 2.66218135
48.102393 2.66248960
48.203025 2.66279670
48.303658 2.66310305
48.404290 2.66340891
48.504923 2.66371443
48.605556 2.66401973
48.706188 2.66432488
48.806821 2.66462991
48.907454 2.66493478
49.008086 2.66523851
49.108719 2.66554101
49.209351 2.66584231
49.309984 2.66614239
49.410617 2.66644128
49.511249 2.66673897
49.611882 2.66703547
49.712515 2.66733078
49.813147 2.66762490
49.913780 2.66791782
50.014412 2.66820956
50.115045 2.66850011
50.215678 2.66878947
50.316310 2.66907765
50.416943 2.66936464
50.517576 2.66965044
50.618208 2.66993505
50.718841 2.67021848
50.819473 2.67050072
50.920106 2.67078177
51.020739 2.67106164
51.121371 2.67134032
51.222004 2.67161781
51.322636 2.67189412
51.423269 2.67216924
51.523902 2.67244317
51.624534 2.67271592
51.725167 2.67298748
51.825800 2.67325785
51.926432 2.67352704
52.027065 2.67379504
52.127697 2.67406185
52.228330 2.67432748
52.328963 2.67459192
52.429595 2.67485518
52.530228 2.67511725
52.630861 2.67537813
52.731493 2.67563783
52.832126 2.67589634
52.932758 2.67615366
53.033391 2.67640980
53.134024 2.67666475
53.234656 2.67691852
53.335289 2.67717109
53.435921 2.67742249
53.536554 2.67767269
53.637187 2.67792171
53.737819 2.67816955
53.838452 2.67841620
53.939085 2.67866166
54.039717 2.67890593
54.140350 2.67914902
54.240982 2.67939093
54.341615 2.67963164
54.442248 2.67987117
54.542880 2.68010952
54.643513 2.68034668
54.744146 2.68058265
54.844778 2.68081744
54.945411 2.68105104
55.046043 2.68128345
55.146676 2.68151468
55.247309 2.68174473
55.347941 2.68197358
55.448574 2.68220125
55.549207 2.68242774
55.649839 2.68265304
55.750472 2.68287715
55.851104 2.68310008
55.951737 2.68332182
56.052370 2.68354238
56.153002 2.68376175
56.253635 2.68397993
56.354267 2.68419693
56.454900 2.68441274
56.555533 2.68462737
56.656165 2.68484081
56.756798 2.68505306
56.857431 2.68526413
56.958063 2.68547402
57.058696 2.68568271
57.159328 2.68589023
57.259961 2.68609655
57.360594 2.68630169
57.461226 2.68650565
57.561859 2.68670842
57.662492 2.68691000
57.763124 2.68711040
57.863757 2.68730961
57.964389 2.68750763
58.065022 2.68770447
58.165655 2.68790013
58.266287 2.68809460
58.366920 2.68828788
58.467553 2.68847998
58.568185 2.68867089
58.668818 2.68886061
58.769450 2.68904915
58.870083 2.68923651
58.970716 2.68942268
59.071348 2.68960766
59.171981 2.68979146
59.272613 2.68997407
59.373246 2.69015550
59.473879 2.69033574
59.574511 2.69051479
59.675144 2.69069266
59.775777 2.69086934
59.876409 2.69104484
59.977042 2.69121916
60.077674 2.69139228
60.178307 2.69156422
60.278940 2.69173498
60.379572 2.69190455
60.480205 2.69207293
60.580838 2.69224013
60.681470 2.69240614
60.782103 2.69257097
60.882735 2.69273461
60.983368 2.69289707
61.084001 2.69305834
61.184633 2.69321843
61.285266 2.69337733
61.385899 2.69353504
61.486531 2.69369157
61.587164 2.69384691
61.687796 2.69400107
61.788429 2.69415404
61.889062 2.69430582
61.989694 2.69445642
62.090327 2.69460584
62.190959 2.69475407
62.291592 2.69490111
62.392225 2.69504697
62.492857 2.69519164
62.593490 2.69533513
62.694123 2.69547743
62.794755 2.69561854
62.895388 2.69575847
62.996020 2.69589722
63.096653 2.69603477
63.197286 2.69617115
63.297918 2.69630633
63.398551 2.69644034
63.499184 2.69657315
63.599816 2.69670478
63.700449 2.69683522
63.801081 2.69696448
63.901714 2.69709256
64.002347 2.69721944
64.102979 2.69734515
64.203612 2.69746966
64.304245 2.69759299
64.404877 2.69771514
64.505510 2.69783610
64.606142 2.69795587
64.706775 2.69807446
64.807408 2.69819186
64.908040 2.69830807
65.008673 2.69842310
65.109305 2.69853695
65.209938 2.69864961
65.310571 2.69876108
65.411203 2.69887137
65.511836 2.69898047
65.612469 2.69908839
65.713101 2.69919512
65.813734 2.69930066
65.914366 2.69940502
66.014999 2.69950819
66.115632 2.69961018
66.216264 2.69971098
66.316897 2.69981060
66.417530 2.69990902
66.518162 2.70000627
66.618795 2.70010233
66.719427 2.70019720
66.820060 2.70029089
66.920693 2.70038339
67.021325 2.70047470
67.121958 2.70056483
67.222591 2.70065377
67.323223 2.70074153
67.423856 2.70082810
67.524488 2.70091349
67.625121 2.70099769
67.725754 2.70108070
67.826386 2.70116253
67.927019 2.70124317
68.027651 2.70132262
68.128284 2.70140089
68.228917 2.70147798
68.329549 2.70155388
68.430182 2.70162859
68.530815 2.70170212
68.631447 2.70177446
68.732080 2.70184561
68.832712 2.70191558
68.933345 2.70198436
69.033978 2.70205196
69.134610 2.70211837
69.235243 2.70218359
69.335876 2.70224763
69.436508 2.70231048
69.537141 2.70237215
69.637773 2.70243263
69.738406 2.70249192
69.839039 2.70255003
69.939671 2.70260705
70.040304 2.70266397
70.140937 2.70272090
70.241569 2.70277782
70.342202 2.70283474
70.442834 2.70289166
70.543467 2.70294859
70.644100 2.70300553
70.744732 2.70306243
