0.100633 1.92184541
0.201265 1.92184761
0.301898 1.92184532
0.402530 1.92184512
0.503163 1.92184519
0.603796 1.92184525
0.704428 1.92184532
0.805061 1.92184539
0.905694 1.92184545
1.006326 1.92184552
1.106959 1.92184558
1.207591 1.92184565
1.308224 1.92184571
1.408857 1.92184577
1.509489 1.92184584
1.610122 1.92184590
1.710755 1.92184596
1.811387 1.92184602
1.912020 1.92184608
2.012652 1.92184614
2.113285 1.92184620
2.213918 1.92184626
2.314550 1.92184631
2.415183 1.92184637
2.515816 1.92184642
2.616448 1.92184648
2.717081 1.92184653
2.817713 1.92184658
2.918346 1.92184663
3.018979 1.92184668
3.119611 1.92184673
3.220244 1.92184677
3.320876 1.92184682
3.421509 1.92184686
3.522142 1.92184690
3.622774 1.92184694
3.723407 1.92184697
3.824040 1.92184701
3.924672 1.92184704
4.025305 1.92184708
4.125937 1.92184710
4.226570 1.92184713
4.327203 1.92184715
4.427835 1.92184718
4.528468 1.92184720
4.629101 1.92184721
4.729733 1.92184723
4.830366 1.92184724
4.930998 1.92184725
5.031631 1.92184726
5.132264 1.92184726
5.232896 1.92184726
5.333529 1.92184725
5.434162 1.92184725
5.534794 1.92184723
5.635427 1.92184722
5.736059 1.92184720
5.836692 1.92184718
5.937325 1.92184715
6.037957 1.92184712
6.138590 1.92184709
6.239222 1.92184705
6.339855 1.92184700
6.440488 1.92184696
6.541120 1.92184690
6.641753 1.92184685
6.742386 1.92184678
6.843018 1.92184671
6.943651 1.92184664
7.044283 1.92184656
7.144916 1.92184647
7.245549 1.92184638
7.346181 1.92184628
7.446814 1.92184618
7.547447 1.92184607
7.648079 1.92184595
7.748712 1.92184582
7.849344 1.92184569
7.949977 1.92184555
8.050610 1.92184541
8.151242 1.92184525
8.251875 1.92184509
8.352508 1.92184492
8.453140 1.92184474
8.553773 1.92184456
8.654405 1.92184436
8.755038 1.92184415
8.855671 1.92184394
8.956303 1.92184372
9.056936 1.92184348
9.157568 1.92184324
9.258201 1.92184299
9.358834 1.92184272
9.459466 1.92184245
9.560099 1.92184216
9.660732 1.92184186
9.761364 1.92184155
9.861997 1.92184123
9.962629 1.92184090
10.063262 1.92184056
10.163895 1.92184019
10.264527 1.92183983
10.365160 1.92183944
10.465793 1.92183904
10.566425 1.92183863
10.667058 1.92183820
10.767690 1.92183776
10.868323 1.92183731
10.968956 1.92183683
11.069588 1.92183635
11.170221 1.92183584
11.270853 1.92183533
11.371486 1.92183479
11.472119 1.92183424
11.572751 1.92183367
11.673384 1.92183308
11.774017 1.92183248
11.874649 1.92183185
11.975282 1.92183121
12.075914 1.92183055
12.176547 1.92182987
12.277180 1.92182917
12.377812 1.92182845
12.478445 1.92182771
12.579078 1.92182694
12.679710 1.92182616
12.780343 1.92182535
12.880975 1.92182453
12.981608 1.92182368
13.082241 1.92182281
13.182873 1.92182191
13.283506 1.92182099
13.384139 1.92182004
13.484771 1.92181908
13.585404 1.92181808
13.686036 1.92181706
13.786669 1.92181602
13.887302 1.92181495
13.987934 1.92181385
14.088567 1.92181272
14.189199 1.92181157
14.289832 1.92181039
14.390465 1.92180918
14.491097 1.92180794
14.591730 1.92180667
14.692363 1.92180538
14.792995 1.92180405
14.893628 1.92180270
14.994260 1.92180130
15.094893 1.92179989
15.195526 1.92179843
15.296158 1.92179695
15.396791 1.92179543
15.497424 1.92179389
15.598056 1.92179230
15.698689 1.92179068
15.799321 1.92178903
15.899954 1.92178734
16.000587 1.92178562
16.101219 1.92178386
16.201852 1.92178206
16.302485 1.92178023
16.403117 1.92177835
16.503750 1.92177644
16.604382 1.92177449
16.705015 1.92177250
16.805648 1.92177046
16.906280 1.92176839
17.006913 1.92176627
17.107545 1.92176411
17.208178 1.92176190
17.308811 1.92175965
17.409443 1.92175734
17.510076 1.92175499
17.610709 1.92175258
17.711341 1.92175012
17.811974 1.92174760
17.912606 1.92174502
18.013239 1.92174237
18.113872 1.92173966
18.214504 1.92173687
18.315137 1.92173400
18.415770 1.92173104
18.516402 1.92172799
18.617035 1.92172483
18.717667 1.92172155
18.818300 1.92171814
18.918933 1.92171458
19.019565 1.92171085
19.120198 1.92170692
19.220831 1.92170278
19.321463 1.92169837
19.422096 1.92169367
19.522728 1.92168862
19.623361 1.92168316
19.723994 1.92167723
19.824626 1.92167072
19.925259 1.92166355
20.025891 1.92165558
20.126524 1.92164667
20.227157 1.92163661
20.327789 1.92162519
20.428422 1.92161213
20.529055 1.92159710
20.629687 1.92157968
20.730320 1.92155937
20.830952 1.92153555
20.931585 1.92150745
21.032218 1.92147412
21.132850 1.92143439
21.233483 1.92138679
21.334116 1.92132951
21.434748 1.92126024
21.535381 1.92117611
21.636013 1.92107348
21.736646 1.92094773
21.837279 1.92079294
21.937911 1.92060158
22.038544 1.92036389
22.139177 1.92006726
22.239809 1.91969526
22.340442 1.91922638
22.441074 1.91863231
22.541707 1.91787552
22.642340 1.91690612
22.742972 1.91565719
22.843605 1.91403883
22.944237 1.91192916
23.044870 1.90916274
23.145503 1.90551310
23.246135 1.90066995
23.346768 1.89420471
23.447401 1.88552541
23.548033 1.87380794
23.648666 1.85790598
23.749298 1.83621329
23.849931 1.80648207
23.950564 1.76554817
24.051196 1.70896394
24.151829 1.63046153
24.252462 1.52121918
24.353094 1.36888336
24.453727 1.15610667
24.554359 0.85901216
24.654992 0.44532250
24.755625 -0.11702987
24.856257 -0.79407688
24.956890 -1.34765580
25.057523 -1.48960088
25.158155 -1.38758511
25.258788 -1.48400922
25.359420 -2.03029670
25.460053 -3.12017267
25.560686 -4.80847818
25.661318 -7.08907347
25.761951 -9.73002933
25.862583 -12.05007098
25.963216 -13.08790204
26.063849 -12.41411478
26.164481 -10.58678321
26.265114 -8.52113274
26.365747 -6.78906847
26.466379 -5.59558888
26.567012 -5.00749940
26.667644 -5.07313816
26.768277 -5.83973373
26.868910 -7.30096818
26.969542 -9.24577047
27.070175 -11.03359534
27.170808 -11.69668265
27.271440 -10.71450925
27.372073 -8.57783473
27.472705 -6.24074820
27.573338 -4.34368143
27.673971 -3.10673417
27.774603 -2.55849624
27.875236 -2.69033500
27.975869 -3.50538759
28.076501 -5.00433341
28.177134 -7.10293846
28.277766 -9.42349361
28.378399 -11.12977562
28.479032 -11.34623636
28.579664 -10.01247318
28.680297 -7.95375503
28.780929 -6.05797809
28.881562 -4.76961979
28.982195 -4.20172451
29.082827 -4.35905764
29.183460 -5.23443564
29.284093 -6.81321804
29.384725 -9.02104197
29.485358 -11.55789941
29.585990 -13.67950290
29.686623 -14.38960047
29.787256 -13.26810230
29.887888 -10.92939533
29.988521 -8.37858010
30.089154 -6.26451429
30.189786 -4.81396091
30.290419 -4.06896301
30.391051 -4.03287856
30.491684 -4.70950422
30.592317 -6.09022240
30.692949 -8.04669944
30.793582 -10.10023456
30.894215 -11.34129998
30.994847 -10.99220325
31.095480 -9.20043023
31.196112 -6.87344355
31.296745 -4.81981703
31.397378 -3.38856053
31.498010 -2.65467469
31.598643 -2.61892845
31.699275 -3.27994406
31.799908 -4.63951396
31.900541 -6.63192256
32.001173 -8.93046772
32.101806 -10.75636979
32.202439 -11.18477976
32.303071 -9.99798210
32.403704 -7.93520405
32.504336 -5.92443633
32.604969 -4.47176421
32.705602 -3.72230746
32.806234 -3.68977379
32.906867 -4.36925644
33.007500 -5.76167631
33.108132 -7.82906851
33.208765 -10.34821018
33.309397 -12.67676758
33.410030 -13.81051483
33.510663 -13.13406230
33.611295 -11.06597961
33.711928 -8.58715917
33.812560 -6.42221882
33.913193 -4.86506703
34.013826 -3.98876596
34.114458 -3.80704962
34.215091 -4.33095705
34.315724 -5.55995033
34.416356 -7.40189391
34.516989 -9.46529851
34.617621 -10.90255042
34.718254 -10.84235611
34.818887 -9.24010825
34.919519 -6.92740203
35.020152 -4.78528866
35.120785 -3.25095243
35.221417 -2.43544091
35.322050 -2.34626167
35.422682 -2.98391263
35.523315 -4.33999105
35.623948 -6.31265701
35.724580 -8.49439976
35.825213 -10.02084212
35.925846 -10.01816491
36.026478 -8.44941630
36.127111 -6.13772060
36.227743 -3.93299436
36.328376 -2.23357825
36.429009 -1.11116365
36.529641 -0.52778913
36.630274 -0.41181584
36.730906 -0.58181756
36.831539 -0.63336716
36.932172 -0.24718798
37.032804 0.39418248
37.133437 0.98694401
37.234070 1.44159343
37.334702 1.77854644
37.435335 2.02933697
37.535967 2.21723380
37.636600 2.35809164
37.737233 2.46119496
37.837865 2.53193131
37.938498 2.57578666
38.039131 2.59701429
38.139763 2.60035652
38.240396 2.59957965
38.341028 2.59478530
38.441661 2.58540365
38.542294 2.57145439
38.642926 2.55296884
38.743559 2.52995476
38.844192 2.50240977
38.944824 2.47032977
39.045457 2.43371442
39.146089 2.39252493
39.246722 2.34671174
39.347355 2.29619033
39.447987 2.24095903
39.548620 2.18136055
39.649252 2.11878369
39.749885 2.05657579
39.850518 2.00076662
39.951150 1.95968229
40.051783 1.94173692
40.152416 1.95206584
40.253048 1.99005444
40.353681 2.04955754
40.454313 2.12161746
40.554946 2.19768905
40.655579 2.27146864
40.756211 2.33893657
40.856844 2.39740935
40.957477 2.44447256
41.058109 2.47709850
41.158742 2.49097652
41.259374 2.47996508
41.360007 2.43488127
41.460640 2.34319343
41.561272 2.19287770
41.661905 1.98628956
41.762538 1.76751736
41.863170 1.62756581
41.963803 1.64059695
42.064435 1.78809801
42.165068 1.97915229
42.265701 2.13360196
42.366333 2.21879335
42.466966 2.23266799
42.567598 2.18158982
42.668231 2.07055294
42.768864 1.90334091
42.869496 1.69007141
42.970129 1.46437208
43.070762 1.29368026
43.171394 1.23736932
43.272027 1.27549814
43.372659 1.31108070
43.473292 1.24422558
43.573925 1.02855372
43.674557 0.70330652
43.775190 0.41756804
43.875823 0.36477402
43.976455 0.61165124
44.077088 1.03226589
44.177720 1.44552229
44.278353 1.75122724
44.378986 1.93224750
44.479618 2.00305483
44.580251 1.97961215
44.680884 1.87014372
44.781516 1.67492706
44.882149 1.38973188
44.982781 1.01709038
45.083414 0.59763313
45.184047 0.24355539
45.284679 0.09458265
45.385312 0.19199219
45.485944 0.45740885
45.586577 0.79300526
45.687210 1.10672572
45.787842 1.35338972
45.888475 1.57968378
45.989108 1.82392129
46.089740 2.05198051
46.190373 2.23313467
46.291005 2.36879807
46.391638 2.46992592
46.492271 2.54599283
46.592903 2.60360264
46.693536 2.64730041
46.794169 2.68000622
46.894801 2.70357750
46.995434 2.71909528
47.096066 2.72699301
47.196699 2.73025087
47.297332 2.73272775
47.397964 2.73500095
47.498597 2.73719990
47.599230 2.73936354
47.699862 2.74150794
47.800495 2.74364108
47.901127 2.74576729
48.001760 2.74788913
48.102393 2.75000812
48.203025 2.75212523
48.303658 2.75424108
48.404290 2.75635606
48.504923 2.75847045
48.605556 2.76058444
48.706188 2.76269813
48.806821 2.76481162
48.907454 2.76692411
49.008086 2.76902750
49.108719 2.77112095
49.209351 2.77320450
49.309984 2.77527815
49.410617 2.77734192
49.511249 2.77939582
49.611882 2.78143985
49.712515 2.78347402
49.813147 2.78549833
49.913780 2.78751278
50.014412 2.78951738
50.115045 2.79151212
50.215678 2.79349700
50.316310 2.79547204
50.416943 2.79743722
50.517576 2.79939255
50.618208 2.80133804
50.718841 2.80327366
50.819473 2.80519944
50.920106 2.80711537
51.020739 2.80902145
51.121371 2.81091768
51.222004 2.81280406
51.322636 2.81468058
51.423269 2.81654726
51.523902 2.81840409
51.624534 2.82025107
51.725167 2.82208820
51.825800 2.82391547
51.926432 2.82573290
52.027065 2.82754048
52.127697 2.82933821
52.228330 2.83112609
52.328963 2.83290411
52.429595 2.83467229
52.530228 2.83643062
52.630861 2.83817910
52.731493 2.83991772
52.832126 2.84164650
52.932758 2.84336543
53.033391 2.84507451
53.134024 2.84677374
53.234656 2.84846312
53.335289 2.85014264
53.435921 2.85181232
53.536554 2.85347215
53.637187 2.85512213
53.737819 2.85676225
53.838452 2.85839253
53.939085 2.86001296
54.039717 2.86162354
54.140350 2.86322426
54.240982 2.86481514
54.341615 2.86639617
54.442248 2.86796734
54.542880 2.86952867
54.643513 2.87108015
54.744146 2.87262177
54.844778 2.87415355
54.945411 2.87567548
55.046043 2.87718755
55.146676 2.87868978
55.247309 2.88018215
55.347941 2.88166468
55.448574 2.88313735
55.549207 2.88460018
55.649839 2.88605315
55.750472 2.88749627
55.851104 2.88892955
55.951737 2.89035297
56.052370 2.89176654
56.153002 2.89317027
56.253635 2.89456414
56.354267 2.89594816
56.454900 2.89732233
56.555533 2.89868666
56.656165 2.90004113
56.756798 2.90138575
56.857431 2.90272052
56.958063 2.90404544
57.058696 2.90536051
57.159328 2.90666573
57.259961 2.90796110
57.360594 2.90924662
57.461226 2.91052229
57.561859 2.91178811
57.662492 2.91304407
57.763124 2.91429019
57.863757 2.91552646
57.964389 2.91675288
58.065022 2.91796944
58.165655 2.91917616
58.266287 2.92037303
58.366920 2.92156004
58.467553 2.92273721
58.568185 2.92390452
58.668818 2.92506199
58.769450 2.92620960
58.870083 2.92734736
58.970716 2.92847528
59.071348 2.92959334
59.171981 2.93070155
59.272613 2.93179991
59.373246 2.93288843
59.473879 2.93396709
59.574511 2.93503590
59.675144 2.93609486
59.775777 2.93714397
59.876409 2.93818323
59.977042 2.93921264
60.077674 2.94023220
60.178307 2.94124191
60.278940 2.94224176
60.379572 2.94323177
60.480205 2.94421193
60.580838 2.94518224
60.681470 2.94614269
60.782103 2.94709330
60.882735 2.94803405
60.983368 2.94896496
61.084001 2.94988602
61.184633 2.95079722
61.285266 2.95169857
61.385899 2.95259008
61.486531 2.95347173
61.587164 2.95434353
61.687796 2.95520549
61.788429 2.95605759
61.889062 2.95689984
61.989694 2.95773224
62.090327 2.95855479
62.190959 2.95936750
62.291592 2.96017035
62.392225 2.96096335
62.492857 2.96174650
62.593490 2.96251979
62.694123 2.96328324
62.794755 2.96403684
62.895388 2.96478059
62.996020 2.96551449
63.096653 2.96623854
63.197286 2.96695273
63.297918 2.96765708
63.398551 2.96835158
63.499184 2.96903622
63.599816 2.96971102
63.700449 2.97037596
63.801081 2.97103106
63.901714 2.97167630
64.002347 2.97231170
64.102979 2.97293724
64.203612 2.97355293
64.304245 2.97415878
64.404877 2.97475477
64.505510 2.97534091
64.606142 2.97591720
64.706775 2.97648365
64.807408 2.97704024
64.908040 2.97758698
65.008673 2.97812387
65.109305 2.97865091
65.209938 2.97916810
65.310571 2.97967544
65.411203 2.98017293
65.511836 2.98066057
65.612469 2.98113836
65.713101 2.98160630
65.813734 2.98206439
65.914366 2.98251262
66.014999 2.98295101
66.115632 2.98337955
66.216264 2.98379824
66.316897 2.98420707
66.417530 2.98460606
66.518162 2.98499520
66.618795 2.98537448
66.719427 2.98574392
66.820060 2.98610351
66.920693 2.98645324
67.021325 2.98679313
67.121958 2.98712316
67.222591 2.98744335
67.323223 2.98775368
67.423856 2.98805416
67.524488 2.98834480
67.625121 2.98862558
67.725754 2.98889651
67.826386 2.98915760
67.927019 2.98940883
68.027651 2.98965021
68.128284 2.98988175
68.228917 2.99010343
68.329549 2.99031526
68.430182 2.99051724
68.530815 2.99070937
68.631447 2.99089166
68.732080 2.99106409
68.832712 2.99122667
68.933345 2.99137940
69.033978 2.99152228
69.134610 2.99165531
69.235243 2.99177849
69.335876 2.99189182
69.436508 2.99199530
69.537141 2.99208893
69.637773 2.99217271
69.738406 2.99224663
69.839039 2.99231071
69.939671 2.99236578
70.040304 2.99242000
70.140937 2.99247423
70.241569 2.99252845
70.342202 2.99258268
70.442834 2.99263691
70.543467 2.99269114
70.644100 2.99274538
70.744732 2.99279960
