0.100633 1.92365413
0.201265 1.92365551
0.301898 1.92365403
0.402530 1.92365389
0.503163 1.92365391
0.603796 1.92365393
0.704428 1.92365395
0.805061 1.92365398
0.905694 1.92365399
1.006326 1.92365401
1.106959 1.92365403
1.207591 1.92365404
1.308224 1.92365406
1.408857 1.92365407
1.509489 1.92365407
1.610122 1.92365408
1.710755 1.92365408
1.811387 1.92365408
1.912020 1.92365408
2.012652 1.92365407
2.113285 1.92365406
2.213918 1.92365405
2.314550 1.92365403
2.415183 1.92365401
2.515816 1.92365398
2.616448 1.92365395
2.717081 1.92365392
2.817713 1.92365388
2.918346 1.92365383
3.018979 1.92365379
3.119611 1.92365373
3.220244 1.92365367
3.320876 1.92365360
3.421509 1.92365353
3.522142 1.92365345
3.622774 1.92365337
3.723407 1.92365327
3.824040 1.92365318
3.924672 1.92365307
4.025305 1.92365296
4.125937 1.92365283
4.226570 1.92365270
4.327203 1.92365256
4.427835 1.92365242
4.528468 1.92365226
4.629101 1.92365210
4.729733 1.92365193
4.830366 1.92365175
4.930998 1.92365155
5.031631 1.92365135
5.132264 1.92365113
5.232896 1.92365091
5.333529 1.92365068
5.434162 1.92365043
5.534794 1.92365017
5.635427 1.92364991
5.736059 1.92364962
5.836692 1.92364933
5.937325 1.92364902
6.037957 1.92364870
6.138590 1.92364836
6.239222 1.92364802
6.339855 1.92364765
6.440488 1.92364728
6.541120 1.92364688
6.641753 1.92364648
6.742386 1.92364605
6.843018 1.92364561
6.943651 1.92364515
7.044283 1.92364468
7.144916 1.92364419
7.245549 1.92364369
7.346181 1.92364315
7.446814 1.92364261
7.547447 1.92364205
7.648079 1.92364147
7.748712 1.92364086
7.849344 1.92364024
7.949977 1.92363959
8.050610 1.92363893
8.151242 1.92363824
8.251875 1.92363753
8.352508 1.92363679
8.453140 1.92363604
8.553773 1.92363526
8.654405 1.92363446
8.755038 1.92363363
8.855671 1.92363278
8.956303 1.92363190
9.056936 1.92363099
9.157568 1.92363006
9.258201 1.92362910
9.358834 1.92362811
9.459466 1.92362710
9.560099 1.92362605
9.660732 1.92362498
9.761364 1.92362387
9.861997 1.92362274
9.962629 1.92362157
10.063262 1.92362038
10.163895 1.92361914
10.264527 1.92361789
10.365160 1.92361658
10.465793 1.92361526
10.566425 1.92361388
10.667058 1.92361249
10.767690 1.92361104
10.868323 1.92360957
10.968956 1.92360806
11.069588 1.92360651
11.170221 1.92360492
11.270853 1.92360329
11.371486 1.92360162
11.472119 1.92359991
11.572751 1.92359816
11.673384 1.92359637
11.774017 1.92359452
11.874649 1.92359265
11.975282 1.92359072
12.075914 1.92358875
12.176547 1.92358673
12.277180 1.92358467
12.377812 1.92358256
12.478445 1.92358041
12.579078 1.92357819
12.679710 1.92357594
12.780343 1.92357363
12.880975 1.92357128
12.981608 1.92356886
13.082241 1.92356640
13.182873 1.92356388
13.283506 1.92356132
13.384139 1.92355869
13.484771 1.92355601
13.585404 1.92355327
13.686036 1.92355048
13.786669 1.92354762
13.887302 1.92354471
13.987934 1.92354174
14.088567 1.92353871
14.189199 1.92353561
14.289832 1.92353246
14.390465 1.92352923
14.491097 1.92352595
14.591730 1.92352260
14.692363 1.92351919
14.792995 1.92351571
14.893628 1.92351216
14.994260 1.92350854
15.094893 1.92350486
15.195526 1.92350110
15.296158 1.92349728
15.396791 1.92349338
15.497424 1.92348941
15.598056 1.92348537
15.698689 1.92348125
15.799321 1.92347706
15.899954 1.92347279
16.000587 1.92346844
16.101219 1.92346402
16.201852 1.92345951
16.302485 1.92345493
16.403117 1.92345026
16.503750 1.92344552
16.604382 1.92344068
16.705015 1.92343577
16.805648 1.92343077
16.906280 1.92342568
17.006913 1.92342050
17.107545 1.92341523
17.208178 1.92340987
17.308811 1.92340442
17.409443 1.92339887
17.510076 1.92339323
17.610709 1.92338748
17.711341 1.92338163
17.811974 1.92337567
17.912606 1.92336960
18.013239 1.92336342
18.113872 1.92335712
18.214504 1.92335069
18.315137 1.92334414
18.415770 1.92333744
18.516402 1.92333060
18.617035 1.92332359
18.717667 1.92331642
18.818300 1.92330906
18.918933 1.92330150
19.019565 1.92329372
19.120198 1.92328569
19.220831 1.92327738
19.321463 1.92326876
19.422096 1.92325979
19.522728 1.92325040
19.623361 1.92324056
19.723994 1.92323018
19.824626 1.92321918
19.925259 1.92320743
20.025891 1.92319484
20.126524 1.92318122
20.227157 1.92316641
20.327789 1.92315016
20.428422 1.92313220
20.529055 1.92311219
20.629687 1.92308971
20.730320 1.92306424
20.830952 1.92303517
20.931585 1.92300171
21.032218 1.92296291
21.132850 1.92291756
21.233483 1.92286420
21.334116 1.92280097
21.434748 1.92272556
21.535381 1.92263503
21.636013 1.92252571
21.736646 1.92239290
21.837279 1.92223064
21.937911 1.92203125
22.038544 1.92178490
22.139177 1.92147877
22.239809 1.92109625
22.340442 1.92061552
22.441074 1.92000795
22.541707 1.91923549
22.642340 1.91824765
22.742972 1.91697666
22.843605 1.91533149
22.944237 1.91318874
23.044870 1.91038093
23.145503 1.90667873
23.246135 1.90176806
23.346768 1.89521499
23.447401 1.88642024
23.548033 1.87454951
23.648666 1.85844229
23.749298 1.83647246
23.849931 1.80636439
23.950564 1.76491491
24.051196 1.70762148
24.151829 1.62813973
24.252462 1.51754074
24.353094 1.36332475
24.453727 1.14794064
24.554359 0.84724456
24.654992 0.42870621
24.755625 -0.13910614
24.856257 -0.81728788
24.956890 -1.35958889
25.057523 -1.48606923
25.158155 -1.38328155
25.258788 -1.49196897
25.359420 -2.05528472
25.460053 -3.16418554
25.560686 -4.87257927
25.661318 -7.17058515
25.761951 -9.81487697
25.862583 -12.10873878
25.963216 -13.09330562
26.063849 -12.36914643
26.164481 -10.51950260
26.265114 -8.45640044
26.365747 -6.73762016
26.466379 -5.56066467
26.567012 -4.99099173
26.667644 -5.07702091
26.768277 -5.86535780
26.868910 -7.34632908
26.969542 -9.29878372
27.070175 -11.06731428
27.170808 -11.68390289
27.271440 -10.65526727
27.372073 -8.49908348
27.472705 -6.16880661
27.573338 -4.29018425
27.673971 -3.07379027
27.774603 -2.54551441
27.875236 -2.69663494
27.975869 -3.53063172
28.076501 -5.04760546
28.177134 -7.15911698
28.277766 -9.47708824
28.378399 -11.15609678
28.479032 -11.33063599
28.579664 -9.96627416
28.680297 -7.90086320
28.780929 -6.01425003
28.881562 -4.73998673
28.982195 -4.18630633
29.082827 -4.35697229
29.183460 -5.24485117
29.284093 -6.83513377
29.384725 -9.05173384
29.485358 -11.58954059
29.585990 -13.69743670
29.686623 -14.38067672
29.787256 -13.23384783
29.887888 -10.88393697
29.988521 -8.33469790
30.089154 -6.22769444
30.189786 -4.78518283
30.290419 -4.04776350
30.391051 -4.01855347
30.491684 -4.70136584
30.592317 -6.08742295
30.692949 -8.04758286
30.793582 -10.10139684
30.894215 -11.33822134
30.994847 -10.98253880
31.095480 -9.18579149
31.196112 -6.85676077
31.296745 -4.80257244
31.397378 -3.37072505
31.498010 -2.63558964
31.598643 -2.59774318
31.699275 -3.25577729
31.799908 -4.61176995
31.900541 -6.60113638
32.001173 -8.90004200
32.101806 -10.73298922
32.202439 -11.17400310
32.303071 -9.99914549
32.403704 -7.94374712
32.504336 -5.93774247
32.604969 -4.49074590
32.705602 -3.74989325
32.806234 -3.72961160
32.906867 -4.42495884
33.007500 -5.83572152
33.108132 -7.91977230
33.208765 -10.44309176
33.309397 -12.74790735
33.410030 -13.82845118
33.510663 -13.09573918
33.611295 -10.99766387
33.711928 -8.51864059
33.812560 -6.37057047
33.913193 -4.83664640
34.013826 -3.98489050
34.114458 -3.82707107
34.215091 -4.37372601
34.315724 -5.62468143
34.416356 -7.48849344
34.516989 -9.57440111
34.617621 -11.03600265
34.718254 -11.00409881
34.818887 -9.43590637
34.919519 -7.16341940
35.020152 -5.06725764
35.120785 -3.58401045
35.221417 -2.82348601
35.322050 -2.79023923
35.422682 -3.47934251
35.523315 -4.87517599
35.623948 -6.87071807
35.724580 -9.06032600
35.825213 -10.58529595
35.925846 -10.56933936
36.026478 -8.96631158
36.127111 -6.59998452
36.227743 -4.33177231
36.328376 -2.56991489
36.429009 -1.38994523
36.529641 -0.75456329
36.630274 -0.59342658
36.730906 -0.73187602
36.831539 -0.77186938
36.932172 -0.37863368
37.032804 0.28189258
37.133437 0.90019122
37.234070 1.37941620
37.334702 1.73818020
37.435335 2.00708410
37.535967 2.20779325
37.636600 2.35705927
37.737233 2.46637070
37.837865 2.54177130
37.938498 2.58899705
38.039131 2.61258883
38.139763 2.61743359
38.240396 2.61856930
38.341028 2.61906547
38.441661 2.61938862
38.542294 2.61964089
38.642926 2.61985717
38.743559 2.62005298
38.844192 2.62023623
38.944824 2.62041139
39.045457 2.62058114
39.146089 2.62074719
39.246722 2.62091066
39.347355 2.62107234
39.447987 2.62123277
39.548620 2.62139242
39.649252 2.62155176
39.749885 2.62171141
39.850518 2.62187249
39.951150 2.62203721
40.051783 2.62221077
40.152416 2.62240759
40.253048 2.62268143
40.353681 2.62328958
40.454313 2.62512945
40.554946 2.62811753
40.655579 2.63168734
40.756211 2.63492624
40.856844 2.63643348
40.957477 2.63410009
41.058109 2.62476394
41.158742 2.60368417
41.259374 2.56395369
41.360007 2.49532527
41.460640 2.38402839
41.561272 2.21731614
41.661905 1.99828006
41.762538 1.77347644
41.863170 1.63515419
41.963803 1.65342109
42.064435 1.80323821
42.165068 1.99142337
42.265701 2.13989906
42.366333 2.21817369
42.466966 2.22476569
42.567598 2.16576154
42.668231 2.04587029
42.768864 1.86941030
42.869496 1.64951646
42.970129 1.42633797
43.070762 1.27188502
43.171394 1.23861886
43.272027 1.29317102
43.372659 1.33456010
43.473292 1.26867602
43.573925 1.05273772
43.674557 0.72162834
43.775190 0.41720933
43.875823 0.33484690
43.976455 0.55516828
44.077088 0.96313258
44.177720 1.37548517
44.278353 1.68435748
44.378986 1.86788244
44.479618 1.93932992
44.580251 1.91483933
44.680884 1.80298765
44.781516 1.60437083
44.882149 1.31510409
44.982781 0.93840478
45.083414 0.51633185
45.184047 0.16270721
45.284679 0.01689585
45.385312 0.11702780
45.485944 0.38200137
45.586577 0.71500038
45.687210 1.02570230
45.787842 1.26578973
45.888475 1.47987129
45.989108 1.71340721
46.089740 1.93635571
46.190373 2.11458877
46.291005 2.24719401
46.391638 2.34480612
46.492271 2.41704540
46.592903 2.47070338
46.693536 2.51049540
46.794169 2.53949686
46.894801 2.55970621
46.995434 2.57234098
47.096066 2.57798915
47.196699 2.57924586
47.297332 2.57971200
47.397964 2.57999306
47.498597 2.58021316
47.599230 2.58040645
47.699862 2.58058600
47.800495 2.58075791
47.901127 2.58092535
48.001760 2.58109007
48.102393 2.58125308
48.203025 2.58141501
48.303658 2.58157623
48.404290 2.58173698
48.504923 2.58189742
48.605556 2.58205766
48.706188 2.58221775
48.806821 2.58237775
48.907454 2.58253764
49.008086 2.58269705
49.108719 2.58285593
49.209351 2.58301432
49.309984 2.58317220
49.410617 2.58332959
49.511249 2.58348649
49.611882 2.58364290
49.712515 2.58379883
49.813147 2.58395427
49.913780 2.58410922
50.014412 2.58426370
50.115045 2.58441768
50.215678 2.58457119
50.316310 2.58472421
50.416943 2.58487675
50.517576 2.58502880
50.618208 2.58518037
50.718841 2.58533146
50.819473 2.58548207
50.920106 2.58563219
51.020739 2.58578183
51.121371 2.58593099
51.222004 2.58607967
51.322636 2.58622786
51.423269 2.58637557
51.523902 2.58652279
51.624534 2.58666954
51.725167 2.58681580
51.825800 2.58696158
51.926432 2.58710687
52.027065 2.58725169
52.127697 2.58739601
52.228330 2.58753986
52.328963 2.58768322
52.429595 2.58782610
52.530228 2.58796850
52.630861 2.58811042
52.731493 2.58825185
52.832126 2.58839280
52.932758 2.58853326
53.033391 2.58867324
53.134024 2.58881274
53.234656 2.58895176
53.335289 2.58909029
53.435921 2.58922834
53.536554 2.58936591
53.637187 2.58950299
53.737819 2.58963959
53.838452 2.58977571
53.939085 2.58991135
54.039717 2.59004650
54.140350 2.59018117
54.240982 2.59031535
54.341615 2.59044905
54.442248 2.59058227
54.542880 2.59071501
54.643513 2.59084726
54.744146 2.59097903
54.844778 2.59111032
54.945411 2.59124112
55.046043 2.59137144
55.146676 2.59150127
55.247309 2.59163063
55.347941 2.59175950
55.448574 2.59188788
55.549207 2.59201579
55.649839 2.59214321
55.750472 2.59227015
55.851104 2.59239660
55.951737 2.59252257
56.052370 2.59264806
56.153002 2.59277306
56.253635 2.59289758
56.354267 2.59302162
56.454900 2.59314517
56.555533 2.59326825
56.656165 2.59339083
56.756798 2.59351294
56.857431 2.59363456
56.958063 2.59375570
57.058696 2.59387635
57.159328 2.59399652
57.259961 2.59411621
57.360594 2.59423542
57.461226 2.59435414
57.561859 2.59447238
57.662492 2.59459013
57.763124 2.59470741
57.863757 2.59482420
57.964389 2.59494050
58.065022 2.59505632
58.165655 2.59517166
58.266287 2.59528652
58.366920 2.59540089
58.467553 2.59551478
58.568185 2.59562819
58.668818 2.59574111
58.769450 2.59585355
58.870083 2.59596551
58.970716 2.59607698
59.071348 2.59618797
59.171981 2.59629848
59.272613 2.59640850
59.373246 2.59651804
59.473879 2.59662710
59.574511 2.59673568
59.675144 2.59684377
59.775777 2.59695137
59.876409 2.59705850
59.977042 2.59716514
60.077674 2.59727130
60.178307 2.59737698
60.278940 2.59748217
60.379572 2.59758688
60.480205 2.59769110
60.580838 2.59779484
60.681470 2.59789810
60.782103 2.59800088
60.882735 2.59810317
60.983368 2.59820498
61.084001 2.59830631
61.184633 2.59840716
61.285266 2.59850752
61.385899 2.59860739
61.486531 2.59870679
61.587164 2.59880570
61.687796 2.59890413
61.788429 2.59900207
61.889062 2.59909954
61.989694 2.59919652
62.090327 2.59929301
62.190959 2.59938903
62.291592 2.59948456
62.392225 2.59957960
62.492857 2.59967417
62.593490 2.59976825
62.694123 2.59986185
62.794755 2.59995496
62.895388 2.60004759
62.996020 2.60013974
63.096653 2.60023141
63.197286 2.60032259
63.297918 2.60041329
63.398551 2.60050351
63.499184 2.60059324
63.599816 2.60068249
63.700449 2.60077126
63.801081 2.60085955
63.901714 2.60094735
64.002347 2.60103467
64.102979 2.60112151
64.203612 2.60120786
64.304245 2.60129373
64.404877 2.60137912
64.505510 2.60146402
64.606142 2.60154845
64.706775 2.60163238
64.807408 2.60171584
64.908040 2.60179881
65.008673 2.60188130
65.109305 2.60196331
65.209938 2.60204484
65.310571 2.60212588
65.411203 2.60220644
65.511836 2.60228651
65.612469 2.60236611
65.713101 2.60244522
65.813734 2.60252385
65.914366 2.60260199
66.014999 2.60267965
66.115632 2.60275683
66.216264 2.60283353
66.316897 2.60290975
66.417530 2.60298548
66.518162 2.60306073
66.618795 2.60313549
66.719427 2.60320977
66.820060 2.60328357
66.920693 2.60335689
67.021325 2.60342973
67.121958 2.60350208
67.222591 2.60357395
67.323223 2.60364534
67.423856 2.60371624
67.524488 2.60378666
67.625121 2.60385660
67.725754 2.60392606
67.826386 2.60399503
67.927019 2.60406352
68.027651 2.60413153
68.128284 2.60419905
68.228917 2.60426610
68.329549 2.60433266
68.430182 2.60439873
68.530815 2.60446433
68.631447 2.60452944
68.732080 2.60459407
68.832712 2.60465822
68.933345 2.60472188
69.033978 2.60478507
69.134610 2.60484777
69.235243 2.60490998
69.335876 2.60497172
69.436508 2.60503297
69.537141 2.60509374
69.637773 2.60515403
69.738406 2.60521383
69.839039 2.60527315
69.939671 2.60533203
70.040304 2.60539087
70.140937 2.60544971
70.241569 2.60550855
70.342202 2.60556739
70.442834 2.60562623
70.543467 2.60568507
70.644100 2.60574394
70.744732 2.60580275
