0.100633 1.92677819
0.201265 1.92677630
0.301898 1.92677829
0.402530 1.92677849
0.503163 1.92677846
0.603796 1.92677843
0.704428 1.92677840
0.805061 1.92677837
0.905694 1.92677834
1.006326 1.92677831
1.106959 1.92677829
1.207591 1.92677826
1.308224 1.92677823
1.408857 1.92677821
1.509489 1.92677818
1.610122 1.92677816
1.710755 1.92677813
1.811387 1.92677811
1.912020 1.92677809
2.012652 1.92677807
2.113285 1.92677805
2.213918 1.92677803
2.314550 1.92677801
2.415183 1.92677800
2.515816 1.92677798
2.616448 1.92677797
2.717081 1.92677795
2.817713 1.92677794
2.918346 1.92677793
3.018979 1.92677792
3.119611 1.92677792
3.220244 1.92677791
3.320876 1.92677791
3.421509 1.92677790
3.522142 1.92677790
3.622774 1.92677790
3.723407 1.92677790
3.824040 1.92677791
3.924672 1.92677791
4.025305 1.92677792
4.125937 1.92677793
4.226570 1.92677794
4.327203 1.92677795
4.427835 1.92677797
4.528468 1.92677798
4.629101 1.92677800
4.729733 1.92677802
4.830366 1.92677805
4.930998 1.92677807
5.031631 1.92677810
5.132264 1.92677812
5.232896 1.92677815
5.333529 1.92677819
5.434162 1.92677822
5.534794 1.92677825
5.635427 1.92677829
5.736059 1.92677833
5.836692 1.92677838
5.937325 1.92677842
6.037957 1.92677847
6.138590 1.92677851
6.239222 1.92677856
6.339855 1.92677861
6.440488 1.92677867
6.541120 1.92677872
6.641753 1.92677878
6.742386 1.92677884
6.843018 1.92677890
6.943651 1.92677897
7.044283 1.92677903
7.144916 1.92677910
7.245549 1.92677917
7.346181 1.92677924
7.446814 1.92677931
7.547447 1.92677938
7.648079 1.92677946
7.748712 1.92677954
7.849344 1.92677962
7.949977 1.92677970
8.050610 1.92677978
8.151242 1.92677987
8.251875 1.92677995
8.352508 1.92678004
8.453140 1.92678013
8.553773 1.92678022
8.654405 1.92678031
8.755038 1.92678040
8.855671 1.92678050
8.956303 1.92678059
9.056936 1.92678069
9.157568 1.92678078
9.258201 1.92678088
9.358834 1.92678098
9.459466 1.92678108
9.560099 1.92678118
9.660732 1.92678128
9.761364 1.92678138
9.861997 1.92678149
9.962629 1.92678159
10.063262 1.92678169
10.163895 1.92678179
10.264527 1.92678190
10.365160 1.92678200
10.465793 1.92678211
10.566425 1.92678221
10.667058 1.92678231
10.767690 1.92678241
10.868323 1.92678252
10.968956 1.92678262
11.069588 1.92678272
11.170221 1.92678282
11.270853 1.92678293
11.371486 1.92678303
11.472119 1.92678313
11.572751 1.92678322
11.673384 1.92678332
11.774017 1.92678342
11.874649 1.92678351
11.975282 1.92678360
12.075914 1.92678370
12.176547 1.92678379
12.277180 1.92678387
12.377812 1.92678396
12.478445 1.92678405
12.579078 1.92678413
12.679710 1.92678421
12.780343 1.92678428
12.880975 1.92678436
12.981608 1.92678443
13.082241 1.92678450
13.182873 1.92678457
13.283506 1.92678463
13.384139 1.92678469
13.484771 1.92678475
13.585404 1.92678480
13.686036 1.92678486
13.786669 1.92678490
13.887302 1.92678494
13.987934 1.92678498
14.088567 1.92678502
14.189199 1.92678505
14.289832 1.92678508
14.390465 1.92678510
14.491097 1.92678512
14.591730 1.92678513
14.692363 1.92678514
14.792995 1.92678514
14.893628 1.92678514
14.994260 1.92678513
15.094893 1.92678512
15.195526 1.92678510
15.296158 1.92678507
15.396791 1.92678504
15.497424 1.92678500
15.598056 1.92678496
15.698689 1.92678491
15.799321 1.92678485
15.899954 1.92678479
16.000587 1.92678471
16.101219 1.92678464
16.201852 1.92678455
16.302485 1.92678445
16.403117 1.92678435
16.503750 1.92678424
16.604382 1.92678411
16.705015 1.92678398
16.805648 1.92678384
16.906280 1.92678369
17.006913 1.92678352
17.107545 1.92678334
17.208178 1.92678315
17.308811 1.92678294
17.409443 1.92678272
17.510076 1.92678248
17.610709 1.92678222
17.711341 1.92678194
17.811974 1.92678163
17.912606 1.92678130
18.013239 1.92678094
18.113872 1.92678054
18.214504 1.92678011
18.315137 1.92677962
18.415770 1.92677909
18.516402 1.92677850
18.617035 1.92677783
18.717667 1.92677709
18.818300 1.92677625
18.918933 1.92677529
19.019565 1.92677421
19.120198 1.92677297
19.220831 1.92677155
19.321463 1.92676991
19.422096 1.92676801
19.522728 1.92676581
19.623361 1.92676323
19.723994 1.92676022
19.824626 1.92675669
19.925259 1.92675252
20.025891 1.92674760
20.126524 1.92674177
20.227157 1.92673485
20.327789 1.92672661
20.428422 1.92671677
20.529055 1.92670500
20.629687 1.92669088
20.730320 1.92667392
20.830952 1.92665348
20.931585 1.92662880
21.032218 1.92659894
21.132850 1.92656271
21.233483 1.92651866
21.334116 1.92646495
21.434748 1.92639931
21.535381 1.92631885
21.636013 1.92621994
21.736646 1.92609796
21.837279 1.92594704
21.937911 1.92575965
22.038544 1.92552611
22.139177 1.92523385
22.239809 1.92486659
22.340442 1.92440298
22.441074 1.92381497
22.541707 1.92306542
22.642340 1.92210498
22.742972 1.92086756
22.843605 1.91926443
22.944237 1.91717542
23.044870 1.91443754
23.145503 1.91082785
23.246135 1.90604113
23.346768 1.89965609
23.447401 1.89109118
23.548033 1.87953729
23.648666 1.86386947
23.749298 1.84251224
23.849931 1.81326162
23.950564 1.77301634
24.051196 1.71741817
24.151829 1.64032636
24.252462 1.53309887
24.353094 1.38363153
24.453727 1.17492729
24.554359 0.88357628
24.654992 0.47776820
24.755625 -0.07552714
24.856257 -0.75069557
24.956890 -1.32452466
25.057523 -1.49440542
25.158155 -1.39512477
25.258788 -1.46997082
25.359420 -1.98544440
25.460053 -3.04061220
25.560686 -4.69200593
25.661318 -6.94015168
25.761951 -9.57400978
25.862583 -11.94177626
25.963216 -13.07930767
26.063849 -12.50042468
26.164481 -10.71232219
26.265114 -8.63454084
26.365747 -6.86754105
26.466379 -5.63320961
26.567012 -5.00248316
26.667644 -5.02378547
26.768277 -5.74494289
26.868910 -7.16549745
26.969542 -9.09446745
27.070175 -10.92292503
27.170808 -11.68625958
27.271440 -10.80779678
27.372073 -8.71863465
27.472705 -6.37132175
27.573338 -4.43728725
27.673971 -3.15757963
27.774603 -2.56681261
27.875236 -2.65653420
27.975869 -3.42901071
28.076501 -4.88628388
28.177134 -6.95452786
28.277766 -9.28248100
28.378399 -11.05878099
28.479032 -11.38382944
28.579664 -10.12896863
28.680297 -8.08363178
28.780929 -6.15543879
28.881562 -4.81807263
28.982195 -4.19786353
29.082827 -4.30251395
29.183460 -5.12506903
29.284093 -6.65264548
29.384725 -8.81997245
29.485358 -11.35241184
29.585990 -13.54043811
29.686623 -14.38296043
29.787256 -13.38794985
29.887888 -11.10407428
29.988521 -8.54031444
30.089154 -6.38192702
30.189786 -4.87909702
30.290419 -4.08135583
30.391051 -3.99288038
30.491684 -4.61715442
30.592317 -5.94867095
30.692949 -7.87446405
30.793582 -9.94970828
30.894215 -11.28711071
30.994847 -11.06603284
31.095480 -9.35407782
31.196112 -7.03135955
31.296745 -4.93591347
31.397378 -3.44762188
31.498010 -2.65350450
31.598643 -2.55547132
31.699275 -3.15116274
31.799908 -4.44456739
31.900541 -6.38442414
32.001173 -8.68528352
32.101806 -10.61725304
32.202439 -11.23418512
32.303071 -10.21026512
32.403704 -8.20963249
32.504336 -6.18243769
32.604969 -4.68665952
32.705602 -3.89501736
32.806234 -3.82743777
32.906867 -4.47691973
33.007500 -5.83894372
33.108132 -7.87051225
33.208765 -10.35329808
33.309397 -12.66457094
33.410030 -13.80957518
33.510663 -13.14412157
33.611295 -11.05418406
33.711928 -8.52957950
33.812560 -6.32282411
33.913193 -4.73957376
34.013826 -3.84836445
34.114458 -3.65481884
34.215091 -4.16476253
34.315724 -5.37911462
34.416356 -7.22300807
34.516989 -9.34781587
34.617621 -10.94664572
34.718254 -11.11322287
34.818887 -9.69851976
34.919519 -7.47863191
35.020152 -5.36453789
35.120785 -3.83727386
35.221417 -3.02510736
35.322050 -2.93383621
35.422682 -3.55560426
35.523315 -4.87657860
35.623948 -6.81017134
35.724580 -8.99858759
35.825213 -10.62787731
35.925846 -10.79101664
36.026478 -9.34200318
36.127111 -7.04883293
36.227743 -4.79694735
36.328376 -3.03348250
36.429009 -1.85172171
36.529641 -1.21870083
36.630274 -1.06743772
36.730906 -1.23669684
36.831539 -1.34380202
36.932172 -1.02883965
37.032804 -0.42349988
37.133437 0.15408325
37.234070 0.59285989
37.334702 0.90879464
37.435335 1.13442028
37.535967 1.29599836
37.636600 1.41219468
37.737233 1.49471547
37.837865 1.55024855
37.938498 1.58369461
38.039131 1.59912129
38.139763 1.60031114
38.240396 1.59836151
38.341028 1.59603186
38.441661 1.59364797
38.542294 1.59125599
38.642926 1.58886327
38.743559 1.58647037
38.844192 1.58407668
38.944824 1.58168173
39.045457 1.57928528
39.146089 1.57688725
39.246722 1.57448769
39.347355 1.57208664
39.447987 1.56968417
39.548620 1.56728030
39.649252 1.56487503
39.749885 1.56246844
39.850518 1.56006085
39.951150 1.55765338
40.051783 1.55524956
40.152416 1.55286137
40.253048 1.55053849
40.353681 1.54853035
40.454313 1.54768061
40.554946 1.54788669
40.655579 1.54858437
40.756211 1.54886485
40.856844 1.54733024
40.957477 1.54187213
41.058109 1.52932531
41.158742 1.50493618
41.259374 1.46177585
41.360007 1.38955936
41.460640 1.27448429
41.561272 1.10389022
41.661905 0.88128146
41.762538 0.65394354
41.863170 0.51444198
41.963803 0.53197072
42.064435 0.68010100
42.165068 0.86525923
42.265701 1.00991281
42.366333 1.08409592
42.466966 1.08649614
42.567598 1.02318774
42.668231 0.89886098
42.768864 0.71796010
42.869496 0.49418666
42.970129 0.26880672
43.070762 0.11439529
43.171394 0.08186006
43.272027 0.13537487
43.372659 0.17332837
43.473292 0.10266919
43.573925 -0.11823586
43.674557 -0.45358951
43.775190 -0.76082344
43.875823 -0.84480355
43.976455 -0.62624934
44.077088 -0.22127236
44.177720 0.18700994
44.278353 0.49137652
44.378986 0.67033182
44.479618 0.73718242
44.580251 0.70797215
44.680884 0.59117068
44.781516 0.38729752
44.882149 0.09252658
44.982781 -0.28934758
45.083414 -0.71461647
45.184047 -1.06760428
45.284679 -1.20995846
45.385312 -1.10762602
45.485944 -0.84400602
45.586577 -0.51517380
45.687210 -0.21002097
45.787842 0.02535762
45.888475 0.23679269
45.989108 0.46755242
46.089740 0.68608659
46.190373 0.85926142
46.291005 0.98692260
46.391638 1.07982736
46.492271 1.14756866
46.592903 1.19692543
46.693536 1.23260919
46.794169 1.25771458
46.894801 1.27426742
46.995434 1.28350272
47.096066 1.28607926
47.196699 1.28458004
47.297332 1.28240051
47.397964 1.28006943
47.498597 1.27769407
47.599230 1.27530214
47.699862 1.27290316
47.800495 1.27050103
47.901127 1.26809748
48.001760 1.26569330
48.102393 1.26328887
48.203025 1.26088437
48.303658 1.25847989
48.404290 1.25607546
48.504923 1.25367109
48.605556 1.25126677
48.706188 1.24886251
48.806821 1.24645829
48.907454 1.24405515
49.008086 1.24166298
49.108719 1.23928280
49.209351 1.23691462
49.309984 1.23455843
49.410617 1.23221422
49.511249 1.22988200
49.611882 1.22756175
49.712515 1.22525347
49.813147 1.22295718
49.913780 1.22067285
50.014412 1.21840050
50.115045 1.21614012
50.215678 1.21389171
50.316310 1.21165526
50.416943 1.20943079
50.517576 1.20721829
50.618208 1.20501776
50.718841 1.20282920
50.819473 1.20065260
50.920106 1.19848798
51.020739 1.19633532
51.121371 1.19419463
51.222004 1.19206591
51.322636 1.18994916
51.423269 1.18784437
51.523902 1.18575155
51.624534 1.18367071
51.725167 1.18160182
51.825800 1.17954491
51.926432 1.17749997
52.027065 1.17546699
52.127697 1.17344598
52.228330 1.17143694
52.328963 1.16943987
52.429595 1.16745476
52.530228 1.16548162
52.630861 1.16352045
52.731493 1.16157125
52.832126 1.15963401
52.932758 1.15770875
53.033391 1.15579545
53.134024 1.15389411
53.234656 1.15200475
53.335289 1.15012735
53.435921 1.14826192
53.536554 1.14640846
53.637187 1.14456697
53.737819 1.14273744
53.838452 1.14091989
53.939085 1.13911429
54.039717 1.13732067
54.140350 1.13553902
54.240982 1.13376933
54.341615 1.13201161
54.442248 1.13026585
54.542880 1.12853207
54.643513 1.12681025
54.744146 1.12510040
54.844778 1.12340252
54.945411 1.12171660
55.046043 1.12004265
55.146676 1.11838067
55.247309 1.11673066
55.347941 1.11509262
55.448574 1.11346654
55.549207 1.11185243
55.649839 1.11025029
55.750472 1.10866011
55.851104 1.10708191
55.951737 1.10551567
56.052370 1.10396139
56.153002 1.10241909
56.253635 1.10088875
56.354267 1.09937038
56.454900 1.09786398
56.555533 1.09636954
56.656165 1.09488708
56.756798 1.09341658
56.857431 1.09195805
56.958063 1.09051148
57.058696 1.08907688
57.159328 1.08765425
57.259961 1.08624359
57.360594 1.08484490
57.461226 1.08345817
57.561859 1.08208341
57.662492 1.08072062
57.763124 1.07936979
57.863757 1.07803094
57.964389 1.07670405
58.065022 1.07538913
58.165655 1.07408617
58.266287 1.07279518
58.366920 1.07151616
58.467553 1.07024911
58.568185 1.06899403
58.668818 1.06775091
58.769450 1.06651976
58.870083 1.06530058
58.970716 1.06409336
59.071348 1.06289812
59.171981 1.06171484
59.272613 1.06054353
59.373246 1.05938418
59.473879 1.05823680
59.574511 1.05710139
59.675144 1.05597795
59.775777 1.05486648
59.876409 1.05376697
59.977042 1.05267943
60.077674 1.05160386
60.178307 1.05054026
60.278940 1.04948862
60.379572 1.04844895
60.480205 1.04742125
60.580838 1.04640552
60.681470 1.04540175
60.782103 1.04440995
60.882735 1.04343012
60.983368 1.04246226
61.084001 1.04150636
61.184633 1.04056243
61.285266 1.03963047
61.385899 1.03871048
61.486531 1.03780245
61.587164 1.03690639
61.687796 1.03602230
61.788429 1.03515018
61.889062 1.03429002
61.989694 1.03344184
62.090327 1.03260562
62.190959 1.03178136
62.291592 1.03096908
62.392225 1.03016876
62.492857 1.02938041
62.593490 1.02860403
62.694123 1.02783961
62.794755 1.02708717
62.895388 1.02634669
62.996020 1.02561818
63.096653 1.02490163
63.197286 1.02419706
63.297918 1.02350445
63.398551 1.02282381
63.499184 1.02215513
63.599816 1.02149843
63.700449 1.02085369
63.801081 1.02022092
63.901714 1.01960012
64.002347 1.01899128
64.102979 1.01839442
64.203612 1.01780952
64.304245 1.01723659
64.404877 1.01667562
64.505510 1.01612663
64.606142 1.01558960
64.706775 1.01506454
64.807408 1.01455145
64.908040 1.01405032
65.008673 1.01356116
65.109305 1.01308397
65.209938 1.01261875
65.310571 1.01216550
65.411203 1.01172421
65.511836 1.01129489
65.612469 1.01087754
65.713101 1.01047216
65.813734 1.01007874
65.914366 1.00969730
66.014999 1.00932782
66.115632 1.00897031
66.216264 1.00862476
66.316897 1.00829119
66.417530 1.00796958
66.518162 1.00765994
66.618795 1.00736227
66.719427 1.00707656
66.820060 1.00680282
66.920693 1.00654106
67.021325 1.00629125
67.121958 1.00605342
67.222591 1.00582756
67.323223 1.00561366
67.423856 1.00541173
67.524488 1.00522177
67.625121 1.00504377
67.725754 1.00487775
67.826386 1.00472369
67.927019 1.00458160
68.027651 1.00445148
68.128284 1.00433332
68.228917 1.00422714
68.329549 1.00413292
68.430182 1.00405067
68.530815 1.00398039
68.631447 1.00392207
68.732080 1.00387573
68.832712 1.00384135
68.933345 1.00381894
69.033978 1.00380850
69.134610 1.00381002
69.235243 1.00382352
69.335876 1.00384898
69.436508 1.00388641
69.537141 1.00393581
69.637773 1.00399717
69.738406 1.00407052
69.839039 1.00415582
69.939671 1.00425207
70.040304 1.00434934
70.140937 1.00444662
70.241569 1.00454389
70.342202 1.00464116
70.442834 1.00473843
70.543467 1.00483571
70.644100 1.00493308
70.744732 1.00503026
