0.100633 1.92309626
0.201265 1.92309520
0.301898 1.92309635
0.402530 1.92309648
0.503163 1.92309647
0.603796 1.92309646
0.704428 1.92309645
0.805061 1.92309643
0.905694 1.92309641
1.006326 1.92309639
1.106959 1.92309635
1.207591 1.92309632
1.308224 1.92309627
1.408857 1.92309622
1.509489 1.92309616
1.610122 1.92309609
1.710755 1.92309601
1.811387 1.92309592
1.912020 1.92309583
2.012652 1.92309572
2.113285 1.92309560
2.213918 1.92309547
2.314550 1.92309532
2.415183 1.92309517
2.515816 1.92309499
2.616448 1.92309481
2.717081 1.92309461
2.817713 1.92309440
2.918346 1.92309417
3.018979 1.92309392
3.119611 1.92309365
3.220244 1.92309337
3.320876 1.92309307
3.421509 1.92309276
3.522142 1.92309242
3.622774 1.92309206
3.723407 1.92309169
3.824040 1.92309129
3.924672 1.92309087
4.025305 1.92309043
4.125937 1.92308997
4.226570 1.92308948
4.327203 1.92308897
4.427835 1.92308844
4.528468 1.92308788
4.629101 1.92308729
4.729733 1.92308668
4.830366 1.92308605
4.930998 1.92308539
5.031631 1.92308470
5.132264 1.92308398
5.232896 1.92308323
5.333529 1.92308246
5.434162 1.92308165
5.534794 1.92308082
5.635427 1.92307995
5.736059 1.92307906
5.836692 1.92307813
5.937325 1.92307717
6.037957 1.92307618
6.138590 1.92307515
6.239222 1.92307409
6.339855 1.92307300
6.440488 1.92307187
6.541120 1.92307071
6.641753 1.92306951
6.742386 1.92306827
6.843018 1.92306700
6.943651 1.92306569
7.044283 1.92306434
7.144916 1.92306296
7.245549 1.92306153
7.346181 1.92306007
7.446814 1.92305857
7.547447 1.92305702
7.648079 1.92305544
7.748712 1.92305381
7.849344 1.92305214
7.949977 1.92305043
8.050610 1.92304868
8.151242 1.92304689
8.251875 1.92304505
8.352508 1.92304316
8.453140 1.92304124
8.553773 1.92303926
8.654405 1.92303725
8.755038 1.92303518
8.855671 1.92303307
8.956303 1.92303091
9.056936 1.92302871
9.157568 1.92302646
9.258201 1.92302416
9.358834 1.92302181
9.459466 1.92301941
9.560099 1.92301696
9.660732 1.92301447
9.761364 1.92301192
9.861997 1.92300932
9.962629 1.92300667
10.063262 1.92300397
10.163895 1.92300122
10.264527 1.92299841
10.365160 1.92299556
10.465793 1.92299265
10.566425 1.92298969
10.667058 1.92298667
10.767690 1.92298360
10.868323 1.92298047
10.968956 1.92297729
11.069588 1.92297405
11.170221 1.92297076
11.270853 1.92296741
11.371486 1.92296401
11.472119 1.92296055
11.572751 1.92295704
11.673384 1.92295346
11.774017 1.92294983
11.874649 1.92294614
11.975282 1.92294240
12.075914 1.92293859
12.176547 1.92293473
12.277180 1.92293080
12.377812 1.92292682
12.478445 1.92292277
12.579078 1.92291868
12.679710 1.92291451
12.780343 1.92291029
12.880975 1.92290601
12.981608 1.92290167
13.082241 1.92289726
13.182873 1.92289280
13.283506 1.92288827
13.384139 1.92288368
13.484771 1.92287903
13.585404 1.92287432
13.686036 1.92286954
13.786669 1.92286471
13.887302 1.92285980
13.987934 1.92285484
14.088567 1.92284981
14.189199 1.92284473
14.289832 1.92283957
14.390465 1.92283436
14.491097 1.92282907
14.591730 1.92282374
14.692363 1.92281832
14.792995 1.92281286
14.893628 1.92280732
14.994260 1.92280172
15.094893 1.92279605
15.195526 1.92279033
15.296158 1.92278453
15.396791 1.92277868
15.497424 1.92277275
15.598056 1.92276676
15.698689 1.92276071
15.799321 1.92275459
15.899954 1.92274840
16.000587 1.92274216
16.101219 1.92273583
16.201852 1.92272946
16.302485 1.92272301
16.403117 1.92271650
16.503750 1.92270991
16.604382 1.92270327
16.705015 1.92269655
16.805648 1.92268977
16.906280 1.92268291
17.006913 1.92267600
17.107545 1.92266900
17.208178 1.92266195
17.308811 1.92265481
17.409443 1.92264762
17.510076 1.92264033
17.610709 1.92263299
17.711341 1.92262555
17.811974 1.92261805
17.912606 1.92261045
18.013239 1.92260279
18.113872 1.92259502
18.214504 1.92258717
18.315137 1.92257920
18.415770 1.92257115
18.516402 1.92256297
18.617035 1.92255468
18.717667 1.92254624
18.818300 1.92253767
18.918933 1.92252893
19.019565 1.92252002
19.120198 1.92251088
19.220831 1.92250153
19.321463 1.92249191
19.422096 1.92248199
19.522728 1.92247170
19.623361 1.92246102
19.723994 1.92244985
19.824626 1.92243813
19.925259 1.92242573
20.025891 1.92241255
20.126524 1.92239842
20.227157 1.92238319
20.327789 1.92236661
20.428422 1.92234844
20.529055 1.92232831
20.629687 1.92230586
20.730320 1.92228058
20.830952 1.92225187
20.931585 1.92221896
21.032218 1.92218097
21.132850 1.92213672
21.233483 1.92208481
21.334116 1.92202344
21.434748 1.92195042
21.535381 1.92186292
21.636013 1.92175743
21.736646 1.92162945
21.837279 1.92147330
21.937911 1.92128164
22.038544 1.92104510
22.139177 1.92075148
22.239809 1.92038499
22.340442 1.91992493
22.441074 1.91934411
22.541707 1.91860653
22.642340 1.91766441
22.742972 1.91645374
22.843605 1.91488863
22.944237 1.91285279
23.044870 1.91018856
23.145503 1.90668032
23.246135 1.90203301
23.346768 1.89583941
23.447401 1.88753757
23.548033 1.87634581
23.648666 1.86117758
23.749298 1.84051138
23.849931 1.81221920
23.950564 1.77330684
24.051196 1.71956696
24.151829 1.64507059
24.252462 1.54147294
24.353094 1.39707912
24.453727 1.19546321
24.554359 0.91397527
24.654992 0.52163180
24.755625 -0.01553900
24.856257 -0.68304710
24.956890 -1.28057570
25.057523 -1.49088922
25.158155 -1.39512558
25.258788 -1.43331348
25.359420 -1.89516846
25.460053 -2.88880954
25.560686 -4.47343905
25.661318 -6.66023720
25.761951 -9.27352702
25.862583 -11.71597996
25.963216 -13.02816700
26.063849 -12.62997345
26.164481 -10.93227546
26.265114 -8.85388305
26.365747 -7.04342297
26.466379 -5.75208888
26.567012 -5.05714209
26.667644 -5.00701564
26.768277 -5.65131730
26.868910 -6.99954160
26.969542 -8.89239538
27.070175 -10.77327606
27.170808 -11.69023186
27.271440 -10.98151217
27.372073 -8.97540186
27.472705 -6.61342032
27.573338 -4.61636875
27.673971 -3.26184944
27.774603 -2.59571862
27.875236 -2.61012293
27.975869 -3.30584917
28.076501 -4.68692004
28.177134 -6.69620943
28.277766 -9.02740620
28.378399 -10.91742370
28.479032 -11.43458547
28.579664 -10.33147623
28.680297 -8.32444380
28.780929 -6.34986888
28.881562 -4.93450476
28.982195 -4.23058759
29.082827 -4.25174020
29.183460 -4.99091537
29.284093 -6.43666213
29.384725 -8.53571472
29.485358 -11.05112879
29.585990 -13.33134969
29.686623 -14.37884762
29.787256 -13.59308378
29.887888 -11.40843154
29.988521 -8.83013225
30.089154 -6.60146293
30.189786 -5.01290639
30.290419 -4.12701398
30.391051 -3.94917187
30.491684 -4.48212294
30.592317 -5.72500940
30.692949 -7.58951376
30.793582 -9.68921830
30.894215 -11.18412087
30.994847 -11.19149288
31.095480 -9.63693439
31.196112 -7.33887745
31.296745 -5.18203844
31.397378 -3.60426172
31.498010 -2.71727450
31.598643 -2.52715388
31.699275 -3.03028819
31.799908 -4.23163274
31.900541 -6.09403291
32.001173 -8.37777249
32.101806 -10.41498316
32.202439 -11.24649401
32.303071 -10.41827263
32.403704 -8.48719172
32.504336 -6.41786295
32.604969 -4.83215006
32.705602 -3.94008895
32.806234 -3.77126889
32.906867 -4.31935477
33.007500 -5.58134853
33.108132 -7.52604939
33.208765 -9.97540455
33.309397 -12.37655744
33.410030 -13.75788068
33.510663 -13.36419595
33.611295 -11.43037103
33.711928 -8.91574634
33.812560 -6.63730396
33.913193 -4.95615136
34.013826 -3.96184967
34.114458 -3.66436097
34.215091 -4.06929678
34.315724 -5.18031501
34.416356 -6.94238713
34.516989 -9.06106893
34.617621 -10.78967233
34.718254 -11.18640228
34.818887 -9.95711260
34.919519 -7.78378896
35.020152 -5.61005561
35.120785 -3.98337018
35.221417 -3.06585497
35.322050 -2.87175939
35.422682 -3.39333000
35.523315 -4.61883143
35.623948 -6.48004428
35.724580 -8.67212883
35.825213 -10.44037159
35.925846 -10.84032554
36.026478 -9.57975028
36.127111 -7.33465841
36.227743 -5.02634375
36.328376 -3.17002933
36.429009 -1.89325406
36.529641 -1.17217536
36.630274 -0.94537974
36.730906 -1.07590724
36.831539 -1.21651384
36.932172 -0.96404364
37.032804 -0.37004183
37.133437 0.23634481
37.234070 0.70916100
37.334702 1.05424738
37.435335 1.30358825
37.535967 1.48390661
37.636600 1.61530244
37.737233 1.71003352
37.837865 1.77520801
37.938498 1.81592497
38.039131 1.83662968
38.139763 1.84099214
38.240396 1.83994605
38.341028 1.83835042
38.441661 1.83665861
38.542294 1.83494015
38.642926 1.83321152
38.743559 1.83147763
38.844192 1.82974017
38.944824 1.82799993
39.045457 1.82625738
39.146089 1.82451289
39.246722 1.82276675
39.347355 1.82101918
39.447987 1.81927036
39.548620 1.81752041
39.649252 1.81576944
39.749885 1.81401765
39.850518 1.81226555
39.951150 1.81051453
40.051783 1.80876844
40.152416 1.80703968
40.253048 1.80537776
40.353681 1.80402529
40.454313 1.80384337
40.554946 1.80474762
40.655579 1.80617852
40.756211 1.80723261
40.856844 1.80652057
40.957477 1.80194733
41.058109 1.79036816
41.158742 1.76706362
41.259374 1.72515209
41.360007 1.65441542
41.460640 1.54110655
41.561272 1.37244620
41.661905 1.15135135
41.762538 0.92407271
41.863170 0.78274217
41.963803 0.79787278
42.064435 0.94500337
42.165068 1.13106773
42.265701 1.27768408
42.366333 1.35406618
42.466966 1.35860698
42.567598 1.29736744
42.668231 1.17507011
42.768864 0.99608914
42.869496 0.77371309
42.970129 0.54836801
43.070762 0.39224053
43.171394 0.35753835
43.272027 0.41044933
43.372659 0.44991878
43.473292 0.38206891
43.573925 0.16416243
43.674557 -0.16932601
43.775190 -0.47709968
43.875823 -0.56369425
43.976455 -0.34747876
44.077088 0.05734584
44.177720 0.46740364
44.278353 0.77425176
44.378986 0.95564066
44.479618 1.02471869
44.580251 0.99760917
44.680884 0.88288966
44.781516 0.68116383
44.882149 0.38860300
44.982781 0.00868781
45.083414 -0.41581877
45.184047 -0.77029505
45.284679 -0.91573763
45.385312 -0.81566968
45.485944 -0.55217138
45.586577 -0.22178146
45.687210 0.08568225
45.787842 0.32247382
45.888475 0.53355481
45.989108 0.76415262
46.089740 0.98397376
46.190373 1.15899338
46.291005 1.28840735
46.391638 1.38287859
46.492271 1.45203563
46.592903 1.50268759
46.693536 1.53957089
46.794169 1.56579048
46.894801 1.58337771
46.995434 1.59357559
47.096066 1.59701819
47.196699 1.59625267
47.297332 1.59475382
47.397964 1.59309130
47.498597 1.59137959
47.599230 1.58964850
47.699862 1.58790859
47.800495 1.58616436
47.901127 1.58441791
48.001760 1.58267029
48.102393 1.58092205
48.203025 1.57917349
48.303658 1.57742477
48.404290 1.57567596
48.504923 1.57392712
48.605556 1.57217827
48.706188 1.57042943
48.806821 1.56868060
48.907454 1.56693254
49.008086 1.56519251
49.108719 1.56346126
49.209351 1.56173880
49.309984 1.56002512
49.410617 1.55832021
49.511249 1.55662408
49.611882 1.55493673
49.712515 1.55325815
49.813147 1.55158834
49.913780 1.54992730
50.014412 1.54827504
50.115045 1.54663155
50.215678 1.54499682
50.316310 1.54337087
50.416943 1.54175369
50.517576 1.54014528
50.618208 1.53854563
50.718841 1.53695476
50.819473 1.53537266
50.920106 1.53379932
51.020739 1.53223476
51.121371 1.53067896
51.222004 1.52913193
51.322636 1.52759367
51.423269 1.52606418
51.523902 1.52454346
51.624534 1.52303150
51.725167 1.52152832
51.825800 1.52003390
51.926432 1.51854825
52.027065 1.51707137
52.127697 1.51560326
52.228330 1.51414392
52.328963 1.51269334
52.429595 1.51125154
52.530228 1.50981850
52.630861 1.50839423
52.731493 1.50697872
52.832126 1.50557199
52.932758 1.50417402
53.033391 1.50278482
53.134024 1.50140439
53.234656 1.50003273
53.335289 1.49866984
53.435921 1.49731571
53.536554 1.49597035
53.637187 1.49463376
53.737819 1.49330594
53.838452 1.49198689
53.939085 1.49067660
54.039717 1.48937508
54.140350 1.48808233
54.240982 1.48679834
54.341615 1.48552313
54.442248 1.48425668
54.542880 1.48299900
54.643513 1.48175008
54.744146 1.48050994
54.844778 1.47927856
54.945411 1.47805595
55.046043 1.47684211
55.146676 1.47563703
55.247309 1.47444072
55.347941 1.47325318
55.448574 1.47207441
55.549207 1.47090440
55.649839 1.46974317
55.750472 1.46859069
55.851104 1.46744699
55.951737 1.46631205
56.052370 1.46518589
56.153002 1.46406848
56.253635 1.46295985
56.354267 1.46185998
56.454900 1.46076888
56.555533 1.45968655
56.656165 1.45861298
56.756798 1.45754818
56.857431 1.45649215
56.958063 1.45544489
57.058696 1.45440639
57.159328 1.45337666
57.259961 1.45235570
57.360594 1.45134350
57.461226 1.45034007
57.561859 1.44934541
57.662492 1.44835951
57.763124 1.44738238
57.863757 1.44641402
57.964389 1.44545443
58.065022 1.44450360
58.165655 1.44356154
58.266287 1.44262825
58.366920 1.44170372
58.467553 1.44078796
58.568185 1.43988096
58.668818 1.43898274
58.769450 1.43809328
58.870083 1.43721258
58.970716 1.43634066
59.071348 1.43547750
59.171981 1.43462311
59.272613 1.43377748
59.373246 1.43294062
59.473879 1.43211253
59.574511 1.43129320
59.675144 1.43048264
59.775777 1.42968085
59.876409 1.42888782
59.977042 1.42810356
60.077674 1.42732807
60.178307 1.42656134
60.278940 1.42580338
60.379572 1.42505419
60.480205 1.42431376
60.580838 1.42358210
60.681470 1.42285921
60.782103 1.42214508
60.882735 1.42143972
60.983368 1.42074313
61.084001 1.42005530
61.184633 1.41937624
61.285266 1.41870594
61.385899 1.41804441
61.486531 1.41739165
61.587164 1.41674766
61.687796 1.41611243
61.788429 1.41548597
61.889062 1.41486827
61.989694 1.41425934
62.090327 1.41365918
62.190959 1.41306778
62.291592 1.41248515
62.392225 1.41191128
62.492857 1.41134619
62.593490 1.41078986
62.694123 1.41024229
62.794755 1.40970349
62.895388 1.40917346
62.996020 1.40865219
63.096653 1.40813969
63.197286 1.40763596
63.297918 1.40714099
63.398551 1.40665479
63.499184 1.40617736
63.599816 1.40570869
63.700449 1.40524879
63.801081 1.40479765
63.901714 1.40435528
64.002347 1.40392168
64.102979 1.40349684
64.203612 1.40308077
64.304245 1.40267347
64.404877 1.40227493
64.505510 1.40188516
64.606142 1.40150415
64.706775 1.40113191
64.807408 1.40076844
64.908040 1.40041373
65.008673 1.40006779
65.109305 1.39973061
65.209938 1.39940221
65.310571 1.39908256
65.411203 1.39877169
65.511836 1.39846958
65.612469 1.39817624
65.713101 1.39789166
65.813734 1.39761585
65.914366 1.39734880
66.014999 1.39709052
66.115632 1.39684101
66.216264 1.39660026
66.316897 1.39636828
66.417530 1.39614507
66.518162 1.39593062
66.618795 1.39572494
66.719427 1.39552802
66.820060 1.39533988
66.920693 1.39516049
67.021325 1.39498988
67.121958 1.39482802
67.222591 1.39467494
67.323223 1.39453062
67.423856 1.39439507
67.524488 1.39426828
67.625121 1.39415026
67.725754 1.39404101
67.826386 1.39394052
67.927019 1.39384880
68.027651 1.39376584
68.128284 1.39369165
68.228917 1.39362623
68.329549 1.39356957
68.430182 1.39352168
68.530815 1.39348256
68.631447 1.39345220
68.732080 1.39343061
68.832712 1.39341778
68.933345 1.39341372
69.033978 1.39341843
69.134610 1.39343190
69.235243 1.39345414
69.335876 1.39348514
69.436508 1.39352491
69.537141 1.39357345
69.637773 1.39363075
69.738406 1.39369683
69.839039 1.39377166
69.939671 1.39385451
70.040304 1.39393812
70.140937 1.39402173
70.241569 1.39410533
70.342202 1.39418893
70.442834 1.39427253
70.543467 1.39435614
70.644100 1.39443982
70.744732 1.39452335
