0.100633 1.92213785
0.201265 1.92214044
0.301898 1.92213765
0.402530 1.92213738
0.503163 1.92213741
0.603796 1.92213745
0.704428 1.92213749
0.805061 1.92213753
0.905694 1.92213757
1.006326 1.92213761
1.106959 1.92213765
1.207591 1.92213769
1.308224 1.92213774
1.408857 1.92213778
1.509489 1.92213783
1.610122 1.92213787
1.710755 1.92213792
1.811387 1.92213797
1.912020 1.92213802
2.012652 1.92213807
2.113285 1.92213812
2.213918 1.92213817
2.314550 1.92213823
2.415183 1.92213828
2.515816 1.92213834
2.616448 1.92213840
2.717081 1.92213846
2.817713 1.92213852
2.918346 1.92213859
3.018979 1.92213865
3.119611 1.92213872
3.220244 1.92213879
3.320876 1.92213886
3.421509 1.92213894
3.522142 1.92213901
3.622774 1.92213909
3.723407 1.92213917
3.824040 1.92213925
3.924672 1.92213933
4.025305 1.92213942
4.125937 1.92213951
4.226570 1.92213960
4.327203 1.92213969
4.427835 1.92213979
4.528468 1.92213988
4.629101 1.92213999
4.729733 1.92214009
4.830366 1.92214019
4.930998 1.92214030
5.031631 1.92214041
5.132264 1.92214051
5.232896 1.92214063
5.333529 1.92214074
5.434162 1.92214086
5.534794 1.92214098
5.635427 1.92214110
5.736059 1.92214123
5.836692 1.92214135
5.937325 1.92214148
6.037957 1.92214161
6.138590 1.92214174
6.239222 1.92214188
6.339855 1.92214201
6.440488 1.92214215
6.541120 1.92214229
6.641753 1.92214244
6.742386 1.92214258
6.843018 1.92214273
6.943651 1.92214287
7.044283 1.92214302
7.144916 1.92214317
7.245549 1.92214333
7.346181 1.92214348
7.446814 1.92214364
7.547447 1.92214379
7.648079 1.92214395
7.748712 1.92214411
7.849344 1.92214427
7.949977 1.92214443
8.050610 1.92214459
8.151242 1.92214475
8.251875 1.92214492
8.352508 1.92214508
8.453140 1.92214525
8.553773 1.92214541
8.654405 1.92214558
8.755038 1.92214574
8.855671 1.92214591
8.956303 1.92214607
9.056936 1.92214624
9.157568 1.92214640
9.258201 1.92214656
9.358834 1.92214672
9.459466 1.92214689
9.560099 1.92214705
9.660732 1.92214721
9.761364 1.92214737
9.861997 1.92214753
9.962629 1.92214768
10.063262 1.92214784
10.163895 1.92214799
10.264527 1.92214814
10.365160 1.92214829
10.465793 1.92214844
10.566425 1.92214858
10.667058 1.92214872
10.767690 1.92214886
10.868323 1.92214899
10.968956 1.92214912
11.069588 1.92214925
11.170221 1.92214938
11.270853 1.92214950
11.371486 1.92214961
11.472119 1.92214973
11.572751 1.92214983
11.673384 1.92214994
11.774017 1.92215004
11.874649 1.92215013
11.975282 1.92215022
12.075914 1.92215030
12.176547 1.92215038
12.277180 1.92215045
12.377812 1.92215052
12.478445 1.92215058
12.579078 1.92215063
12.679710 1.92215068
12.780343 1.92215071
12.880975 1.92215075
12.981608 1.92215077
13.082241 1.92215079
13.182873 1.92215079
13.283506 1.92215079
13.384139 1.92215078
13.484771 1.92215077
13.585404 1.92215074
13.686036 1.92215071
13.786669 1.92215066
13.887302 1.92215061
13.987934 1.92215054
14.088567 1.92215047
14.189199 1.92215038
14.289832 1.92215029
14.390465 1.92215018
14.491097 1.92215006
14.591730 1.92214993
14.692363 1.92214979
14.792995 1.92214964
14.893628 1.92214947
14.994260 1.92214929
15.094893 1.92214910
15.195526 1.92214890
15.296158 1.92214868
15.396791 1.92214845
15.497424 1.92214821
15.598056 1.92214794
15.698689 1.92214767
15.799321 1.92214738
15.899954 1.92214708
16.000587 1.92214676
16.101219 1.92214642
16.201852 1.92214607
16.302485 1.92214570
16.403117 1.92214531
16.503750 1.92214490
16.604382 1.92214448
16.705015 1.92214403
16.805648 1.92214357
16.906280 1.92214308
17.006913 1.92214258
17.107545 1.92214205
17.208178 1.92214150
17.308811 1.92214092
17.409443 1.92214032
17.510076 1.92213968
17.610709 1.92213902
17.711341 1.92213833
17.811974 1.92213760
17.912606 1.92213683
18.013239 1.92213602
18.113872 1.92213516
18.214504 1.92213426
18.315137 1.92213329
18.415770 1.92213226
18.516402 1.92213116
18.617035 1.92212998
18.717667 1.92212869
18.818300 1.92212731
18.918933 1.92212579
19.019565 1.92212413
19.120198 1.92212230
19.220831 1.92212027
19.321463 1.92211800
19.422096 1.92211546
19.522728 1.92211259
19.623361 1.92210933
19.723994 1.92210562
19.824626 1.92210136
19.925259 1.92209644
20.025891 1.92209075
20.126524 1.92208411
20.227157 1.92207636
20.327789 1.92206724
20.428422 1.92205650
20.529055 1.92204377
20.629687 1.92202866
20.730320 1.92201063
20.830952 1.92198907
20.931585 1.92196319
21.032218 1.92193204
21.132850 1.92189441
21.233483 1.92184883
21.334116 1.92179343
21.434748 1.92172589
21.535381 1.92164328
21.636013 1.92154189
21.736646 1.92141701
21.837279 1.92126265
21.937911 1.92107108
22.038544 1.92083240
22.139177 1.92053372
22.239809 1.92015831
22.340442 1.91968417
22.441074 1.91908242
22.541707 1.91831469
22.642340 1.91733000
22.742972 1.91605991
22.843605 1.91441244
22.944237 1.91226285
23.044870 1.90944178
23.145503 1.90571724
23.246135 1.90077139
23.346768 1.89416499
23.447401 1.88529129
23.548033 1.87330538
23.648666 1.85703175
23.749298 1.83482307
23.849931 1.80437359
23.950564 1.76243758
24.051196 1.70445224
24.151829 1.62398853
24.252462 1.51199837
24.353094 1.35581829
24.453727 1.13766815
24.554359 0.83310241
24.654992 0.40931449
24.755625 -0.16432687
24.856257 -0.84312933
24.956890 -1.37202475
25.057523 -1.48195950
25.158155 -1.37945167
25.258788 -1.50271756
25.359420 -2.08591399
25.460053 -3.21713639
25.560686 -4.94918354
25.661318 -7.26745243
25.761951 -9.91460611
25.862583 -12.17570727
25.963216 -13.09620706
26.063849 -12.31348797
26.164481 -10.44020742
26.265114 -8.38379017
26.365747 -6.68505675
26.466379 -5.53242264
26.567012 -4.98934992
26.667644 -5.10405571
26.768277 -5.92223534
26.868910 -7.42958741
26.969542 -9.39091713
27.070175 -11.13062578
27.170808 -11.68166133
27.271440 -10.58906438
27.372073 -8.40651713
27.472705 -6.08554606
27.573338 -4.23194584
27.673971 -3.04388547
27.774603 -2.54396996
27.875236 -2.72357077
27.975869 -3.58673471
28.076501 -5.13229560
28.177134 -7.26369885
28.277766 -9.57349768
28.378399 -11.20026204
28.479032 -11.29869416
28.579664 -9.88224663
28.680297 -7.81028988
28.780929 -5.94695315
28.881562 -4.70589951
28.982195 -4.18680468
29.082827 -4.39158944
29.183460 -5.31290366
29.284093 -6.93462912
29.384725 -9.17450557
29.485358 -11.71109456
29.585990 -13.77279592
29.686623 -14.37146262
29.787256 -13.14807329
29.887888 -10.76757365
29.988521 -8.22867252
30.089154 -6.15059218
30.189786 -4.74208577
30.290419 -4.03961133
30.391051 -4.04591731
30.491684 -4.76491642
30.592317 -6.18514557
30.692949 -8.16549411
30.793582 -10.20072994
30.894215 -11.36642160
30.994847 -10.92097681
31.095480 -9.07191470
31.196112 -6.74376166
31.296745 -4.72132054
31.397378 -3.33095010
31.498010 -2.63920797
31.598643 -2.64591651
31.699275 -3.35026698
31.799908 -4.75263016
31.900541 -6.77773936
32.001173 -9.07292469
32.101806 -10.83191972
32.202439 -11.14895019
32.303071 -9.87410177
32.403704 -7.78749865
32.504336 -5.80055892
32.604969 -4.38922202
32.705602 -3.68388560
32.806234 -3.69529296
32.906867 -4.41911904
33.007500 -5.85647995
33.108132 -7.96420587
33.208765 -10.49855874
33.309397 -12.78370245
33.410030 -13.81174674
33.510663 -13.02739715
33.611295 -10.91318248
33.711928 -8.45065374
33.812560 -6.32980173
33.913193 -4.82159471
34.013826 -3.99317078
34.114458 -3.85886037
34.215091 -4.43097693
34.315724 -5.70680580
34.416356 -7.57989228
34.516989 -9.62505485
34.617621 -10.96731155
34.718254 -10.77073773
34.818887 -9.07319269
34.919519 -6.74284015
35.020152 -4.63356297
35.120785 -3.14857179
35.221417 -2.38450511
35.322050 -2.34610469
35.422682 -3.03405488
35.523315 -4.43763491
35.623948 -6.44113457
35.724580 -8.60447892
35.825213 -10.03751892
35.925846 -9.90130984
36.026478 -8.23763057
36.127111 -5.90322030
36.227743 -3.72131470
36.328376 -2.05784253
36.429009 -0.97065340
36.529641 -0.41843078
36.630274 -0.32629964
36.730906 -0.50056659
36.831539 -0.52614076
36.932172 -0.10980402
37.032804 0.53969852
37.133437 1.12878675
37.234070 1.57967718
37.334702 1.91505420
37.435335 2.16593775
37.535967 2.35489699
37.636600 2.49709962
37.737233 2.60127007
37.837865 2.67259313
37.938498 2.71663684
38.039131 2.73759990
38.139763 2.74068221
38.240396 2.73972828
38.341028 2.73438929
38.441661 2.72443204
38.542294 2.70991256
38.642926 2.69085996
38.743559 2.66728075
38.844192 2.63917232
38.944824 2.60652606
39.045457 2.56933901
39.146089 2.52757744
39.246722 2.48116954
39.347355 2.43004638
39.447987 2.37423859
39.548620 2.31423740
39.649252 2.25175977
39.749885 2.19066896
39.850518 2.13755806
39.951150 2.10101179
40.051783 2.08904736
40.152416 2.10574035
40.253048 2.14921172
40.353681 2.21245953
40.454313 2.28637419
40.554946 2.36279243
40.655579 2.43593351
40.756211 2.50215435
40.856844 2.55892299
40.957477 2.60377806
41.058109 2.63351067
41.158742 2.64350811
41.259374 2.62717765
41.360007 2.57472053
41.460640 2.47309217
41.561272 2.31147968
41.661905 2.09799572
41.762538 1.88656955
41.863170 1.77182745
41.963803 1.81482993
42.064435 1.97851437
42.165068 2.16771790
42.265701 2.31066556
42.366333 2.38254332
42.466966 2.38409334
42.567598 2.32179682
42.668231 2.20024563
42.768864 2.02351213
42.869496 1.80462869
42.970129 1.58378486
43.070762 1.43203574
43.171394 1.39838305
43.272027 1.44483531
43.372659 1.46777405
43.473292 1.37426116
43.573925 1.13153507
43.674557 0.79952966
43.775190 0.54536987
43.875823 0.55169179
43.976455 0.84644355
44.077088 1.27889868
44.177720 1.67655230
44.278353 1.95819295
44.378986 2.11687950
44.479618 2.16881689
44.580251 2.12865231
44.680884 2.00301161
44.781516 1.79089304
44.882149 1.48798788
44.982781 1.10085846
45.083414 0.68217510
45.184047 0.35667682
45.284679 0.25535327
45.385312 0.39402913
45.485944 0.68571778
45.586577 1.03025074
45.687210 1.33349273
45.787842 1.57005806
45.888475 1.79850588
45.989108 2.04295764
46.089740 2.26291202
46.190373 2.43450148
46.291005 2.56269565
46.391638 2.65849763
46.492271 2.73076075
46.592903 2.78564132
46.693536 2.82729599
46.794169 2.85840460
46.894801 2.88072314
46.995434 2.89503907
47.096066 2.90204743
47.196699 2.90531070
47.297332 2.90802246
47.397964 2.91057512
47.498597 2.91306393
47.599230 2.91552087
47.699862 2.91795998
47.800495 2.92038846
47.901127 2.92281034
48.001760 2.92522799
48.102393 2.92764288
48.203025 2.93005592
48.303658 2.93246771
48.404290 2.93487865
48.504923 2.93728900
48.605556 2.93969894
48.706188 2.94210859
48.806821 2.94451802
48.907454 2.94692634
49.008086 2.94932420
49.108719 2.95171069
49.209351 2.95408580
49.309984 2.95644955
49.410617 2.95880197
49.511249 2.96114305
49.611882 2.96347281
49.712515 2.96579124
49.813147 2.96809836
49.913780 2.97039416
50.014412 2.97267864
50.115045 2.97495181
50.215678 2.97721367
50.316310 2.97946422
50.416943 2.98170346
50.517576 2.98393139
50.618208 2.98614800
50.718841 2.98835331
50.819473 2.99054731
50.920106 2.99273000
51.020739 2.99490138
51.121371 2.99706146
51.222004 2.99921022
51.322636 3.00134768
51.423269 3.00347382
51.523902 3.00558866
51.624534 3.00769219
51.725167 3.00978441
51.825800 3.01186533
51.926432 3.01393493
52.027065 3.01599323
52.127697 3.01804021
52.228330 3.02007589
52.328963 3.02210026
52.429595 3.02411333
52.530228 3.02611508
52.630861 3.02810553
52.731493 3.03008466
52.832126 3.03205249
52.932758 3.03400901
53.033391 3.03595423
53.134024 3.03788813
53.234656 3.03981072
53.335289 3.04172201
53.435921 3.04362199
53.536554 3.04551066
53.637187 3.04738802
53.737819 3.04925407
53.838452 3.05110881
53.939085 3.05295225
54.039717 3.05478438
54.140350 3.05660519
54.240982 3.05841470
54.341615 3.06021290
54.442248 3.06199980
54.542880 3.06377538
54.643513 3.06553966
54.744146 3.06729262
54.844778 3.06903428
54.945411 3.07076463
55.046043 3.07248367
55.146676 3.07419140
55.247309 3.07588783
55.347941 3.07757294
55.448574 3.07924675
55.549207 3.08090924
55.649839 3.08256043
55.750472 3.08420031
55.851104 3.08582888
55.951737 3.08744615
56.052370 3.08905210
56.153002 3.09064675
56.253635 3.09223008
56.354267 3.09380211
56.454900 3.09536283
56.555533 3.09691224
56.656165 3.09845034
56.756798 3.09997713
56.857431 3.10149262
56.958063 3.10299679
57.058696 3.10448966
57.159328 3.10597122
57.259961 3.10744147
57.360594 3.10890041
57.461226 3.11034804
57.561859 3.11178436
57.662492 3.11320938
57.763124 3.11462308
57.863757 3.11602548
57.964389 3.11741657
58.065022 3.11879635
58.165655 3.12016482
58.266287 3.12152198
58.366920 3.12286783
58.467553 3.12420238
58.568185 3.12552561
58.668818 3.12683754
58.769450 3.12813816
58.870083 3.12942747
58.970716 3.13070547
59.071348 3.13197216
59.171981 3.13322754
59.272613 3.13447162
59.373246 3.13570438
59.473879 3.13692584
59.574511 3.13813599
59.675144 3.13933482
59.775777 3.14052235
59.876409 3.14169858
59.977042 3.14286349
60.077674 3.14401709
60.178307 3.14515939
60.278940 3.14629038
60.379572 3.14741005
60.480205 3.14851842
60.580838 3.14961548
60.681470 3.15070123
60.782103 3.15177568
60.882735 3.15283881
60.983368 3.15389064
61.084001 3.15493115
61.184633 3.15596036
61.285266 3.15697826
61.385899 3.15798485
61.486531 3.15898013
61.587164 3.15996411
61.687796 3.16093677
61.788429 3.16189813
61.889062 3.16284818
61.989694 3.16378691
62.090327 3.16471434
62.190959 3.16563046
62.291592 3.16653528
62.392225 3.16742878
62.492857 3.16831098
62.593490 3.16918186
62.694123 3.17004144
62.794755 3.17088971
62.895388 3.17172667
62.996020 3.17255232
63.096653 3.17336667
63.197286 3.17416970
63.297918 3.17496143
63.398551 3.17574184
63.499184 3.17651095
63.599816 3.17726875
63.700449 3.17801525
63.801081 3.17875043
63.901714 3.17947430
64.002347 3.18018687
64.102979 3.18088813
64.203612 3.18157808
64.304245 3.18225672
64.404877 3.18292405
64.505510 3.18358007
64.606142 3.18422479
64.706775 3.18485819
64.807408 3.18548029
64.908040 3.18609108
65.008673 3.18669056
65.109305 3.18727873
65.209938 3.18785560
65.310571 3.18842115
65.411203 3.18897540
65.511836 3.18951834
65.612469 3.19004997
65.713101 3.19057029
65.813734 3.19107931
65.914366 3.19157701
66.014999 3.19206341
66.115632 3.19253850
66.216264 3.19300228
66.316897 3.19345475
66.417530 3.19389591
66.518162 3.19432577
66.618795 3.19474431
66.719427 3.19515155
66.820060 3.19554748
66.920693 3.19593210
67.021325 3.19630542
67.121958 3.19666742
67.222591 3.19701812
67.323223 3.19735751
67.423856 3.19768559
67.524488 3.19800236
67.625121 3.19830782
67.725754 3.19860198
67.826386 3.19888482
67.927019 3.19915636
68.027651 3.19941659
68.128284 3.19966552
68.228917 3.19990313
68.329549 3.20012944
68.430182 3.20034444
68.530815 3.20054813
68.631447 3.20074051
68.732080 3.20092158
68.832712 3.20109135
68.933345 3.20124981
69.033978 3.20139695
69.134610 3.20153280
69.235243 3.20165733
69.335876 3.20177055
69.436508 3.20187247
69.537141 3.20196308
69.637773 3.20204238
69.738406 3.20211037
69.839039 3.20216705
69.939671 3.20221339
70.040304 3.20225877
70.140937 3.20230414
70.241569 3.20234951
70.342202 3.20239489
70.442834 3.20244026
70.543467 3.20248564
70.644100 3.20253102
70.744732 3.20257639
