0.100633 1.92303477
0.201265 1.92303372
0.301898 1.92303484
0.402530 1.92303496
0.503163 1.92303495
0.603796 1.92303494
0.704428 1.92303492
0.805061 1.92303490
0.905694 1.92303489
1.006326 1.92303487
1.106959 1.92303484
1.207591 1.92303482
1.308224 1.92303479
1.408857 1.92303476
1.509489 1.92303473
1.610122 1.92303470
1.710755 1.92303466
1.811387 1.92303462
1.912020 1.92303457
2.012652 1.92303452
2.113285 1.92303447
2.213918 1.92303441
2.314550 1.92303434
2.415183 1.92303428
2.515816 1.92303420
2.616448 1.92303413
2.717081 1.92303404
2.817713 1.92303395
2.918346 1.92303386
3.018979 1.92303376
3.119611 1.92303365
3.220244 1.92303354
3.320876 1.92303342
3.421509 1.92303329
3.522142 1.92303316
3.622774 1.92303302
3.723407 1.92303287
3.824040 1.92303271
3.924672 1.92303255
4.025305 1.92303238
4.125937 1.92303220
4.226570 1.92303201
4.327203 1.92303181
4.427835 1.92303160
4.528468 1.92303139
4.629101 1.92303117
4.729733 1.92303093
4.830366 1.92303069
4.930998 1.92303044
5.031631 1.92303017
5.132264 1.92302990
5.232896 1.92302962
5.333529 1.92302933
5.434162 1.92302902
5.534794 1.92302871
5.635427 1.92302838
5.736059 1.92302804
5.836692 1.92302770
5.937325 1.92302734
6.037957 1.92302696
6.138590 1.92302658
6.239222 1.92302619
6.339855 1.92302578
6.440488 1.92302536
6.541120 1.92302492
6.641753 1.92302448
6.742386 1.92302402
6.843018 1.92302355
6.943651 1.92302307
7.044283 1.92302257
7.144916 1.92302206
7.245549 1.92302153
7.346181 1.92302099
7.446814 1.92302044
7.547447 1.92301987
7.648079 1.92301929
7.748712 1.92301870
7.849344 1.92301809
7.949977 1.92301747
8.050610 1.92301683
8.151242 1.92301617
8.251875 1.92301550
8.352508 1.92301482
8.453140 1.92301412
8.553773 1.92301341
8.654405 1.92301268
8.755038 1.92301194
8.855671 1.92301118
8.956303 1.92301040
9.056936 1.92300961
9.157568 1.92300880
9.258201 1.92300798
9.358834 1.92300714
9.459466 1.92300629
9.560099 1.92300542
9.660732 1.92300453
9.761364 1.92300363
9.861997 1.92300271
9.962629 1.92300178
10.063262 1.92300083
10.163895 1.92299986
10.264527 1.92299888
10.365160 1.92299788
10.465793 1.92299686
10.566425 1.92299583
10.667058 1.92299478
10.767690 1.92299372
10.868323 1.92299264
10.968956 1.92299154
11.069588 1.92299043
11.170221 1.92298930
11.270853 1.92298816
11.371486 1.92298700
11.472119 1.92298582
11.572751 1.92298463
11.673384 1.92298342
11.774017 1.92298220
11.874649 1.92298096
11.975282 1.92297971
12.075914 1.92297843
12.176547 1.92297715
12.277180 1.92297585
12.377812 1.92297454
12.478445 1.92297321
12.579078 1.92297187
12.679710 1.92297050
12.780343 1.92296913
12.880975 1.92296774
12.981608 1.92296635
13.082241 1.92296493
13.182873 1.92296350
13.283506 1.92296206
13.384139 1.92296061
13.484771 1.92295914
13.585404 1.92295766
13.686036 1.92295616
13.786669 1.92295466
13.887302 1.92295314
13.987934 1.92295162
14.088567 1.92295007
14.189199 1.92294853
14.289832 1.92294696
14.390465 1.92294539
14.491097 1.92294380
14.591730 1.92294222
14.692363 1.92294061
14.792995 1.92293900
14.893628 1.92293737
14.994260 1.92293575
15.094893 1.92293411
15.195526 1.92293247
15.296158 1.92293081
15.396791 1.92292915
15.497424 1.92292748
15.598056 1.92292581
15.698689 1.92292412
15.799321 1.92292244
15.899954 1.92292074
16.000587 1.92291905
16.101219 1.92291733
16.201852 1.92291563
16.302485 1.92291391
16.403117 1.92291220
16.503750 1.92291047
16.604382 1.92290875
16.705015 1.92290701
16.805648 1.92290529
16.906280 1.92290354
17.006913 1.92290181
17.107545 1.92290005
17.208178 1.92289831
17.308811 1.92289654
17.409443 1.92289479
17.510076 1.92289301
17.610709 1.92289124
17.711341 1.92288944
17.811974 1.92288765
17.912606 1.92288583
18.013239 1.92288401
18.113872 1.92288215
18.214504 1.92288029
18.315137 1.92287837
18.415770 1.92287645
18.516402 1.92287446
18.617035 1.92287244
18.717667 1.92287033
18.818300 1.92286817
18.918933 1.92286589
19.019565 1.92286353
19.120198 1.92286101
19.220831 1.92285835
19.321463 1.92285548
19.422096 1.92285239
19.522728 1.92284899
19.623361 1.92284527
19.723994 1.92284112
19.824626 1.92283649
19.925259 1.92283123
20.025891 1.92282527
20.126524 1.92281840
20.227157 1.92281050
20.327789 1.92280127
20.428422 1.92279051
20.529055 1.92277782
20.629687 1.92276284
20.730320 1.92274502
20.830952 1.92272380
20.931585 1.92269835
21.032218 1.92266779
21.132850 1.92263090
21.233483 1.92258627
21.334116 1.92253205
21.434748 1.92246601
21.535381 1.92238523
21.636013 1.92228619
21.736646 1.92216423
21.837279 1.92201360
21.937911 1.92182678
22.038544 1.92159424
22.139177 1.92130349
22.239809 1.92093847
22.340442 1.92047799
22.441074 1.91989439
22.541707 1.91915088
22.642340 1.91819875
22.742972 1.91697266
22.843605 1.91538501
22.944237 1.91331707
23.044870 1.91060801
23.145503 1.90703772
23.246135 1.90230504
23.346768 1.89599425
23.447401 1.88753167
23.548033 1.87611914
23.648666 1.86064714
23.749298 1.83956184
23.849931 1.81068975
23.950564 1.77097253
24.051196 1.71611232
24.151829 1.64005296
24.252462 1.53427059
24.353094 1.38682319
24.453727 1.18093860
24.554359 0.89350413
24.654992 0.49301713
24.755625 -0.05404006
24.856257 -0.72690577
24.956890 -1.31185093
25.057523 -1.49968621
25.158155 -1.40309901
25.258788 -1.46488373
25.359420 -1.96116476
25.460053 -2.99463588
25.560686 -4.62282701
25.661318 -6.84995776
25.761951 -9.47701383
25.862583 -11.87015942
25.963216 -13.06580746
26.063849 -12.54607933
26.164481 -10.78734226
26.265114 -8.70993936
26.365747 -6.93004405
26.466379 -5.67860413
26.567012 -5.02834118
26.667644 -5.02770906
26.768277 -5.72526963
26.868910 -7.12372510
26.969542 -9.04138724
27.070175 -10.88399645
27.170808 -11.68958567
27.271440 -10.85684844
27.372073 -8.78869281
27.472705 -6.43546117
27.573338 -4.48234784
27.673971 -3.18017460
27.774603 -2.56640879
27.875236 -2.63264165
27.975869 -3.38073155
28.076501 -4.81355971
28.177134 -6.86312006
28.277766 -9.19319470
28.378399 -11.00779039
28.479032 -11.39571327
28.579664 -10.18963818
28.680297 -8.15666571
28.780929 -6.21455594
28.881562 -4.85391903
28.982195 -4.20903435
29.082827 -4.28923522
29.183460 -5.08725730
29.284093 -6.59029662
29.384725 -8.73656456
29.485358 -11.26331768
29.585990 -13.47927744
29.686623 -14.38379152
29.787256 -13.45055512
29.887888 -11.19406619
29.988521 -8.62389591
30.089154 -6.44358182
30.189786 -4.91517416
30.290419 -4.09166764
30.391051 -3.97732921
30.491684 -4.57532653
30.592317 -5.88156884
30.692949 -7.79041056
30.793582 -9.87377245
30.894215 -11.25689722
30.994847 -11.10024916
31.095480 -9.43184400
31.196112 -7.11629081
31.296745 -5.00554292
31.397378 -3.49544828
31.498010 -2.67968517
31.598643 -2.56142404
31.699275 -3.13801391
31.799908 -4.41340832
31.900541 -6.33865862
32.001173 -8.63602742
32.101806 -10.58552188
32.202439 -11.23721322
32.303071 -10.24252151
32.403704 -8.24794935
32.504336 -6.20661755
32.604969 -4.68689479
32.705602 -3.86717328
32.806234 -3.76873692
32.906867 -4.38510584
33.007500 -5.71369352
33.108132 -7.71795376
33.208765 -10.19624186
33.309397 -12.55095484
33.410030 -13.79185521
33.510663 -13.23077433
33.611295 -11.19919330
33.711928 -8.67711863
33.812560 -6.44050310
33.913193 -4.81560669
34.013826 -3.88007764
34.114458 -3.64253963
34.215091 -4.10939257
34.315724 -5.28169830
34.416356 -7.08711395
34.516989 -9.18455720
34.617621 -10.77425566
34.718254 -10.94127557
34.818887 -9.51343780
34.919519 -7.25442140
35.020152 -5.08189025
35.120785 -3.48831089
35.221417 -2.61045150
35.322050 -2.46186154
35.422682 -3.04322942
35.523315 -4.34817481
35.623948 -6.29269750
35.724580 -8.51481550
35.825213 -10.19181643
35.925846 -10.40898976
36.026478 -9.01621944
36.127111 -6.77834154
36.227743 -4.57755876
36.328376 -2.85910963
36.429009 -1.71594712
36.529641 -1.11551311
36.630274 -0.99107918
36.730906 -1.18027627
36.831539 -1.29898595
36.932172 -0.99156557
37.032804 -0.39517636
37.133437 0.17282056
37.234070 0.60320718
37.334702 0.91259313
37.435335 1.13384817
37.535967 1.29228235
37.636600 1.40576212
37.737233 1.48586834
37.837865 1.53932044
37.938498 1.57113581
38.039131 1.58529316
38.139763 1.58536180
38.240396 1.58127528
38.341028 1.57306303
38.441661 1.56030080
38.542294 1.54299760
38.642926 1.52116104
38.743559 1.49478092
38.844192 1.46384173
38.944824 1.42832774
39.045457 1.38823249
39.146089 1.34351688
39.246722 1.29411730
39.347355 1.23995962
39.447987 1.18106302
39.548620 1.11786040
39.649252 1.05193979
39.749885 0.98696327
39.850518 0.92931100
39.951150 0.88748520
40.051783 0.86968496
40.152416 0.88042351
40.253048 0.91832579
40.353681 0.97672168
40.454313 1.04655611
40.554946 1.11952071
40.655579 1.18964667
40.756211 1.25316927
40.856844 1.30752948
40.957477 1.35032352
41.058109 1.37846089
41.158742 1.38751251
41.259374 1.37115006
41.360007 1.31992471
41.460640 1.22106146
41.561272 1.06297612
41.661905 0.85034391
41.762538 0.63143326
41.863170 0.49911848
41.963803 0.52231891
42.064435 0.67443854
42.165068 0.86233261
42.265701 1.00928719
42.366333 1.08608451
42.466966 1.09193454
42.567598 1.03326581
42.668231 0.91489504
42.768864 0.74071426
42.869496 0.52205532
42.970129 0.29540321
43.070762 0.13009022
43.171394 0.08154623
43.272027 0.12223643
43.372659 0.15220104
43.473292 0.07435138
43.573925 -0.15301112
43.674557 -0.48480982
43.775190 -0.76684547
43.875823 -0.80792275
43.976455 -0.55149828
44.077088 -0.13075015
44.177720 0.27500125
44.278353 0.57064096
44.378986 0.74191368
44.479618 0.80380445
44.580251 0.77190019
44.680884 0.65395851
44.781516 0.44988813
44.882149 0.15545732
44.982781 -0.22549991
45.083414 -0.64835642
45.184047 -0.99638648
45.284679 -1.13228365
45.385312 -1.02402330
45.485944 -0.75423820
45.586577 -0.42029020
45.687210 -0.11364440
45.787842 0.12598535
45.888475 0.34891970
45.989108 0.58953209
46.089740 0.81144846
46.190373 0.98585193
46.291005 1.11530398
46.391638 1.21083157
46.492271 1.28176970
46.592903 1.33463042
46.693536 1.37389053
46.794169 1.40244880
46.894801 1.42217578
46.995434 1.43412345
47.096066 1.43885257
47.196699 1.43942257
47.297332 1.43935343
47.397964 1.43912128
47.498597 1.43883309
47.599230 1.43852022
47.699862 1.43819490
47.800495 1.43786279
47.901127 1.43752679
48.001760 1.43718848
48.102393 1.43684876
48.203025 1.43650816
48.303658 1.43616700
48.404290 1.43582548
48.504923 1.43548373
48.605556 1.43514184
48.706188 1.43479984
48.806821 1.43445778
48.907454 1.43411585
49.008086 1.43377581
49.108719 1.43343783
49.209351 1.43310192
49.309984 1.43276810
49.410617 1.43243636
49.511249 1.43210670
49.611882 1.43177913
49.712515 1.43145365
49.813147 1.43113025
49.913780 1.43080894
50.014412 1.43048971
50.115045 1.43017258
50.215678 1.42985753
50.316310 1.42954457
50.416943 1.42923370
50.517576 1.42892491
50.618208 1.42861821
50.718841 1.42831360
50.819473 1.42801108
50.920106 1.42771065
51.020739 1.42741230
51.121371 1.42711605
51.222004 1.42682188
51.322636 1.42652979
51.423269 1.42623980
51.523902 1.42595189
51.624534 1.42566607
51.725167 1.42538234
51.825800 1.42510070
51.926432 1.42482115
52.027065 1.42454368
52.127697 1.42426830
52.228330 1.42399501
52.328963 1.42372380
52.429595 1.42345468
52.530228 1.42318765
52.630861 1.42292271
52.731493 1.42265986
52.832126 1.42239909
52.932758 1.42214041
53.033391 1.42188382
53.134024 1.42162932
53.234656 1.42137690
53.335289 1.42112657
53.435921 1.42087833
53.536554 1.42063218
53.637187 1.42038811
53.737819 1.42014613
53.838452 1.41990624
53.939085 1.41966844
54.039717 1.41943272
54.140350 1.41919909
54.240982 1.41896755
54.341615 1.41873810
54.442248 1.41851073
54.542880 1.41828545
54.643513 1.41806226
54.744146 1.41784115
54.844778 1.41762214
54.945411 1.41740521
55.046043 1.41719036
55.146676 1.41697761
55.247309 1.41676694
55.347941 1.41655836
55.448574 1.41635187
55.549207 1.41614746
55.649839 1.41594514
55.750472 1.41574491
55.851104 1.41554676
55.951737 1.41535070
56.052370 1.41515673
56.153002 1.41496485
56.253635 1.41477505
56.354267 1.41458734
56.454900 1.41440172
56.555533 1.41421819
56.656165 1.41403674
56.756798 1.41385738
56.857431 1.41368010
56.958063 1.41350492
57.058696 1.41333182
57.159328 1.41316080
57.259961 1.41299188
57.360594 1.41282504
57.461226 1.41266029
57.561859 1.41249762
57.662492 1.41233705
57.763124 1.41217855
57.863757 1.41202215
57.964389 1.41186783
58.065022 1.41171560
58.165655 1.41156546
58.266287 1.41141740
58.366920 1.41127143
58.467553 1.41112755
58.568185 1.41098575
58.668818 1.41084604
58.769450 1.41070842
58.870083 1.41057289
58.970716 1.41043944
59.071348 1.41030808
59.171981 1.41017880
59.272613 1.41005161
59.373246 1.40992651
59.473879 1.40980350
59.574511 1.40968257
59.675144 1.40956373
59.775777 1.40944697
59.876409 1.40933230
59.977042 1.40921972
60.077674 1.40910923
60.178307 1.40900082
60.278940 1.40889450
60.379572 1.40879026
60.480205 1.40868812
60.580838 1.40858805
60.681470 1.40849008
60.782103 1.40839419
60.882735 1.40830039
60.983368 1.40820868
61.084001 1.40811905
61.184633 1.40803151
61.285266 1.40794605
61.385899 1.40786268
61.486531 1.40778140
61.587164 1.40770220
61.687796 1.40762510
61.788429 1.40755007
61.889062 1.40747714
61.989694 1.40740629
62.090327 1.40733752
62.190959 1.40727085
62.291592 1.40720626
62.392225 1.40714376
62.492857 1.40708334
62.593490 1.40702501
62.694123 1.40696876
62.794755 1.40691461
62.895388 1.40686254
62.996020 1.40681255
63.096653 1.40676465
63.197286 1.40671884
63.297918 1.40667512
63.398551 1.40663348
63.499184 1.40659393
63.599816 1.40655646
63.700449 1.40652108
63.801081 1.40648779
63.901714 1.40645658
64.002347 1.40642746
64.102979 1.40640043
64.203612 1.40637548
64.304245 1.40635262
64.404877 1.40633184
64.505510 1.40631315
64.606142 1.40629655
64.706775 1.40628203
64.807408 1.40626961
64.908040 1.40625926
65.008673 1.40625101
65.109305 1.40624483
65.209938 1.40624075
65.310571 1.40623875
65.411203 1.40623884
65.511836 1.40624102
65.612469 1.40624528
65.713101 1.40625162
65.813734 1.40626006
65.914366 1.40627058
66.014999 1.40628318
66.115632 1.40629788
66.216264 1.40631465
66.316897 1.40633352
66.417530 1.40635447
66.518162 1.40637751
66.618795 1.40640263
66.719427 1.40642984
66.820060 1.40645914
66.920693 1.40649052
67.021325 1.40652399
67.121958 1.40655954
67.222591 1.40659719
67.323223 1.40663691
67.423856 1.40667873
67.524488 1.40672263
67.625121 1.40676861
67.725754 1.40681669
67.826386 1.40686684
67.927019 1.40691909
68.027651 1.40697342
68.128284 1.40702984
68.228917 1.40708834
68.329549 1.40714893
68.430182 1.40721160
68.530815 1.40727637
68.631447 1.40734321
68.732080 1.40741215
68.832712 1.40748317
68.933345 1.40755628
69.033978 1.40763147
69.134610 1.40770875
69.235243 1.40778811
69.335876 1.40786956
69.436508 1.40795310
69.537141 1.40803873
69.637773 1.40812644
69.738406 1.40821623
69.839039 1.40830812
69.939671 1.40840191
70.040304 1.40849587
70.140937 1.40858984
70.241569 1.40868381
70.342202 1.40877778
70.442834 1.40887175
70.543467 1.40896573
70.644100 1.40905978
70.744732 1.40915367
