0.100633 1.92567423
0.201265 1.92567703
0.301898 1.92567407
0.402530 1.92567377
0.503163 1.92567380
0.603796 1.92567385
0.704428 1.92567389
0.805061 1.92567393
0.905694 1.92567398
1.006326 1.92567402
1.106959 1.92567407
1.207591 1.92567412
1.308224 1.92567416
1.408857 1.92567421
1.509489 1.92567426
1.610122 1.92567432
1.710755 1.92567437
1.811387 1.92567443
1.912020 1.92567449
2.012652 1.92567454
2.113285 1.92567461
2.213918 1.92567467
2.314550 1.92567474
2.415183 1.92567481
2.515816 1.92567488
2.616448 1.92567495
2.717081 1.92567503
2.817713 1.92567511
2.918346 1.92567520
3.018979 1.92567528
3.119611 1.92567537
3.220244 1.92567547
3.320876 1.92567557
3.421509 1.92567567
3.522142 1.92567577
3.622774 1.92567588
3.723407 1.92567600
3.824040 1.92567612
3.924672 1.92567624
4.025305 1.92567637
4.125937 1.92567651
4.226570 1.92567664
4.327203 1.92567679
4.427835 1.92567694
4.528468 1.92567710
4.629101 1.92567726
4.729733 1.92567743
4.830366 1.92567760
4.930998 1.92567779
5.031631 1.92567798
5.132264 1.92567818
5.232896 1.92567838
5.333529 1.92567859
5.434162 1.92567881
5.534794 1.92567904
5.635427 1.92567927
5.736059 1.92567952
5.836692 1.92567977
5.937325 1.92568004
6.037957 1.92568031
6.138590 1.92568060
6.239222 1.92568089
6.339855 1.92568120
6.440488 1.92568151
6.541120 1.92568184
6.641753 1.92568217
6.742386 1.92568253
6.843018 1.92568289
6.943651 1.92568327
7.044283 1.92568365
7.144916 1.92568405
7.245549 1.92568447
7.346181 1.92568490
7.446814 1.92568534
7.547447 1.92568580
7.648079 1.92568627
7.748712 1.92568676
7.849344 1.92568726
7.949977 1.92568779
8.050610 1.92568832
8.151242 1.92568888
8.251875 1.92568945
8.352508 1.92569005
8.453140 1.92569065
8.553773 1.92569129
8.654405 1.92569193
8.755038 1.92569261
8.855671 1.92569329
8.956303 1.92569401
9.056936 1.92569474
9.157568 1.92569550
9.258201 1.92569627
9.358834 1.92569708
9.459466 1.92569790
9.560099 1.92569876
9.660732 1.92569963
9.761364 1.92570054
9.861997 1.92570146
9.962629 1.92570243
10.063262 1.92570340
10.163895 1.92570442
10.264527 1.92570546
10.365160 1.92570654
10.465793 1.92570763
10.566425 1.92570877
10.667058 1.92570993
10.767690 1.92571113
10.868323 1.92571236
10.968956 1.92571363
11.069588 1.92571492
11.170221 1.92571626
11.270853 1.92571762
11.371486 1.92571904
11.472119 1.92572048
11.572751 1.92572197
11.673384 1.92572348
11.774017 1.92572505
11.874649 1.92572665
11.975282 1.92572830
12.075914 1.92572999
12.176547 1.92573172
12.277180 1.92573350
12.377812 1.92573532
12.478445 1.92573719
12.579078 1.92573911
12.679710 1.92574107
12.780343 1.92574309
12.880975 1.92574514
12.981608 1.92574726
13.082241 1.92574942
13.182873 1.92575165
13.283506 1.92575392
13.384139 1.92575625
13.484771 1.92575863
13.585404 1.92576108
13.686036 1.92576357
13.786669 1.92576613
13.887302 1.92576874
13.987934 1.92577143
14.088567 1.92577416
14.189199 1.92577697
14.289832 1.92577984
14.390465 1.92578278
14.491097 1.92578577
14.591730 1.92578885
14.692363 1.92579197
14.792995 1.92579519
14.893628 1.92579846
14.994260 1.92580181
15.094893 1.92580523
15.195526 1.92580873
15.296158 1.92581230
15.396791 1.92581595
15.497424 1.92581967
15.598056 1.92582349
15.698689 1.92582736
15.799321 1.92583134
15.899954 1.92583538
16.000587 1.92583952
16.101219 1.92584373
16.201852 1.92584804
16.302485 1.92585242
16.403117 1.92585690
16.503750 1.92586146
16.604382 1.92586612
16.705015 1.92587085
16.805648 1.92587570
16.906280 1.92588061
17.006913 1.92588564
17.107545 1.92589075
17.208178 1.92589596
17.308811 1.92590125
17.409443 1.92590665
17.510076 1.92591213
17.610709 1.92591772
17.711341 1.92592339
17.811974 1.92592916
17.912606 1.92593501
18.013239 1.92594096
18.113872 1.92594699
18.214504 1.92595311
18.315137 1.92595929
18.415770 1.92596556
18.516402 1.92597188
18.617035 1.92597827
18.717667 1.92598470
18.818300 1.92599118
18.918933 1.92599766
19.019565 1.92600416
19.120198 1.92601063
19.220831 1.92601706
19.321463 1.92602340
19.422096 1.92602964
19.522728 1.92603571
19.623361 1.92604156
19.723994 1.92604711
19.824626 1.92605230
19.925259 1.92605700
20.025891 1.92606112
20.126524 1.92606448
20.227157 1.92606692
20.327789 1.92606820
20.428422 1.92606808
20.529055 1.92606618
20.629687 1.92606216
20.730320 1.92605546
20.830952 1.92604552
20.931585 1.92603156
21.032218 1.92601266
21.132850 1.92598764
21.233483 1.92595510
21.334116 1.92591319
21.434748 1.92585971
21.535381 1.92579177
21.636013 1.92570581
21.736646 1.92559724
21.837279 1.92546028
21.937911 1.92528743
22.038544 1.92506912
22.139177 1.92479284
22.239809 1.92444243
22.340442 1.92399660
22.441074 1.92342745
22.541707 1.92269787
22.642340 1.92175863
22.742972 1.92054362
22.843605 1.91896408
22.944237 1.91689963
23.044870 1.91418690
23.145503 1.91060221
23.246135 1.90583914
23.346768 1.89947440
23.447401 1.89092339
23.548033 1.87937221
23.648666 1.86368877
23.749298 1.84228677
23.849931 1.81294623
23.950564 1.77254225
24.051196 1.71668191
24.151829 1.63917423
24.252462 1.53130428
24.353094 1.38086537
24.453727 1.17071329
24.554359 0.87723966
24.654992 0.46842970
24.755625 -0.08834735
24.856257 -0.76388099
24.956890 -1.32832623
25.057523 -1.48602050
25.158155 -1.38528862
25.258788 -1.46947304
25.359420 -1.99848267
25.460053 -3.06901430
25.560686 -4.73683604
25.661318 -6.99936330
25.761951 -9.63570621
25.862583 -11.98009574
25.963216 -13.07002415
26.063849 -12.44738934
26.164481 -10.64480842
26.265114 -8.57959143
26.365747 -6.83698633
26.466379 -5.62902497
26.567012 -5.02362955
26.667644 -5.06912749
26.768277 -5.81363938
26.868910 -7.25439959
26.969542 -9.19036447
27.070175 -10.99591625
27.170808 -11.70437049
27.271440 -10.76872655
27.372073 -8.65226408
27.472705 -6.30865792
27.573338 -4.39261996
27.673971 -3.13373976
27.774603 -2.56325746
27.875236 -2.67252708
27.975869 -3.46426558
28.076501 -4.94007117
28.177134 -7.02182284
28.277766 -9.34701499
28.378399 -11.09346911
28.479032 -11.37163323
28.579664 -10.08245825
28.680297 -8.03138553
28.780929 -6.11766447
28.881562 -4.80212721
28.982195 -4.20512953
29.082827 -4.33292370
29.183460 -5.17823610
29.284093 -6.72720979
29.384725 -8.91083465
29.485358 -11.44480952
29.585990 -13.60655304
29.686623 -14.39673759
29.787256 -13.35076406
29.887888 -11.04310062
29.988521 -8.48194984
30.089154 -6.33852899
30.189786 -4.85343099
30.290419 -4.07270291
30.391051 -3.99978441
30.491684 -4.63818181
30.592317 -5.98194784
30.692949 -7.91534312
30.793582 -9.98697761
30.894215 -11.30501922
30.994847 -11.05749555
31.095480 -9.32887844
31.196112 -7.00577615
31.296745 -4.92062484
31.397378 -3.44699153
31.498010 -2.66944074
31.598643 -2.59001847
31.699275 -3.20681318
31.799908 -4.52258010
31.900541 -6.47988093
32.001173 -8.77597320
32.101806 -10.65976242
32.202439 -11.19217070
32.303071 -10.09162495
32.403704 -8.05463701
32.504336 -6.02296471
32.604969 -4.53268317
32.705602 -3.74462605
32.806234 -3.67638149
32.906867 -4.32329692
33.007500 -5.68668141
33.108132 -7.73170662
33.208765 -10.24515756
33.309397 -12.60056639
33.410030 -13.79701822
33.510663 -13.19258168
33.611295 -11.17248255
33.711928 -8.71009106
33.812560 -6.54141092
33.913193 -4.97062561
34.013826 -4.07539119
34.114458 -3.87153936
34.215091 -4.37146611
34.315724 -5.57721163
34.416356 -7.40556884
34.516989 -9.48535147
34.617621 -10.98736552
34.718254 -11.02297345
34.818887 -9.49925325
34.919519 -7.22351935
35.020152 -5.09161617
35.120785 -3.56132354
35.221417 -2.75226509
35.322050 -2.67205213
35.422682 -3.31748383
35.523315 -4.67651877
35.623948 -6.65185323
35.724580 -8.85692178
35.825213 -10.44759148
35.925846 -10.52213994
36.026478 -8.97736484
36.127111 -6.61080269
36.227743 -4.30347583
36.328376 -2.48988211
36.429009 -1.25796875
36.529641 -0.57389037
36.630274 -0.36978976
36.730906 -0.48057232
36.831539 -0.51889839
36.932172 -0.12991427
37.032804 0.54624427
37.133437 1.19290070
37.234070 1.70164926
37.334702 2.08811066
37.435335 2.38320210
37.535967 2.60833379
37.636600 2.77788070
37.737233 2.90223387
37.837865 2.98876993
37.938498 3.04394078
38.039131 3.07274470
38.139763 3.08018871
38.240396 3.08264603
38.341028 3.08427563
38.441661 3.08567013
38.542294 3.08696306
38.642926 3.08820297
38.743559 3.08941249
38.844192 3.09060353
38.944824 3.09178285
39.045457 3.09295451
39.146089 3.09412106
39.246722 3.09528416
39.347355 3.09644497
39.447987 3.09760429
39.548620 3.09876281
39.649252 3.09992119
39.749885 3.10108029
39.850518 3.10224152
39.951150 3.10340748
40.051783 3.10458382
40.152416 3.10578538
40.253048 3.10706477
40.353681 3.10866308
40.454313 3.11150309
40.554946 3.11554016
40.655579 3.12021850
40.756211 3.12463755
40.856844 3.12741534
40.957477 3.12647152
41.058109 3.11868735
41.158742 3.09939277
41.259374 3.06177784
41.360007 2.99573230
41.460640 2.88760194
41.561272 2.72441265
41.661905 2.50809268
41.762538 2.28310563
41.863170 2.14075506
41.963803 2.15374812
42.064435 2.30106636
42.165068 2.49063958
42.265701 2.64268810
42.366333 2.72502504
42.466966 2.73554407
42.567598 2.68029545
42.668231 2.56406031
42.768864 2.39104911
42.869496 2.17365130
42.970129 1.95043548
43.070762 1.79260774
43.171394 1.75506307
43.272027 1.80842470
43.372659 1.85299130
43.473292 1.79312034
43.573925 1.58365156
43.674557 1.25618681
43.775190 0.94922513
43.875823 0.85885652
43.976455 1.07181104
44.077088 1.47816027
44.177720 1.89406195
44.278353 2.20842462
44.378986 2.39735476
44.479618 2.47368284
44.580251 2.45375273
44.680884 2.34643051
44.781516 2.15254626
44.882149 1.86823096
44.982781 1.49593135
45.083414 1.07526269
45.184047 0.71716553
45.284679 0.56238340
45.385312 0.65497451
45.485944 0.91680027
45.586577 1.25049436
45.687210 1.56514455
45.787842 1.80893024
45.888475 2.02368412
45.989108 2.25776792
46.089740 2.48345580
46.190373 2.66521684
46.291005 2.80104356
46.391638 2.90144197
46.492271 2.97612922
46.592903 3.03197597
46.693536 3.07376106
46.794169 3.10459333
46.894801 3.12648459
46.995434 3.14068316
47.096066 3.14772604
47.196699 3.15013162
47.297332 3.15163966
47.397964 3.15294030
47.498597 3.15417143
47.599230 3.15537100
47.699862 3.15655386
47.800495 3.15772716
47.901127 3.15889469
48.001760 3.16005861
48.102393 3.16122023
48.203025 3.16238033
48.303658 3.16353943
48.404290 3.16469786
48.504923 3.16585582
48.605556 3.16701346
48.706188 3.16817089
48.806821 3.16932816
48.907454 3.17048486
49.008086 3.17163661
49.108719 3.17278298
49.209351 3.17392398
49.309984 3.17505963
49.410617 3.17618992
49.511249 3.17731488
49.611882 3.17843449
49.712515 3.17954878
49.813147 3.18065772
49.913780 3.18176134
50.014412 3.18285963
50.115045 3.18395259
50.215678 3.18504022
50.316310 3.18612252
50.416943 3.18719949
50.517576 3.18827114
50.618208 3.18933746
50.718841 3.19039846
50.819473 3.19145413
50.920106 3.19250447
51.020739 3.19354948
51.121371 3.19458917
51.222004 3.19562354
51.322636 3.19665258
51.423269 3.19767629
51.523902 3.19869467
51.624534 3.19970773
51.725167 3.20071547
51.825800 3.20171788
51.926432 3.20271496
52.027065 3.20370672
52.127697 3.20469315
52.228330 3.20567426
52.328963 3.20665004
52.429595 3.20762050
52.530228 3.20858562
52.630861 3.20954543
52.731493 3.21049991
52.832126 3.21144906
52.932758 3.21239289
53.033391 3.21333139
53.134024 3.21426457
53.234656 3.21519242
53.335289 3.21611494
53.435921 3.21703214
53.536554 3.21794402
53.637187 3.21885057
53.737819 3.21975179
53.838452 3.22064769
53.939085 3.22153826
54.039717 3.22242351
54.140350 3.22330343
54.240982 3.22417802
54.341615 3.22504730
54.442248 3.22591124
54.542880 3.22676986
54.643513 3.22762315
54.744146 3.22847112
54.844778 3.22931377
54.945411 3.23015109
55.046043 3.23098308
55.146676 3.23180975
55.247309 3.23263109
55.347941 3.23344710
55.448574 3.23425779
55.549207 3.23506316
55.649839 3.23586320
55.750472 3.23665791
55.851104 3.23744730
55.951737 3.23823137
56.052370 3.23901011
56.153002 3.23978352
56.253635 3.24055161
56.354267 3.24131437
56.454900 3.24207181
56.555533 3.24282392
56.656165 3.24357070
56.756798 3.24431216
56.857431 3.24504830
56.958063 3.24577911
57.058696 3.24650459
57.159328 3.24722475
57.259961 3.24793959
57.360594 3.24864909
57.461226 3.24935328
57.561859 3.25005213
57.662492 3.25074566
57.763124 3.25143387
57.863757 3.25211675
57.964389 3.25279431
58.065022 3.25346654
58.165655 3.25413344
58.266287 3.25479502
58.366920 3.25545127
58.467553 3.25610220
58.568185 3.25674780
58.668818 3.25738808
58.769450 3.25802303
58.870083 3.25865266
58.970716 3.25927696
59.071348 3.25989593
59.171981 3.26050958
59.272613 3.26111790
59.373246 3.26172090
59.473879 3.26231857
59.574511 3.26291092
59.675144 3.26349794
59.775777 3.26407964
59.876409 3.26465601
59.977042 3.26522706
60.077674 3.26579277
60.178307 3.26635317
60.278940 3.26690824
60.379572 3.26745798
60.480205 3.26800240
60.580838 3.26854149
60.681470 3.26907525
60.782103 3.26960369
60.882735 3.27012681
60.983368 3.27064460
61.084001 3.27115706
61.184633 3.27166420
61.285266 3.27216601
61.385899 3.27266249
61.486531 3.27315366
61.587164 3.27363949
61.687796 3.27412000
61.788429 3.27459518
61.889062 3.27506504
61.989694 3.27552957
62.090327 3.27598878
62.190959 3.27644266
62.291592 3.27689121
62.392225 3.27733444
62.492857 3.27777235
62.593490 3.27820492
62.694123 3.27863218
62.794755 3.27905410
62.895388 3.27947070
62.996020 3.27988198
63.096653 3.28028793
63.197286 3.28068855
63.297918 3.28108385
63.398551 3.28147382
63.499184 3.28185846
63.599816 3.28223778
63.700449 3.28261178
63.801081 3.28298045
63.901714 3.28334379
64.002347 3.28370180
64.102979 3.28405449
64.203612 3.28440186
64.304245 3.28474390
64.404877 3.28508061
64.505510 3.28541200
64.606142 3.28573806
64.706775 3.28605879
64.807408 3.28637420
64.908040 3.28668428
65.008673 3.28698904
65.109305 3.28728847
65.209938 3.28758258
65.310571 3.28787136
65.411203 3.28815481
65.511836 3.28843294
65.612469 3.28870574
65.713101 3.28897322
65.813734 3.28923536
65.914366 3.28949219
66.014999 3.28974369
66.115632 3.28998986
66.216264 3.29023070
66.316897 3.29046622
66.417530 3.29069641
66.518162 3.29092128
66.618795 3.29114082
66.719427 3.29135504
66.820060 3.29156393
66.920693 3.29176749
67.021325 3.29196573
67.121958 3.29215864
67.222591 3.29234622
67.323223 3.29252848
67.423856 3.29270541
67.524488 3.29287702
67.625121 3.29304330
67.725754 3.29320425
67.826386 3.29335988
67.927019 3.29351018
68.027651 3.29365516
68.128284 3.29379481
68.228917 3.29392913
68.329549 3.29405812
68.430182 3.29418180
68.530815 3.29430014
68.631447 3.29441316
68.732080 3.29452085
68.832712 3.29462322
68.933345 3.29472025
69.033978 3.29481197
69.134610 3.29489835
69.235243 3.29497942
69.335876 3.29505515
69.436508 3.29512556
69.537141 3.29519064
69.637773 3.29525039
69.738406 3.29530482
69.839039 3.29535392
69.939671 3.29539815
70.040304 3.29544193
70.140937 3.29548570
70.241569 3.29552948
70.342202 3.29557325
70.442834 3.29561703
70.543467 3.29566081
70.644100 3.29570458
70.744732 3.29574836
