0.100633 1.92400396
0.201265 1.92400616
0.301898 1.92400382
0.402530 1.92400358
0.503163 1.92400361
0.603796 1.92400364
0.704428 1.92400367
0.805061 1.92400371
0.905694 1.92400374
1.006326 1.92400378
1.106959 1.92400382
1.207591 1.92400385
1.308224 1.92400389
1.408857 1.92400394
1.509489 1.92400398
1.610122 1.92400403
1.710755 1.92400408
1.811387 1.92400413
1.912020 1.92400418
2.012652 1.92400424
2.113285 1.92400429
2.213918 1.92400436
2.314550 1.92400442
2.415183 1.92400449
2.515816 1.92400456
2.616448 1.92400463
2.717081 1.92400471
2.817713 1.92400479
2.918346 1.92400488
3.018979 1.92400497
3.119611 1.92400506
3.220244 1.92400516
3.320876 1.92400526
3.421509 1.92400537
3.522142 1.92400548
3.622774 1.92400560
3.723407 1.92400572
3.824040 1.92400585
3.924672 1.92400598
4.025305 1.92400612
4.125937 1.92400627
4.226570 1.92400642
4.327203 1.92400658
4.427835 1.92400674
4.528468 1.92400691
4.629101 1.92400708
4.729733 1.92400727
4.830366 1.92400746
4.930998 1.92400766
5.031631 1.92400786
5.132264 1.92400807
5.232896 1.92400829
5.333529 1.92400852
5.434162 1.92400875
5.534794 1.92400900
5.635427 1.92400925
5.736059 1.92400951
5.836692 1.92400978
5.937325 1.92401006
6.037957 1.92401035
6.138590 1.92401065
6.239222 1.92401095
6.339855 1.92401127
6.440488 1.92401159
6.541120 1.92401193
6.641753 1.92401228
6.742386 1.92401264
6.843018 1.92401300
6.943651 1.92401339
7.044283 1.92401377
7.144916 1.92401418
7.245549 1.92401459
7.346181 1.92401502
7.446814 1.92401545
7.547447 1.92401590
7.648079 1.92401636
7.748712 1.92401684
7.849344 1.92401732
7.949977 1.92401782
8.050610 1.92401833
8.151242 1.92401886
8.251875 1.92401940
8.352508 1.92401995
8.453140 1.92402052
8.553773 1.92402110
8.654405 1.92402169
8.755038 1.92402230
8.855671 1.92402292
8.956303 1.92402356
9.056936 1.92402422
9.157568 1.92402489
9.258201 1.92402557
9.358834 1.92402627
9.459466 1.92402698
9.560099 1.92402772
9.660732 1.92402846
9.761364 1.92402923
9.861997 1.92403001
9.962629 1.92403081
10.063262 1.92403162
10.163895 1.92403245
10.264527 1.92403329
10.365160 1.92403416
10.465793 1.92403504
10.566425 1.92403594
10.667058 1.92403686
10.767690 1.92403779
10.868323 1.92403874
10.968956 1.92403971
11.069588 1.92404070
11.170221 1.92404171
11.270853 1.92404273
11.371486 1.92404378
11.472119 1.92404484
11.572751 1.92404592
11.673384 1.92404702
11.774017 1.92404813
11.874649 1.92404927
11.975282 1.92405042
12.075914 1.92405160
12.176547 1.92405279
12.277180 1.92405400
12.377812 1.92405523
12.478445 1.92405648
12.579078 1.92405775
12.679710 1.92405904
12.780343 1.92406034
12.880975 1.92406167
12.981608 1.92406301
13.082241 1.92406438
13.182873 1.92406576
13.283506 1.92406716
13.384139 1.92406858
13.484771 1.92407002
13.585404 1.92407147
13.686036 1.92407295
13.786669 1.92407444
13.887302 1.92407595
13.987934 1.92407748
14.088567 1.92407903
14.189199 1.92408059
14.289832 1.92408218
14.390465 1.92408378
14.491097 1.92408540
14.591730 1.92408703
14.692363 1.92408868
14.792995 1.92409035
14.893628 1.92409204
14.994260 1.92409373
15.094893 1.92409545
15.195526 1.92409718
15.296158 1.92409893
15.396791 1.92410069
15.497424 1.92410247
15.598056 1.92410425
15.698689 1.92410606
15.799321 1.92410787
15.899954 1.92410971
16.000587 1.92411155
16.101219 1.92411341
16.201852 1.92411526
16.302485 1.92411715
16.403117 1.92411903
16.503750 1.92412093
16.604382 1.92412283
16.705015 1.92412475
16.805648 1.92412666
16.906280 1.92412859
17.006913 1.92413051
17.107545 1.92413246
17.208178 1.92413438
17.308811 1.92413633
17.409443 1.92413826
17.510076 1.92414020
17.610709 1.92414212
17.711341 1.92414405
17.811974 1.92414595
17.912606 1.92414786
18.013239 1.92414973
18.113872 1.92415160
18.214504 1.92415342
18.315137 1.92415523
18.415770 1.92415697
18.516402 1.92415869
18.617035 1.92416032
18.717667 1.92416190
18.818300 1.92416337
18.918933 1.92416477
19.019565 1.92416601
19.120198 1.92416713
19.220831 1.92416805
19.321463 1.92416878
19.422096 1.92416923
19.522728 1.92416940
19.623361 1.92416918
19.723994 1.92416856
19.824626 1.92416737
19.925259 1.92416560
20.025891 1.92416303
20.126524 1.92415960
20.227157 1.92415502
20.327789 1.92414916
20.428422 1.92414166
20.529055 1.92413226
20.629687 1.92412046
20.730320 1.92410584
20.830952 1.92408769
20.931585 1.92406532
21.032218 1.92403770
21.132850 1.92400372
21.233483 1.92396182
21.334116 1.92391026
21.434748 1.92384664
21.535381 1.92376814
21.636013 1.92367099
21.736646 1.92355063
21.837279 1.92340102
21.937911 1.92321461
22.038544 1.92298149
22.139177 1.92268902
22.239809 1.92232052
22.340442 1.92185436
22.441074 1.92126187
22.541707 1.92050524
22.642340 1.91953398
22.742972 1.91828062
22.843605 1.91665422
22.944237 1.91453177
23.044870 1.91174602
23.145503 1.90806824
23.246135 1.90318478
23.346768 1.89666265
23.447401 1.88790346
23.548033 1.87607444
23.648666 1.86001678
23.749298 1.83810700
23.849931 1.80807267
23.950564 1.76671525
24.051196 1.70953806
24.151829 1.63020480
24.252462 1.51979669
24.353094 1.36582710
24.453727 1.15076085
24.554359 0.85047257
24.654992 0.43244174
24.755625 -0.13484239
24.856257 -0.81294820
24.956890 -1.35638011
25.057523 -1.48474709
25.158155 -1.38277202
25.258788 -1.49146186
25.359420 -2.05476129
25.460053 -3.16389945
25.560686 -4.87276502
25.661318 -7.17117907
25.761951 -9.81497437
25.862583 -12.10642454
25.963216 -13.08722506
26.063849 -12.36069683
26.164481 -10.51229247
26.265114 -8.45369333
26.365747 -6.74110001
26.466379 -5.57079163
26.567012 -5.00768604
26.667644 -5.10015910
26.768277 -5.89487615
26.868910 -7.38127611
26.969542 -9.33458773
27.070175 -11.09384003
27.170808 -11.69111721
27.271440 -10.64369870
27.372073 -8.47942366
27.472705 -6.15134548
27.573338 -4.27965048
27.673971 -3.07143029
27.774603 -2.55166722
27.875236 -2.71168370
27.975869 -3.55512314
28.076501 -5.08160252
28.177134 -7.19980840
28.277766 -9.51482486
28.378399 -11.17546556
28.479032 -11.32311757
28.579664 -9.94029843
28.680297 -7.87278789
28.780929 -5.99512543
28.881562 -4.73393156
28.982195 -4.19448990
29.082827 -4.38000351
29.183460 -5.28333581
29.284093 -6.88906990
29.384725 -9.11792059
29.485358 -11.65599972
29.585990 -13.74080957
29.686623 -14.38046038
29.787256 -13.19403512
29.887888 -10.82899663
29.988521 -8.28660344
30.089154 -6.19660830
30.189786 -4.77427719
30.290419 -4.05828905
30.391051 -4.05180633
30.491684 -4.75872550
30.592317 -6.16817350
30.692949 -8.14194872
30.793582 -10.18088065
30.894215 -11.36359960
30.994847 -10.93948126
31.095480 -9.10182892
31.196112 -6.77141265
31.296745 -4.73872509
31.397378 -3.33536972
31.498010 -2.62980852
31.598643 -2.62202758
31.699275 -3.31112681
31.799908 -4.69816256
31.900541 -6.71139760
32.001173 -9.00735173
32.101806 -10.78921399
32.202439 -11.14444878
32.303071 -9.90010716
32.403704 -7.82298207
32.504336 -5.83056607
32.604969 -4.40913516
32.705602 -3.69413910
32.806234 -3.69744091
32.906867 -4.41453487
33.007500 -5.84605804
33.108132 -7.94891221
33.208765 -10.48188780
33.309397 -12.77437368
33.410030 -13.81950225
33.510663 -13.05224887
33.611295 -10.94436089
33.711928 -8.47769586
33.812560 -6.34856850
33.913193 -4.83115092
34.013826 -3.99204605
34.114458 -3.84423849
34.215091 -4.39946230
34.315724 -5.65764721
34.416356 -7.52471907
34.516989 -9.60318828
34.617621 -11.04099988
34.718254 -10.97596811
34.818887 -9.38221835
34.919519 -7.09953297
35.020152 -5.00310843
35.120785 -3.52254502
35.221417 -2.76480784
35.322050 -2.73432416
35.422682 -3.42696660
35.523315 -4.82783635
35.623948 -6.82879744
35.724580 -9.01985665
35.825213 -10.53770168
35.925846 -10.50730026
36.026478 -8.88926305
36.127111 -6.51140117
36.227743 -4.23408921
36.328376 -2.46373606
36.429009 -1.27525652
36.529641 -0.63129097
36.630274 -0.46128428
36.730906 -0.58968109
36.831539 -0.61751168
36.932172 -0.21129557
37.032804 0.46134422
37.133437 1.09136603
37.234070 1.58249658
37.334702 1.95330619
37.435335 2.23431112
37.535967 2.44643615
37.636600 2.60513590
37.737233 2.72162469
37.837865 2.80227853
37.938498 2.85313615
38.039131 2.87890911
38.139763 2.88473667
38.240396 2.88659489
38.341028 2.88774259
38.441661 2.88868759
38.542294 2.88954625
38.642926 2.89036014
38.743559 2.89114844
38.844192 2.89192109
38.944824 2.89268378
39.045457 2.89343990
39.146089 2.89419160
39.246722 2.89494029
39.347355 2.89568694
39.447987 2.89643224
39.548620 2.89717678
39.649252 2.89792112
39.749885 2.89866602
39.850518 2.89941273
39.951150 2.90016370
40.051783 2.90092429
40.152416 2.90170894
40.253048 2.90256947
40.353681 2.90374471
40.454313 2.90615008
40.554946 2.90973946
40.655579 2.91395777
40.756211 2.91790552
40.856844 2.92020215
40.957477 2.91876894
41.058109 2.91048916
41.158742 2.89069476
41.259374 2.85257811
41.360007 2.78603082
41.460640 2.67739994
41.561272 2.51371032
41.661905 2.29688399
41.762538 2.07137451
41.863170 1.92848550
41.963803 1.94094176
42.064435 2.08773764
42.165068 2.27678869
42.265701 2.42828114
42.366333 2.50999695
42.466966 2.51981170
42.567598 2.46376887
42.668231 2.34665614
42.768864 2.17273738
42.869496 1.95459985
42.970129 1.73120210
43.070762 1.57397031
43.171394 1.53727581
43.272027 1.59083855
43.372659 1.63466727
43.473292 1.57346960
43.573925 1.36255969
43.674557 1.03406804
43.775190 0.72699356
43.875823 0.63731409
43.976455 0.85085133
44.077088 1.25691189
44.177720 1.67172597
44.278353 1.98465604
44.378986 2.17207980
44.479618 2.24686316
44.580251 2.22528670
44.680884 2.11613659
44.781516 1.92017814
44.882149 1.63357707
44.982781 1.25923531
45.083414 0.83813871
45.184047 0.48285447
45.284679 0.33337952
45.385312 0.43042497
45.485944 0.69410785
45.586577 1.02738040
45.687210 1.33980439
45.787842 1.58176717
45.888475 1.79680529
45.989108 2.03118346
46.089740 2.25551207
46.190373 2.43527492
46.291005 2.56928136
46.391638 2.66815070
46.492271 2.74153682
46.592903 2.79626155
46.693536 2.83705687
46.794169 2.86700703
46.894801 2.88810812
46.995434 2.90158294
47.096066 2.90798530
47.196699 2.90988805
47.297332 2.91096016
47.397964 2.91183701
47.498597 2.91264847
47.599230 2.91343055
47.699862 2.91419727
47.800495 2.91495526
47.901127 2.91570805
48.001760 2.91645763
48.102393 2.91720516
48.203025 2.91795136
48.303658 2.91869669
48.404290 2.91944143
48.504923 2.92018578
48.605556 2.92092986
48.706188 2.92167375
48.806821 2.92241752
48.907454 2.92316090
49.008086 2.92390119
49.108719 2.92463813
49.209351 2.92537171
49.309984 2.92610195
49.410617 2.92682886
49.511249 2.92755244
49.611882 2.92827269
49.712515 2.92898963
49.813147 2.92970324
49.913780 2.93041354
50.014412 2.93112051
50.115045 2.93182418
50.215678 2.93252452
50.316310 2.93322155
50.416943 2.93391526
50.517576 2.93460566
50.618208 2.93529274
50.718841 2.93597650
50.819473 2.93665695
50.920106 2.93733409
51.020739 2.93800791
51.121371 2.93867842
51.222004 2.93934561
51.322636 2.94000948
51.423269 2.94067004
51.523902 2.94132729
51.624534 2.94198122
51.725167 2.94263184
51.825800 2.94327914
51.926432 2.94392313
52.027065 2.94456380
52.127697 2.94520116
52.228330 2.94583521
52.328963 2.94646593
52.429595 2.94709335
52.530228 2.94771745
52.630861 2.94833823
52.731493 2.94895571
52.832126 2.94956986
52.932758 2.95018070
53.033391 2.95078823
53.134024 2.95139244
53.234656 2.95199334
53.335289 2.95259092
53.435921 2.95318519
53.536554 2.95377615
53.637187 2.95436379
53.737819 2.95494811
53.838452 2.95552912
53.939085 2.95610682
54.039717 2.95668120
54.140350 2.95725227
54.240982 2.95782002
54.341615 2.95838445
54.442248 2.95894558
54.542880 2.95950339
54.643513 2.96005788
54.744146 2.96060906
54.844778 2.96115692
54.945411 2.96170147
55.046043 2.96224271
55.146676 2.96278063
55.247309 2.96331523
55.347941 2.96384652
55.448574 2.96437450
55.549207 2.96489916
55.649839 2.96542051
55.750472 2.96593854
55.851104 2.96645326
55.951737 2.96696466
56.052370 2.96747275
56.153002 2.96797752
56.253635 2.96847898
56.354267 2.96897712
56.454900 2.96947195
56.555533 2.96996346
56.656165 2.97045166
56.756798 2.97093655
56.857431 2.97141812
56.958063 2.97189637
57.058696 2.97237131
57.159328 2.97284294
57.259961 2.97331125
57.360594 2.97377624
57.461226 2.97423792
57.561859 2.97469629
57.662492 2.97515134
57.763124 2.97560307
57.863757 2.97605149
57.964389 2.97649660
58.065022 2.97693839
58.165655 2.97737686
58.266287 2.97781202
58.366920 2.97824387
58.467553 2.97867240
58.568185 2.97909761
58.668818 2.97951951
58.769450 2.97993810
58.870083 2.98035337
58.970716 2.98076532
59.071348 2.98117396
59.171981 2.98157929
59.272613 2.98198130
59.373246 2.98237999
59.473879 2.98277537
59.574511 2.98316744
59.675144 2.98355619
59.775777 2.98394162
59.876409 2.98432374
59.977042 2.98470254
60.077674 2.98507803
60.178307 2.98545020
60.278940 2.98581906
60.379572 2.98618460
60.480205 2.98654683
60.580838 2.98690574
60.681470 2.98726133
60.782103 2.98761362
60.882735 2.98796258
60.983368 2.98830823
61.084001 2.98865057
61.184633 2.98898959
61.285266 2.98932529
61.385899 2.98965768
61.486531 2.98998675
61.587164 2.99031251
61.687796 2.99063495
61.788429 2.99095408
61.889062 2.99126989
61.989694 2.99158238
62.090327 2.99189156
62.190959 2.99219743
62.291592 2.99249998
62.392225 2.99279921
62.492857 2.99309513
62.593490 2.99338773
62.694123 2.99367702
62.794755 2.99396299
62.895388 2.99424564
62.996020 2.99452498
63.096653 2.99480101
63.197286 2.99507372
63.297918 2.99534311
63.398551 2.99560919
63.499184 2.99587195
63.599816 2.99613140
63.700449 2.99638753
63.801081 2.99664034
63.901714 2.99688984
64.002347 2.99713602
64.102979 2.99737889
64.203612 2.99761844
64.304245 2.99785468
64.404877 2.99808760
64.505510 2.99831720
64.606142 2.99854349
64.706775 2.99876646
64.807408 2.99898612
64.908040 2.99920246
65.008673 2.99941548
65.109305 2.99962519
65.209938 2.99983159
65.310571 3.00003466
65.411203 3.00023443
65.511836 3.00043087
65.612469 3.00062400
65.713101 3.00081382
65.813734 3.00100031
65.914366 3.00118350
66.014999 3.00136336
66.115632 3.00153991
66.216264 3.00171314
66.316897 3.00188306
66.417530 3.00204966
66.518162 3.00221295
66.618795 3.00237292
66.719427 3.00252957
66.820060 3.00268291
66.920693 3.00283293
67.021325 3.00297964
67.121958 3.00312303
67.222591 3.00326310
67.323223 3.00339986
67.423856 3.00353330
67.524488 3.00366343
67.625121 3.00379024
67.725754 3.00391373
67.826386 3.00403391
67.927019 3.00415077
68.027651 3.00426431
68.128284 3.00437454
68.228917 3.00448145
68.329549 3.00458505
68.430182 3.00468533
68.530815 3.00478229
68.631447 3.00487594
68.732080 3.00496627
68.832712 3.00505329
68.933345 3.00513699
69.033978 3.00521737
69.134610 3.00529444
69.235243 3.00536819
69.335876 3.00543862
69.436508 3.00550574
69.537141 3.00556954
69.637773 3.00563003
69.738406 3.00568719
69.839039 3.00574104
69.939671 3.00579186
70.040304 3.00584240
70.140937 3.00589293
70.241569 3.00594347
70.342202 3.00599401
70.442834 3.00604454
70.543467 3.00609508
70.644100 3.00614563
70.744732 3.00619615
