0.100633 1.40358150
0.201265 1.40358783
0.301898 1.40358105
0.402530 1.40358036
0.503163 1.40358042
0.603796 1.40358050
0.704428 1.40358058
0.805061 1.40358066
0.905694 1.40358073
1.006326 1.40358081
1.106959 1.40358089
1.207591 1.40358096
1.308224 1.40358104
1.408857 1.40358112
1.509489 1.40358119
1.610122 1.40358127
1.710755 1.40358134
1.811387 1.40358142
1.912020 1.40358149
2.012652 1.40358157
2.113285 1.40358164
2.213918 1.40358172
2.314550 1.40358179
2.415183 1.40358187
2.515816 1.40358194
2.616448 1.40358202
2.717081 1.40358209
2.817713 1.40358216
2.918346 1.40358224
3.018979 1.40358231
3.119611 1.40358239
3.220244 1.40358246
3.320876 1.40358253
3.421509 1.40358260
3.522142 1.40358268
3.622774 1.40358275
3.723407 1.40358282
3.824040 1.40358289
3.924672 1.40358296
4.025305 1.40358303
4.125937 1.40358311
4.226570 1.40358318
4.327203 1.40358325
4.427835 1.40358332
4.528468 1.40358339
4.629101 1.40358346
4.729733 1.40358353
4.830366 1.40358360
4.930998 1.40358367
5.031631 1.40358373
5.132264 1.40358380
5.232896 1.40358387
5.333529 1.40358394
5.434162 1.40358401
5.534794 1.40358408
5.635427 1.40358414
5.736059 1.40358421
5.836692 1.40358428
5.937325 1.40358435
6.037957 1.40358441
6.138590 1.40358448
6.239222 1.40358455
6.339855 1.40358461
6.440488 1.40358468
6.541120 1.40358475
6.641753 1.40358481
6.742386 1.40358488
6.843018 1.40358495
6.943651 1.40358501
7.044283 1.40358508
7.144916 1.40358514
7.245549 1.40358521
7.346181 1.40358528
7.446814 1.40358534
7.547447 1.40358541
7.648079 1.40358548
7.748712 1.40358554
7.849344 1.40358561
7.949977 1.40358568
8.050610 1.40358574
8.151242 1.40358581
8.251875 1.40358588
8.352508 1.40358595
8.453140 1.40358601
8.553773 1.40358608
8.654405 1.40358615
8.755038 1.40358622
8.855671 1.40358629
8.956303 1.40358636
9.056936 1.40358643
9.157568 1.40358650
9.258201 1.40358657
9.358834 1.40358664
9.459466 1.40358671
9.560099 1.40358679
9.660732 1.40358686
9.761364 1.40358694
9.861997 1.40358701
9.962629 1.40358709
10.063262 1.40358716
10.163895 1.40358724
10.264527 1.40358732
10.365160 1.40358740
10.465793 1.40358748
10.566425 1.40358756
10.667058 1.40358765
10.767690 1.40358773
10.868323 1.40358782
10.968956 1.40358790
11.069588 1.40358799
11.170221 1.40358808
11.270853 1.40358817
11.371486 1.40358826
11.472119 1.40358835
11.572751 1.40358845
11.673384 1.40358855
11.774017 1.40358865
11.874649 1.40358875
11.975282 1.40358885
12.075914 1.40358895
12.176547 1.40358906
12.277180 1.40358917
12.377812 1.40358928
12.478445 1.40358939
12.579078 1.40358950
12.679710 1.40358962
12.780343 1.40358974
12.880975 1.40358986
12.981608 1.40358998
13.082241 1.40359011
13.182873 1.40359024
13.283506 1.40359037
13.384139 1.40359050
13.484771 1.40359064
13.585404 1.40359078
13.686036 1.40359092
13.786669 1.40359107
13.887302 1.40359121
13.987934 1.40359137
14.088567 1.40359152
14.189199 1.40359168
14.289832 1.40359184
14.390465 1.40359200
14.491097 1.40359217
14.591730 1.40359234
14.692363 1.40359251
14.792995 1.40359268
14.893628 1.40359286
14.994260 1.40359305
15.094893 1.40359323
15.195526 1.40359342
15.296158 1.40359361
15.396791 1.40359381
15.497424 1.40359400
15.598056 1.40359420
15.698689 1.40359441
15.799321 1.40359461
15.899954 1.40359482
16.000587 1.40359503
16.101219 1.40359524
16.201852 1.40359546
16.302485 1.40359567
16.403117 1.40359589
16.503750 1.40359611
16.604382 1.40359632
16.705015 1.40359654
16.805648 1.40359676
16.906280 1.40359697
17.006913 1.40359719
17.107545 1.40359739
17.208178 1.40359760
17.308811 1.40359780
17.409443 1.40359799
17.510076 1.40359818
17.610709 1.40359835
17.711341 1.40359852
17.811974 1.40359867
17.912606 1.40359880
18.013239 1.40359892
18.113872 1.40359901
18.214504 1.40359908
18.315137 1.40359912
18.415770 1.40359913
18.516402 1.40359909
18.617035 1.40359901
18.717667 1.40359887
18.818300 1.40359867
18.918933 1.40359840
19.019565 1.40359804
19.120198 1.40359758
19.220831 1.40359700
19.321463 1.40359628
19.422096 1.40359540
19.522728 1.40359431
19.623361 1.40359299
19.723994 1.40359138
19.824626 1.40358943
19.925259 1.40358706
20.025891 1.40358418
20.126524 1.40358069
20.227157 1.40357644
20.327789 1.40357127
20.428422 1.40356494
20.529055 1.40355718
20.629687 1.40354765
20.730320 1.40353590
20.830952 1.40352137
20.931585 1.40350335
21.032218 1.40348092
21.132850 1.40345293
21.233483 1.40341789
21.334116 1.40337388
21.434748 1.40331845
21.535381 1.40324844
21.636013 1.40315976
21.736646 1.40304713
21.837279 1.40290370
21.937911 1.40272057
22.038544 1.40248611
22.139177 1.40218515
22.239809 1.40179781
22.340442 1.40129795
22.441074 1.40065110
22.541707 1.39981165
22.642340 1.39871912
22.742972 1.39729284
22.843605 1.39542506
22.944237 1.39297104
23.044870 1.38973597
23.145503 1.38545601
23.246135 1.37977341
23.346768 1.37219967
23.447401 1.36206742
23.548033 1.34845826
23.648666 1.33010830
23.749298 1.30526603
23.849931 1.27150491
23.950564 1.22544383
24.051196 1.16237402
24.151829 1.07571943
24.252462 0.95630255
24.353094 0.79136739
24.453727 0.56314176
24.554359 0.24729936
24.654992 -0.18914676
24.755625 -0.78196281
24.856257 -1.51552747
24.956890 -2.18454884
25.057523 -2.48014421
25.158155 -2.50215232
25.258788 -2.69545849
25.359420 -3.34350725
25.460053 -4.54693693
25.560686 -6.34526997
25.661318 -8.69316402
25.761951 -11.28847021
25.862583 -13.37116099
25.963216 -13.96761712
26.063849 -12.74391219
26.164481 -10.38498237
26.265114 -7.88498768
26.365747 -5.84967776
26.466379 -4.48690823
26.567012 -3.83594277
26.667644 -3.89941478
26.768277 -4.68308869
26.868910 -6.16901183
26.969542 -8.19531317
27.070175 -10.22455611
27.170808 -11.31479831
27.271440 -10.77191583
27.372073 -8.88021895
27.472705 -6.57875244
27.573338 -4.61655204
27.673971 -3.29456511
27.774603 -2.66917621
27.875236 -2.73655820
27.975869 -3.49861995
28.076501 -4.95482117
28.177134 -7.02625994
28.277766 -9.35302155
28.378399 -11.11603271
28.479032 -11.41880305
28.579664 -10.14549759
28.680297 -8.09200988
28.780929 -6.16074395
28.881562 -4.81820927
28.982195 -4.18731864
29.082827 -4.27540632
29.183460 -5.07737049
29.284093 -6.58525370
29.384725 -8.74419180
29.485358 -11.29887099
29.585990 -13.56198158
29.686623 -14.52706739
29.787256 -13.65135452
29.887888 -11.43381166
29.988521 -8.88037935
30.089154 -6.70054464
30.189786 -5.16461690
30.290419 -4.33231903
30.391051 -4.21220114
30.491684 -4.80936587
30.592317 -6.11876592
30.692949 -8.02753324
30.793582 -10.09100110
30.894215 -11.42199251
30.994847 -11.19951321
31.095480 -9.49018153
31.196112 -7.17287015
31.296745 -5.08464482
31.397378 -3.60486819
31.498010 -2.82036381
31.598643 -2.73282217
31.699275 -3.33961478
31.799908 -4.64502381
31.900541 -6.59861628
32.001173 -8.91687387
32.101806 -10.87211802
32.202439 -11.51717888
32.303071 -10.52101575
32.403704 -8.54365063
32.504336 -6.53535032
32.604969 -5.05550594
32.705602 -4.27706605
32.806234 -4.21917182
32.906867 -4.87379692
33.007500 -6.23598737
33.108132 -8.26716910
33.208765 -10.76946551
33.309397 -13.15774410
33.410030 -14.44499927
33.510663 -13.91436459
33.611295 -11.86292837
33.711928 -9.27335488
33.812560 -6.94961302
33.913193 -5.23930239
34.013826 -4.22797489
34.114458 -3.92543941
34.215091 -4.33707927
34.315724 -5.46144747
34.416356 -7.22001060
34.516989 -9.25851106
34.617621 -10.76266256
34.718254 -10.82128722
34.818887 -9.28602041
34.919519 -6.93339276
35.020152 -4.66955564
35.120785 -2.96905946
35.221417 -1.95656919
35.322050 -1.63830971
35.422682 -2.01171858
35.523315 -3.07987623
35.623948 -4.81015612
35.724580 -6.98456967
35.825213 -8.96166824
35.925846 -9.77151635
36.026478 -8.88027374
36.127111 -6.76165850
36.227743 -4.36882151
36.328376 -2.34488667
36.429009 -0.89408648
36.529641 -0.01569799
36.630274 0.34739056
36.730906 0.32234488
36.831539 0.23658511
36.932172 0.51543197
37.032804 1.16286004
37.133437 1.85069633
37.234070 2.41020623
37.334702 2.83918637
37.435335 3.16888317
37.535967 3.42521465
37.636600 3.62517420
37.737233 3.77883089
37.837865 3.89206479
37.938498 3.96800190
38.039131 4.01133668
38.139763 4.02739544
38.240396 4.03184377
38.341028 4.03496684
38.441661 4.03772145
38.542294 4.04031633
38.642926 4.04282874
38.743559 4.04529470
38.844192 4.04773296
38.944824 4.05015403
39.045457 4.05256411
39.146089 4.05496703
39.246722 4.05736525
39.347355 4.05976042
39.447987 4.06215371
39.548620 4.06454609
39.649252 4.06693850
39.749885 4.06933213
39.850518 4.07172885
39.951150 4.07413205
40.051783 4.07654889
40.152416 4.07899822
40.253048 4.08154955
40.353681 4.08457848
40.454313 4.08888651
40.554946 4.09424456
40.655579 4.10001593
40.756211 4.10520572
40.856844 4.10829957
40.957477 4.10702808
41.058109 4.09800472
41.158742 4.07613536
41.259374 4.03404235
41.360007 3.96084918
41.460640 3.84232331
41.561272 3.66701715
41.661905 3.44376213
41.762538 3.22848538
41.863170 3.11628609
41.963803 3.16428608
42.064435 3.33018376
42.165068 3.51729077
42.265701 3.65522370
42.366333 3.72026857
42.466966 3.71319217
42.567598 3.64014918
42.668231 3.50589613
42.768864 3.31694542
42.869496 3.09481864
42.970129 2.89392123
43.070762 2.78914287
43.171394 2.80789122
43.272027 2.88652507
43.372659 2.92011903
43.473292 2.82920470
43.573925 2.58659764
43.674557 2.24366264
43.775190 1.95673972
43.875823 1.91560708
43.976455 2.17254368
44.077088 2.59127573
44.177720 2.99249901
44.278353 3.28217641
44.378986 3.44638121
44.479618 3.49966402
44.580251 3.45687748
44.680884 3.32501914
44.781516 3.10356948
44.882149 2.78974525
44.982781 2.39570459
45.083414 1.98625154
45.184047 1.69561138
45.284679 1.64195819
45.385312 1.81100495
45.485944 2.10141490
45.586577 2.42810780
45.687210 2.71621087
45.787842 2.94415180
45.888475 3.16761215
45.989108 3.40740731
46.089740 3.62225977
46.190373 3.78902384
46.291005 3.91290831
46.391638 4.00485486
46.492271 4.07363357
46.592903 4.12538427
46.693536 4.16426045
46.794169 4.19293239
46.894801 4.21312639
46.995434 4.22575320
47.096066 4.23196969
47.196699 4.23505650
47.297332 4.23769698
47.397964 4.24020574
47.498597 4.24265982
47.599230 4.24508595
47.699862 4.24749618
47.800495 4.24989681
47.901127 4.25229140
48.001760 4.25468210
48.102393 4.25707022
48.203025 4.25945662
48.303658 4.26184184
48.404290 4.26422626
48.504923 4.26661012
48.605556 4.26899358
48.706188 4.27137677
48.806821 4.27375976
48.907454 4.27614162
49.008086 4.27851291
49.108719 4.28087268
49.209351 4.28322095
49.309984 4.28555773
49.410617 4.28788304
49.511249 4.29019688
49.611882 4.29249925
49.712515 4.29479017
49.813147 4.29706964
49.913780 4.29933765
50.014412 4.30159422
50.115045 4.30383933
50.215678 4.30607300
50.316310 4.30829522
50.416943 4.31050599
50.517576 4.31270532
50.618208 4.31489321
50.718841 4.31706965
50.819473 4.31923464
50.920106 4.32138819
51.020739 4.32353030
51.121371 4.32566096
51.222004 4.32778018
51.322636 4.32988795
51.423269 4.33198428
51.523902 4.33406917
51.624534 4.33614261
51.725167 4.33820461
51.825800 4.34025516
51.926432 4.34229428
52.027065 4.34432194
52.127697 4.34633817
52.228330 4.34834295
52.328963 4.35033628
52.429595 4.35231817
52.530228 4.35428862
52.630861 4.35624763
52.731493 4.35819519
52.832126 4.36013130
52.932758 4.36205598
53.033391 4.36396921
53.134024 4.36587099
53.234656 4.36776133
53.335289 4.36964023
53.435921 4.37150769
53.536554 4.37336370
53.637187 4.37520826
53.737819 4.37704139
53.838452 4.37886307
53.939085 4.38067330
54.039717 4.38247209
54.140350 4.38425944
54.240982 4.38603535
54.341615 4.38779981
54.442248 4.38955282
54.542880 4.39129440
54.643513 4.39302453
54.744146 4.39474321
54.844778 4.39645045
54.945411 4.39814625
55.046043 4.39983061
55.146676 4.40150352
55.247309 4.40316498
55.347941 4.40481501
55.448574 4.40645358
55.549207 4.40808072
55.649839 4.40969641
55.750472 4.41130066
55.851104 4.41289346
55.951737 4.41447482
56.052370 4.41604474
56.153002 4.41760321
56.253635 4.41915024
56.354267 4.42068582
56.454900 4.42220996
56.555533 4.42372266
56.656165 4.42522391
56.756798 4.42671372
56.857431 4.42819209
56.958063 4.42965901
57.058696 4.43111448
57.159328 4.43255852
57.259961 4.43399111
57.360594 4.43541225
57.461226 4.43682195
57.561859 4.43822021
57.662492 4.43960703
57.763124 4.44098239
57.863757 4.44234632
57.964389 4.44369880
58.065022 4.44503984
58.165655 4.44636943
58.266287 4.44768758
58.366920 4.44899429
58.467553 4.45028955
58.568185 4.45157337
58.668818 4.45284575
58.769450 4.45410668
58.870083 4.45535616
58.970716 4.45659420
59.071348 4.45782080
59.171981 4.45903596
59.272613 4.46023967
59.373246 4.46143193
59.473879 4.46261276
59.574511 4.46378213
59.675144 4.46494007
59.775777 4.46608656
59.876409 4.46722161
59.977042 4.46834521
60.077674 4.46945737
60.178307 4.47055808
60.278940 4.47164735
60.379572 4.47272518
60.480205 4.47379156
60.580838 4.47484650
60.681470 4.47588999
60.782103 4.47692204
60.882735 4.47794265
60.983368 4.47895181
61.084001 4.47994953
61.184633 4.48093580
61.285266 4.48191063
61.385899 4.48287401
61.486531 4.48382595
61.587164 4.48476645
61.687796 4.48569550
61.788429 4.48661311
61.889062 4.48751928
61.989694 4.48841400
62.090327 4.48929728
62.190959 4.49016911
62.291592 4.49102950
62.392225 4.49187844
62.492857 4.49271594
62.593490 4.49354200
62.694123 4.49435661
62.794755 4.49515977
62.895388 4.49595150
62.996020 4.49673178
63.096653 4.49750061
63.197286 4.49825800
63.297918 4.49900395
63.398551 4.49973845
63.499184 4.50046151
63.599816 4.50117312
63.700449 4.50187329
63.801081 4.50256202
63.901714 4.50323930
64.002347 4.50390514
64.102979 4.50455953
64.203612 4.50520248
64.304245 4.50583398
64.404877 4.50645404
64.505510 4.50706266
64.606142 4.50765983
64.706775 4.50824556
64.807408 4.50881984
64.908040 4.50938268
65.008673 4.50993407
65.109305 4.51047402
65.209938 4.51100253
65.310571 4.51151959
65.411203 4.51202521
65.511836 4.51251938
65.612469 4.51300211
65.713101 4.51347339
65.813734 4.51393323
65.914366 4.51438163
66.014999 4.51481858
66.115632 4.51524409
66.216264 4.51565815
66.316897 4.51606077
66.417530 4.51645194
66.518162 4.51683167
66.618795 4.51719996
66.719427 4.51755680
66.820060 4.51790219
66.920693 4.51823615
67.021325 4.51855865
67.121958 4.51886972
67.222591 4.51916934
67.323223 4.51945751
67.423856 4.51973424
67.524488 4.51999953
67.625121 4.52025337
67.725754 4.52049576
67.826386 4.52072672
67.927019 4.52094623
68.027651 4.52115429
68.128284 4.52135091
68.228917 4.52153608
68.329549 4.52170981
68.430182 4.52187210
68.530815 4.52202294
68.631447 4.52216234
68.732080 4.52229029
68.832712 4.52240680
68.933345 4.52251186
69.033978 4.52260548
69.134610 4.52268766
69.235243 4.52275839
69.335876 4.52281767
69.436508 4.52286551
69.537141 4.52290191
69.637773 4.52292686
69.738406 4.52294036
69.839039 4.52294242
69.939671 4.52293402
70.040304 4.52292464
70.140937 4.52291524
70.241569 4.52290586
70.342202 4.52289648
70.442834 4.52288710
70.543467 4.52287771
70.644100 4.52286823
70.744732 4.52285894
