0.100633 1.42717634
0.201265 1.42717926
0.301898 1.42717613
0.402530 1.42717581
0.503163 1.42717584
0.603796 1.42717587
0.704428 1.42717591
0.805061 1.42717595
0.905694 1.42717599
1.006326 1.42717603
1.106959 1.42717608
1.207591 1.42717612
1.308224 1.42717617
1.408857 1.42717623
1.509489 1.42717628
1.610122 1.42717634
1.710755 1.42717641
1.811387 1.42717648
1.912020 1.42717655
2.012652 1.42717663
2.113285 1.42717671
2.213918 1.42717680
2.314550 1.42717689
2.415183 1.42717699
2.515816 1.42717709
2.616448 1.42717720
2.717081 1.42717732
2.817713 1.42717744
2.918346 1.42717757
3.018979 1.42717771
3.119611 1.42717785
3.220244 1.42717800
3.320876 1.42717816
3.421509 1.42717833
3.522142 1.42717850
3.622774 1.42717869
3.723407 1.42717888
3.824040 1.42717908
3.924672 1.42717929
4.025305 1.42717951
4.125937 1.42717974
4.226570 1.42717998
4.327203 1.42718023
4.427835 1.42718049
4.528468 1.42718076
4.629101 1.42718104
4.729733 1.42718133
4.830366 1.42718163
4.930998 1.42718195
5.031631 1.42718227
5.132264 1.42718261
5.232896 1.42718296
5.333529 1.42718333
5.434162 1.42718370
5.534794 1.42718409
5.635427 1.42718449
5.736059 1.42718491
5.836692 1.42718534
5.937325 1.42718578
6.037957 1.42718623
6.138590 1.42718670
6.239222 1.42718719
6.339855 1.42718769
6.440488 1.42718820
6.541120 1.42718873
6.641753 1.42718928
6.742386 1.42718984
6.843018 1.42719041
6.943651 1.42719101
7.044283 1.42719162
7.144916 1.42719224
7.245549 1.42719288
7.346181 1.42719354
7.446814 1.42719422
7.547447 1.42719491
7.648079 1.42719562
7.748712 1.42719635
7.849344 1.42719709
7.949977 1.42719786
8.050610 1.42719864
8.151242 1.42719944
8.251875 1.42720026
8.352508 1.42720110
8.453140 1.42720196
8.553773 1.42720284
8.654405 1.42720373
8.755038 1.42720465
8.855671 1.42720559
8.956303 1.42720654
9.056936 1.42720752
9.157568 1.42720852
9.258201 1.42720954
9.358834 1.42721057
9.459466 1.42721163
9.560099 1.42721272
9.660732 1.42721382
9.761364 1.42721494
9.861997 1.42721609
9.962629 1.42721726
10.063262 1.42721845
10.163895 1.42721966
10.264527 1.42722089
10.365160 1.42722215
10.465793 1.42722343
10.566425 1.42722473
10.667058 1.42722606
10.767690 1.42722741
10.868323 1.42722878
10.968956 1.42723018
11.069588 1.42723160
11.170221 1.42723304
11.270853 1.42723451
11.371486 1.42723600
11.472119 1.42723752
11.572751 1.42723906
11.673384 1.42724062
11.774017 1.42724221
11.874649 1.42724383
11.975282 1.42724546
12.075914 1.42724713
12.176547 1.42724882
12.277180 1.42725053
12.377812 1.42725227
12.478445 1.42725404
12.579078 1.42725583
12.679710 1.42725764
12.780343 1.42725948
12.880975 1.42726135
12.981608 1.42726324
13.082241 1.42726517
13.182873 1.42726711
13.283506 1.42726908
13.384139 1.42727108
13.484771 1.42727310
13.585404 1.42727515
13.686036 1.42727723
13.786669 1.42727933
13.887302 1.42728146
13.987934 1.42728361
14.088567 1.42728580
14.189199 1.42728800
14.289832 1.42729024
14.390465 1.42729250
14.491097 1.42729479
14.591730 1.42729710
14.692363 1.42729944
14.792995 1.42730181
14.893628 1.42730420
14.994260 1.42730662
15.094893 1.42730907
15.195526 1.42731154
15.296158 1.42731404
15.396791 1.42731656
15.497424 1.42731911
15.598056 1.42732169
15.698689 1.42732429
15.799321 1.42732692
15.899954 1.42732957
16.000587 1.42733225
16.101219 1.42733496
16.201852 1.42733768
16.302485 1.42734044
16.403117 1.42734321
16.503750 1.42734601
16.604382 1.42734884
16.705015 1.42735168
16.805648 1.42735455
16.906280 1.42735745
17.006913 1.42736035
17.107545 1.42736329
17.208178 1.42736624
17.308811 1.42736921
17.409443 1.42737220
17.510076 1.42737521
17.610709 1.42737823
17.711341 1.42738127
17.811974 1.42738431
17.912606 1.42738738
18.013239 1.42739044
18.113872 1.42739352
18.214504 1.42739659
18.315137 1.42739967
18.415770 1.42740273
18.516402 1.42740580
18.617035 1.42740884
18.717667 1.42741187
18.818300 1.42741487
18.918933 1.42741783
19.019565 1.42742074
19.120198 1.42742359
19.220831 1.42742635
19.321463 1.42742903
19.422096 1.42743157
19.522728 1.42743397
19.623361 1.42743618
19.723994 1.42743815
19.824626 1.42743984
19.925259 1.42744117
20.025891 1.42744204
20.126524 1.42744237
20.227157 1.42744200
20.327789 1.42744078
20.428422 1.42743847
20.529055 1.42743481
20.629687 1.42742944
20.730320 1.42742194
20.830952 1.42741173
20.931585 1.42739811
21.032218 1.42738016
21.132850 1.42735671
21.233483 1.42732627
21.334116 1.42728693
21.434748 1.42723621
21.535381 1.42717093
21.636013 1.42708699
21.736646 1.42697908
21.837279 1.42684029
21.937911 1.42666168
22.038544 1.42643155
22.139177 1.42613467
22.239809 1.42575102
22.340442 1.42525435
22.441074 1.42461000
22.541707 1.42377220
22.642340 1.42268013
22.742972 1.42125287
22.843605 1.41938224
22.944237 1.41692303
23.044870 1.41367981
23.145503 1.40938806
23.246135 1.40368914
23.346768 1.39609354
23.447401 1.38593263
23.548033 1.37228661
23.648666 1.35388987
23.749298 1.32898900
23.849931 1.29515521
23.950564 1.24900488
24.051196 1.18582645
24.151829 1.09904081
24.252462 0.97946716
24.353094 0.81434608
24.453727 0.58590186
24.554359 0.26980473
24.654992 -0.16693563
24.755625 -0.76008850
24.856257 -1.49403544
24.956890 -2.16348695
25.057523 -2.45900094
25.158155 -2.48114334
25.258788 -2.67469211
25.359420 -3.32304425
25.460053 -4.52682170
25.560686 -6.32554306
25.661318 -8.67386072
25.761951 -11.26961562
25.862583 -13.35276554
25.963216 -13.94967778
26.063849 -12.72641506
26.164481 -10.36790363
26.265114 -7.86829468
26.365747 -5.83333372
26.466379 -4.47087725
26.567012 -3.82019325
26.667644 -3.88391797
26.768277 -4.66781176
26.868910 -6.15390894
26.969542 -8.18032341
27.070175 -10.20961497
27.170808 -11.29985857
27.271440 -10.75697583
27.372073 -8.86534698
27.472705 -6.56408380
27.573338 -4.60224779
27.673971 -3.28074367
27.774603 -2.65587512
27.875236 -2.72378121
27.975869 -3.48635301
28.076501 -4.94299182
28.177134 -7.01472716
28.277766 -9.34160690
28.378399 -11.10452747
28.479032 -11.40697073
28.579664 -10.13310969
28.680297 -8.07887923
28.780929 -6.14671897
28.881562 -4.80315043
28.982195 -4.17108618
29.082827 -4.25786678
29.183460 -5.05840877
29.284093 -6.56478661
29.384725 -8.72218237
29.485358 -11.27534564
29.585990 -13.53705527
29.686623 -14.50095494
29.787256 -13.62434119
29.887888 -11.40619588
29.988521 -8.85243575
30.089154 -6.67252298
30.189786 -5.13674797
30.290419 -4.30480943
30.391051 -4.18522084
30.491684 -4.78302532
30.592317 -6.09308601
30.692949 -8.00241798
30.793582 -10.06621711
30.894215 -11.39716890
30.994847 -11.17418402
31.095480 -9.46389045
31.196112 -7.14527175
31.296745 -5.05550880
31.397378 -3.57401738
31.498010 -2.78763046
31.598643 -2.69809613
31.699275 -3.30288948
31.799908 -4.60635691
31.900541 -6.55808965
32.001173 -8.87463947
32.101806 -10.82844992
32.202439 -11.47249294
32.303071 -10.47578259
32.403704 -8.49823434
32.504336 -6.48996320
32.604969 -5.01028491
32.705602 -4.23216264
32.806234 -4.17483825
32.906867 -4.83044760
33.007500 -6.19422310
33.108132 -8.22778703
33.208765 -10.73344874
33.309397 -13.12621193
33.410030 -14.41916506
33.510663 -13.89540497
33.611295 -11.85167506
33.711928 -9.27013982
33.812560 -6.95440879
33.913193 -5.25194891
34.013826 -4.24838864
34.114458 -3.95373954
34.215091 -4.37362935
34.315724 -5.50687202
34.416356 -7.27518019
34.516989 -9.32447784
34.617621 -10.84064708
34.718254 -10.91265647
34.818887 -9.39200581
34.919519 -7.05478264
35.020152 -4.80673822
35.120785 -3.12237087
35.221417 -2.12672030
35.322050 -1.82659663
35.422682 -2.21963063
35.523315 -3.30852722
35.623948 -5.06112695
35.724580 -7.26051181
35.825213 -9.26660413
35.925846 -10.11082786
36.026478 -9.25970546
36.127111 -7.18556062
36.227743 -4.83901282
36.328376 -2.86093811
36.429009 -1.45431152
36.529641 -0.61795707
36.630274 -0.29494540
36.730906 -0.35888319
36.831539 -0.48330016
36.932172 -0.24374495
37.032804 0.36325269
37.133437 1.00958895
37.234070 1.52707073
37.334702 1.91425931
37.435335 2.20344283
37.535967 2.42156343
37.636600 2.58696404
37.737233 2.71127367
37.837865 2.80135448
37.938498 2.86054455
38.039131 2.89312754
38.139763 2.90369162
38.240396 2.90508341
38.341028 2.90553021
38.441661 2.90575213
38.542294 2.90588788
38.642926 2.90598261
38.743559 2.90605528
38.844192 2.90611501
38.944824 2.90616666
39.045457 2.90621304
39.146089 2.90625589
39.246722 2.90629628
39.347355 2.90633497
39.447987 2.90637244
39.548620 2.90640908
39.649252 2.90644528
39.749885 2.90648157
39.850518 2.90651895
39.951150 2.90655962
40.051783 2.90660898
40.152416 2.90668320
40.253048 2.90684646
40.353681 2.90745554
40.454313 2.90927137
40.554946 2.91206439
40.655579 2.91520579
40.756211 2.91770993
40.856844 2.91807261
40.957477 2.91403538
41.058109 2.90222361
41.158742 2.87755504
41.259374 2.83266306
41.360007 2.75668013
41.460640 2.63537958
41.561272 2.45731544
41.661905 2.23131921
41.762538 2.01332172
41.863170 1.89843191
41.963803 1.94377776
42.064435 2.10705079
42.165068 2.29154464
42.265701 2.42685211
42.366333 2.48923395
42.466966 2.47943335
42.567598 2.40358706
42.668231 2.26644315
42.768864 2.07451654
42.869496 1.84934228
42.970129 1.64534945
43.070762 1.53745989
43.171394 1.55311497
43.272027 1.62870228
43.372659 1.65931492
43.473292 1.56548659
43.573925 1.32001729
43.674557 0.97423959
43.775190 0.68445470
43.875823 0.64041006
43.976455 0.89437978
44.077088 1.31011762
44.177720 1.70834712
44.278353 1.99503369
44.378986 2.15623768
44.479618 2.20649306
44.580251 2.16063796
44.680884 2.02566222
44.781516 1.80104584
44.882149 1.48401253
44.982781 1.08673757
45.083414 0.67405460
45.184047 0.38022282
45.284679 0.32343972
45.385312 0.48941636
45.485944 0.77678903
45.586577 1.10044156
45.687210 1.38546618
45.787842 1.61025955
45.888475 1.83048154
45.989108 2.06693891
46.089740 2.27836010
46.190373 2.44161749
46.291005 2.56194560
46.391638 2.65031802
46.492271 2.71554007
46.592903 2.76378969
46.693536 2.79926243
46.794169 2.82467661
46.894801 2.84180634
46.995434 2.85160378
47.096066 2.85523371
47.196699 2.85587457
47.297332 2.85610724
47.397964 2.85622770
47.498597 2.85630550
47.599230 2.85636319
47.699862 2.85641025
47.800495 2.85645127
47.901127 2.85648871
48.001760 2.85652394
48.102393 2.85655777
48.203025 2.85659072
48.303658 2.85662307
48.404290 2.85665504
48.504923 2.85668675
48.605556 2.85671828
48.706188 2.85674969
48.806821 2.85678102
48.907454 2.85681229
49.008086 2.85684352
49.108719 2.85687472
49.209351 2.85690589
49.309984 2.85693706
49.410617 2.85696821
49.511249 2.85699935
49.611882 2.85703048
49.712515 2.85706161
49.813147 2.85709273
49.913780 2.85712384
50.014412 2.85715496
50.115045 2.85718606
50.215678 2.85721717
50.316310 2.85724827
50.416943 2.85727937
50.517576 2.85731046
50.618208 2.85734156
50.718841 2.85737265
50.819473 2.85740373
50.920106 2.85743482
51.020739 2.85746590
51.121371 2.85749697
51.222004 2.85752805
51.322636 2.85755912
51.423269 2.85759019
51.523902 2.85762125
51.624534 2.85765232
51.725167 2.85768338
51.825800 2.85771443
51.926432 2.85774549
52.027065 2.85777654
52.127697 2.85780759
52.228330 2.85783863
52.328963 2.85786968
52.429595 2.85790072
52.530228 2.85793175
52.630861 2.85796279
52.731493 2.85799382
52.832126 2.85802485
52.932758 2.85805588
53.033391 2.85808690
53.134024 2.85811792
53.234656 2.85814894
53.335289 2.85817995
53.435921 2.85821097
53.536554 2.85824198
53.637187 2.85827299
53.737819 2.85830399
53.838452 2.85833499
53.939085 2.85836599
54.039717 2.85839699
54.140350 2.85842798
54.240982 2.85845898
54.341615 2.85848997
54.442248 2.85852095
54.542880 2.85855194
54.643513 2.85858292
54.744146 2.85861390
54.844778 2.85864487
54.945411 2.85867585
55.046043 2.85870682
55.146676 2.85873779
55.247309 2.85876876
55.347941 2.85879972
55.448574 2.85883068
55.549207 2.85886164
55.649839 2.85889260
55.750472 2.85892355
55.851104 2.85895451
55.951737 2.85898546
56.052370 2.85901640
56.153002 2.85904735
56.253635 2.85907829
56.354267 2.85910923
56.454900 2.85914017
56.555533 2.85917111
56.656165 2.85920204
56.756798 2.85923298
56.857431 2.85926391
56.958063 2.85929483
57.058696 2.85932576
57.159328 2.85935668
57.259961 2.85938760
57.360594 2.85941852
57.461226 2.85944944
57.561859 2.85948035
57.662492 2.85951127
57.763124 2.85954218
57.863757 2.85957309
57.964389 2.85960399
58.065022 2.85963490
58.165655 2.85966580
58.266287 2.85969670
58.366920 2.85972760
58.467553 2.85975850
58.568185 2.85978939
58.668818 2.85982028
58.769450 2.85985118
58.870083 2.85988207
58.970716 2.85991295
59.071348 2.85994384
59.171981 2.85997472
59.272613 2.86000560
59.373246 2.86003648
59.473879 2.86006736
59.574511 2.86009824
59.675144 2.86012911
59.775777 2.86015999
59.876409 2.86019086
59.977042 2.86022173
60.077674 2.86025260
60.178307 2.86028346
60.278940 2.86031433
60.379572 2.86034519
60.480205 2.86037605
60.580838 2.86040691
60.681470 2.86043777
60.782103 2.86046863
60.882735 2.86049949
60.983368 2.86053034
61.084001 2.86056119
61.184633 2.86059204
61.285266 2.86062289
61.385899 2.86065374
61.486531 2.86068459
61.587164 2.86071543
61.687796 2.86074628
61.788429 2.86077712
61.889062 2.86080796
61.989694 2.86083880
62.090327 2.86086964
62.190959 2.86090048
62.291592 2.86093131
62.392225 2.86096215
62.492857 2.86099298
62.593490 2.86102381
62.694123 2.86105464
62.794755 2.86108547
62.895388 2.86111630
62.996020 2.86114713
63.096653 2.86117795
63.197286 2.86120878
63.297918 2.86123960
63.398551 2.86127042
63.499184 2.86130125
63.599816 2.86133207
63.700449 2.86136288
63.801081 2.86139370
63.901714 2.86142452
64.002347 2.86145534
64.102979 2.86148615
64.203612 2.86151697
64.304245 2.86154778
64.404877 2.86157859
64.505510 2.86160940
64.606142 2.86164021
64.706775 2.86167102
64.807408 2.86170183
64.908040 2.86173264
65.008673 2.86176344
65.109305 2.86179425
65.209938 2.86182505
65.310571 2.86185586
65.411203 2.86188666
65.511836 2.86191746
65.612469 2.86194827
65.713101 2.86197907
65.813734 2.86200987
65.914366 2.86204067
66.014999 2.86207147
66.115632 2.86210226
66.216264 2.86213306
66.316897 2.86216386
66.417530 2.86219465
66.518162 2.86222545
66.618795 2.86225624
66.719427 2.86228704
66.820060 2.86231783
66.920693 2.86234862
67.021325 2.86237942
67.121958 2.86241021
67.222591 2.86244100
67.323223 2.86247179
67.423856 2.86250258
67.524488 2.86253337
67.625121 2.86256416
67.725754 2.86259495
67.826386 2.86262574
67.927019 2.86265652
68.027651 2.86268731
68.128284 2.86271810
68.228917 2.86274888
68.329549 2.86277967
68.430182 2.86281046
68.530815 2.86284124
68.631447 2.86287203
68.732080 2.86290281
68.832712 2.86293360
68.933345 2.86296438
69.033978 2.86299516
69.134610 2.86302595
69.235243 2.86305673
69.335876 2.86308752
69.436508 2.86311830
69.537141 2.86314908
69.637773 2.86317986
69.738406 2.86321065
69.839039 2.86324143
69.939671 2.86327221
70.040304 2.86330299
70.140937 2.86333377
70.241569 2.86336456
70.342202 2.86339534
70.442834 2.86342612
70.543467 2.86345690
70.644100 2.86348766
70.744732 2.86351846
