0.100633 1.40976248
0.201265 1.40976646
0.301898 1.40976225
0.402530 1.40976183
0.503163 1.40976188
0.603796 1.40976195
0.704428 1.40976201
0.805061 1.40976207
0.905694 1.40976213
1.006326 1.40976219
1.106959 1.40976225
1.207591 1.40976230
1.308224 1.40976235
1.408857 1.40976240
1.509489 1.40976245
1.610122 1.40976250
1.710755 1.40976254
1.811387 1.40976258
1.912020 1.40976261
2.012652 1.40976265
2.113285 1.40976268
2.213918 1.40976270
2.314550 1.40976272
2.415183 1.40976274
2.515816 1.40976275
2.616448 1.40976276
2.717081 1.40976277
2.817713 1.40976277
2.918346 1.40976276
3.018979 1.40976275
3.119611 1.40976273
3.220244 1.40976271
3.320876 1.40976269
3.421509 1.40976265
3.522142 1.40976262
3.622774 1.40976257
3.723407 1.40976252
3.824040 1.40976246
3.924672 1.40976240
4.025305 1.40976233
4.125937 1.40976225
4.226570 1.40976216
4.327203 1.40976207
4.427835 1.40976197
4.528468 1.40976186
4.629101 1.40976174
4.729733 1.40976162
4.830366 1.40976148
4.930998 1.40976134
5.031631 1.40976119
5.132264 1.40976103
5.232896 1.40976086
5.333529 1.40976069
5.434162 1.40976050
5.534794 1.40976030
5.635427 1.40976010
5.736059 1.40975988
5.836692 1.40975965
5.937325 1.40975942
6.037957 1.40975917
6.138590 1.40975891
6.239222 1.40975864
6.339855 1.40975836
6.440488 1.40975807
6.541120 1.40975777
6.641753 1.40975746
6.742386 1.40975713
6.843018 1.40975679
6.943651 1.40975644
7.044283 1.40975608
7.144916 1.40975571
7.245549 1.40975532
7.346181 1.40975492
7.446814 1.40975451
7.547447 1.40975409
7.648079 1.40975365
7.748712 1.40975320
7.849344 1.40975273
7.949977 1.40975225
8.050610 1.40975176
8.151242 1.40975125
8.251875 1.40975074
8.352508 1.40975020
8.453140 1.40974965
8.553773 1.40974909
8.654405 1.40974851
8.755038 1.40974792
8.855671 1.40974731
8.956303 1.40974669
9.056936 1.40974605
9.157568 1.40974540
9.258201 1.40974473
9.358834 1.40974405
9.459466 1.40974335
9.560099 1.40974264
9.660732 1.40974191
9.761364 1.40974116
9.861997 1.40974040
9.962629 1.40973962
10.063262 1.40973883
10.163895 1.40973802
10.264527 1.40973719
10.365160 1.40973635
10.465793 1.40973549
10.566425 1.40973462
10.667058 1.40973372
10.767690 1.40973282
10.868323 1.40973189
10.968956 1.40973095
11.069588 1.40972999
11.170221 1.40972902
11.270853 1.40972802
11.371486 1.40972702
11.472119 1.40972599
11.572751 1.40972495
11.673384 1.40972389
11.774017 1.40972282
11.874649 1.40972173
11.975282 1.40972062
12.075914 1.40971949
12.176547 1.40971835
12.277180 1.40971719
12.377812 1.40971602
12.478445 1.40971483
12.579078 1.40971362
12.679710 1.40971240
12.780343 1.40971116
12.880975 1.40970990
12.981608 1.40970863
13.082241 1.40970734
13.182873 1.40970604
13.283506 1.40970471
13.384139 1.40970338
13.484771 1.40970203
13.585404 1.40970066
13.686036 1.40969928
13.786669 1.40969788
13.887302 1.40969647
13.987934 1.40969504
14.088567 1.40969359
14.189199 1.40969214
14.289832 1.40969067
14.390465 1.40968918
14.491097 1.40968768
14.591730 1.40968617
14.692363 1.40968464
14.792995 1.40968310
14.893628 1.40968154
14.994260 1.40967997
15.094893 1.40967838
15.195526 1.40967679
15.296158 1.40967518
15.396791 1.40967356
15.497424 1.40967192
15.598056 1.40967028
15.698689 1.40966861
15.799321 1.40966695
15.899954 1.40966526
16.000587 1.40966357
16.101219 1.40966185
16.201852 1.40966013
16.302485 1.40965839
16.403117 1.40965665
16.503750 1.40965488
16.604382 1.40965312
16.705015 1.40965132
16.805648 1.40964953
16.906280 1.40964771
17.006913 1.40964589
17.107545 1.40964404
17.208178 1.40964219
17.308811 1.40964031
17.409443 1.40963843
17.510076 1.40963651
17.610709 1.40963459
17.711341 1.40963263
17.811974 1.40963067
17.912606 1.40962866
18.013239 1.40962665
18.113872 1.40962459
18.214504 1.40962252
18.315137 1.40962039
18.415770 1.40961824
18.516402 1.40961602
18.617035 1.40961378
18.717667 1.40961145
18.818300 1.40960909
18.918933 1.40960662
19.019565 1.40960410
19.120198 1.40960144
19.220831 1.40959869
19.321463 1.40959578
19.422096 1.40959274
19.522728 1.40958947
19.623361 1.40958600
19.723994 1.40958223
19.824626 1.40957815
19.925259 1.40957364
20.025891 1.40956867
20.126524 1.40956307
20.227157 1.40955677
20.327789 1.40954952
20.428422 1.40954119
20.529055 1.40953142
20.629687 1.40951993
20.730320 1.40950623
20.830952 1.40948981
20.931585 1.40946991
21.032218 1.40944566
21.132850 1.40941585
21.233483 1.40937905
21.334116 1.40933326
21.434748 1.40927610
21.535381 1.40920432
21.636013 1.40911388
21.736646 1.40899939
21.837279 1.40885404
21.937911 1.40866879
22.038544 1.40843202
22.139177 1.40812842
22.239809 1.40773804
22.340442 1.40723454
22.441074 1.40658333
22.541707 1.40573853
22.642340 1.40463941
22.742972 1.40320493
22.843605 1.40132698
22.944237 1.39886027
23.044870 1.39560940
23.145503 1.39130981
23.246135 1.38560286
23.346768 1.37799905
23.447401 1.36782974
23.548033 1.35417518
23.648666 1.33576979
23.749298 1.31086024
23.849931 1.27701781
23.950564 1.23085908
24.051196 1.16767263
24.151829 1.08087972
24.252462 0.96129986
24.353094 0.79617425
24.453727 0.56772777
24.554359 0.25163154
24.654992 -0.18510398
24.755625 -0.77824718
24.856257 -1.51217939
24.956890 -2.18161185
25.057523 -2.47727617
25.158155 -2.49952505
25.258788 -2.69317480
25.359420 -3.34164090
25.460053 -4.54555140
25.560686 -6.34442307
25.661318 -8.69290269
25.761951 -11.28881979
25.862583 -13.37211963
25.963216 -13.96915335
26.063849 -12.74597708
26.164481 -10.38751939
26.265114 -7.88794043
26.365747 -5.85299088
26.466379 -4.49053224
26.567012 -3.83983472
26.667644 -3.90353773
26.768277 -4.68740791
26.868910 -6.17348975
26.969542 -8.19991068
27.070175 -10.22924150
27.170808 -11.31956398
27.271440 -10.77679407
27.372073 -8.88529340
27.472705 -6.58414773
27.573338 -4.62240003
27.673971 -3.30095300
27.774603 -2.67611844
27.875236 -2.74403009
27.975869 -3.50656912
28.076501 -4.96314235
28.177134 -7.03479594
28.277766 -9.36159056
28.378399 -11.12443400
28.479032 -11.42682128
28.579664 -10.15294253
28.680297 -8.09874987
28.780929 -6.16669380
28.881562 -4.82329426
28.982195 -4.19144636
29.082827 -4.27845961
29.183460 -5.07921245
29.284093 -6.58573460
29.384725 -8.74315946
29.485358 -11.29618839
29.585990 -13.55754412
29.686623 -14.52081213
29.787256 -13.64327228
29.887888 -11.42396007
29.988521 -8.86887253
30.089154 -6.68750876
30.189786 -5.15012638
30.290419 -4.31634917
30.391051 -4.19459618
30.491684 -4.78980895
30.592317 -6.09675361
30.692949 -8.00236231
30.793582 -10.06175227
30.894215 -11.38753375
30.994847 -11.15858504
31.095480 -9.44162142
31.196112 -7.11582636
31.296745 -5.01851964
31.397378 -3.52906748
31.498010 -2.73408994
31.598643 -2.63512483
31.699275 -3.22955692
31.799908 -4.52154618
31.900541 -6.46024709
32.001173 -8.76160786
32.101806 -10.69734983
32.202439 -11.31964774
32.303071 -10.29686141
32.403704 -8.28858916
32.504336 -6.24479702
32.604969 -4.72460069
32.705602 -3.90070675
32.806234 -3.79218450
32.906867 -4.39144981
33.007500 -5.69516670
33.108132 -7.66844722
33.208765 -10.11970342
33.309397 -12.47194250
33.410030 -13.74568774
33.510663 -13.22786953
33.611295 -11.21380728
33.711928 -8.67960202
33.812560 -6.42080603
33.913193 -4.77779311
34.013826 -3.83158434
34.114458 -3.58999344
34.215091 -4.05799641
34.315724 -5.23445865
34.416356 -7.04135416
34.516989 -9.12485025
34.617621 -10.67098722
34.718254 -10.76892148
34.818887 -9.27054417
34.919519 -6.95250570
35.020152 -4.72112994
35.120785 -3.05142128
35.221417 -2.06885325
35.322050 -1.78056306
35.422682 -2.18428733
35.523315 -3.28273847
35.623948 -5.04396873
35.724580 -7.25116916
35.825213 -9.26413215
35.925846 -10.11401600
36.026478 -9.26717542
36.127111 -7.19599865
36.227743 -4.85132382
36.328376 -2.87425182
36.429009 -1.46796050
36.529641 -0.63147493
36.630274 -0.30804745
36.730906 -0.37143836
36.831539 -0.49530700
36.932172 -0.25529854
37.032804 0.35200534
37.133437 0.99848625
37.234070 1.51595782
37.334702 1.90300174
37.435335 2.19193345
37.535967 2.40972749
37.636600 2.57476726
37.737233 2.69872827
37.837865 2.78851565
37.938498 2.84749906
38.039131 2.87994690
38.139763 2.89037375
38.240396 2.89132192
38.341028 2.89000071
38.441661 2.88464594
38.542294 2.87478895
38.642926 2.86043700
38.743559 2.84160352
38.844192 2.81828856
38.944824 2.79048800
39.045457 2.75819288
39.146089 2.72139811
39.246722 2.68007249
39.347355 2.63414177
39.447987 2.58353033
39.548620 2.52826297
39.649252 2.46881282
39.749885 2.40687110
39.850518 2.34626542
39.951150 2.29355362
40.051783 2.25730286
40.152416 2.24553403
40.253048 2.26233720
40.353681 2.30582258
40.454313 2.36891549
40.554946 2.44234792
40.655579 2.51768842
40.756211 2.58875903
40.856844 2.65133104
40.957477 2.70203509
41.058109 2.73721006
41.158742 2.75186380
41.259374 2.73899323
41.360007 2.68841780
41.460640 2.58687370
41.561272 2.42400765
41.661905 2.20980886
41.762538 2.00110036
41.863170 1.89340436
41.963803 1.94408813
42.064435 2.11118617
42.165068 2.29841904
42.265701 2.43581548
42.366333 2.50003214
42.466966 2.49217329
42.567598 2.41871643
42.668231 2.28469090
42.768864 2.09675808
42.869496 1.87641437
42.970129 1.67784630
43.070762 1.57556012
43.171394 1.59655637
43.272027 1.67689022
43.372659 1.71148474
43.473292 1.62091373
43.573925 1.37820958
43.674557 1.03507218
43.775190 0.74819217
43.875823 0.70758222
43.976455 0.96553726
44.077088 1.38557325
44.177720 1.78814637
44.278353 2.07911363
44.378986 2.24453721
44.479618 2.29899583
44.580251 2.25738378
44.680884 2.12673243
44.781516 1.90653945
44.882149 1.59401651
44.982781 1.20127333
45.083414 0.79300529
45.184047 0.50330010
45.284679 0.45023338
45.385312 0.61953404
45.485944 0.90999472
45.586577 1.23668743
45.687210 1.52486976
45.787842 1.75307751
45.888475 1.97706447
45.989108 2.21767428
46.089740 2.43361482
46.190373 2.60169525
46.291005 2.72706392
46.391638 2.82059250
46.492271 2.89097815
46.592903 2.94428788
46.693536 2.98460003
46.794169 3.01450412
46.894801 3.03564814
46.995434 3.04887775
47.096066 3.05534707
47.196699 3.05850618
47.297332 3.06119020
47.397964 3.06373436
47.498597 3.06622081
47.599230 3.06867795
47.699862 3.07111853
47.800495 3.07354916
47.901127 3.07597357
48.001760 3.07839397
48.102393 3.08081174
48.203025 3.08322775
48.303658 3.08564257
48.404290 3.08805657
48.504923 3.09047000
48.605556 3.09288304
48.706188 3.09529579
48.806821 3.09770834
48.907454 3.10011977
49.008086 3.10252062
49.108719 3.10490995
49.209351 3.10728778
49.309984 3.10965412
49.410617 3.11200898
49.511249 3.11435237
49.611882 3.11668430
49.712515 3.11900477
49.813147 3.12131379
49.913780 3.12361135
50.014412 3.12589746
50.115045 3.12817212
50.215678 3.13043534
50.316310 3.13268710
50.416943 3.13492742
50.517576 3.13715630
50.618208 3.13937372
50.718841 3.14157970
50.819473 3.14377424
50.920106 3.14595733
51.020739 3.14812897
51.121371 3.15028917
51.222004 3.15243792
51.322636 3.15457523
51.423269 3.15670109
51.523902 3.15881551
51.624534 3.16091848
51.725167 3.16301001
51.825800 3.16509009
51.926432 3.16715873
52.027065 3.16921592
52.127697 3.17126167
52.228330 3.17329597
52.328963 3.17531883
52.429595 3.17733024
52.530228 3.17933021
52.630861 3.18131873
52.731493 3.18329581
52.832126 3.18526144
52.932758 3.18721563
53.033391 3.18915837
53.134024 3.19108967
53.234656 3.19300953
53.335289 3.19491793
53.435921 3.19681490
53.536554 3.19870042
53.637187 3.20057449
53.737819 3.20243712
53.838452 3.20428831
53.939085 3.20612804
54.039717 3.20795634
54.140350 3.20977319
54.240982 3.21157859
54.341615 3.21337255
54.442248 3.21515507
54.542880 3.21692614
54.643513 3.21868577
54.744146 3.22043395
54.844778 3.22217068
54.945411 3.22389597
55.046043 3.22560982
55.146676 3.22731222
55.247309 3.22900318
55.347941 3.23068269
55.448574 3.23235076
55.549207 3.23400738
55.649839 3.23565256
55.750472 3.23728629
55.851104 3.23890858
55.951737 3.24051942
56.052370 3.24211882
56.153002 3.24370677
56.253635 3.24528328
56.354267 3.24684834
56.454900 3.24840196
56.555533 3.24994413
56.656165 3.25147486
56.756798 3.25299415
56.857431 3.25450199
56.958063 3.25599838
57.058696 3.25748333
57.159328 3.25895684
57.259961 3.26041890
57.360594 3.26186951
57.461226 3.26330868
57.561859 3.26473641
57.662492 3.26615269
57.763124 3.26755753
57.863757 3.26895092
57.964389 3.27033287
58.065022 3.27170337
58.165655 3.27306243
58.266287 3.27441004
58.366920 3.27574621
58.467553 3.27707093
58.568185 3.27838421
58.668818 3.27968604
58.769450 3.28097643
58.870083 3.28225538
58.970716 3.28352288
59.071348 3.28477893
59.171981 3.28602354
59.272613 3.28725671
59.373246 3.28847843
59.473879 3.28968870
59.574511 3.29088753
59.675144 3.29207492
59.775777 3.29325086
59.876409 3.29441536
59.977042 3.29556841
60.077674 3.29671002
60.178307 3.29784018
60.278940 3.29895890
60.379572 3.30006618
60.480205 3.30116201
60.580838 3.30224639
60.681470 3.30331933
60.782103 3.30438083
60.882735 3.30543088
60.983368 3.30646948
61.084001 3.30749664
61.184633 3.30851236
61.285266 3.30951663
61.385899 3.31050946
61.486531 3.31149084
61.587164 3.31246078
61.687796 3.31341927
61.788429 3.31436632
61.889062 3.31530193
61.989694 3.31622608
62.090327 3.31713880
62.190959 3.31804007
62.291592 3.31892990
62.392225 3.31980828
62.492857 3.32067521
62.593490 3.32153070
62.694123 3.32237475
62.794755 3.32320735
62.895388 3.32402851
62.996020 3.32483822
63.096653 3.32563649
63.197286 3.32642332
63.297918 3.32719870
63.398551 3.32796263
63.499184 3.32871512
63.599816 3.32945617
63.700449 3.33018577
63.801081 3.33090392
63.901714 3.33161064
64.002347 3.33230590
64.102979 3.33298973
64.203612 3.33366210
64.304245 3.33432304
64.404877 3.33497253
64.505510 3.33561057
64.606142 3.33623717
64.706775 3.33685232
64.807408 3.33745604
64.908040 3.33804830
65.008673 3.33862912
65.109305 3.33919850
65.209938 3.33975643
65.310571 3.34030292
65.411203 3.34083796
65.511836 3.34136156
65.612469 3.34187371
65.713101 3.34237442
65.813734 3.34286369
65.914366 3.34334151
66.014999 3.34380788
66.115632 3.34426281
66.216264 3.34470630
66.316897 3.34513834
66.417530 3.34555894
66.518162 3.34596809
66.618795 3.34636580
66.719427 3.34675206
66.820060 3.34712688
66.920693 3.34749026
67.021325 3.34784219
67.121958 3.34818267
67.222591 3.34851171
67.323223 3.34882931
67.423856 3.34913546
67.524488 3.34943017
67.625121 3.34971343
67.725754 3.34998525
67.826386 3.35024562
67.927019 3.35049455
68.027651 3.35073203
68.128284 3.35095807
68.228917 3.35117267
68.329549 3.35137582
68.430182 3.35156752
68.530815 3.35174778
68.631447 3.35191660
68.732080 3.35207397
68.832712 3.35221990
68.933345 3.35235438
69.033978 3.35247742
69.134610 3.35258901
69.235243 3.35268916
69.335876 3.35277787
69.436508 3.35285513
69.537141 3.35292094
69.637773 3.35297531
69.738406 3.35301823
69.839039 3.35304971
69.939671 3.35307073
70.040304 3.35309076
70.140937 3.35311079
70.241569 3.35313083
70.342202 3.35315086
70.442834 3.35317090
70.543467 3.35319093
70.644100 3.35321093
70.744732 3.35323100
