0.100633 1.43685861
0.201265 1.43686068
0.301898 1.43685849
0.402530 1.43685828
0.503163 1.43685832
0.603796 1.43685836
0.704428 1.43685839
0.805061 1.43685842
0.905694 1.43685845
1.006326 1.43685847
1.106959 1.43685849
1.207591 1.43685851
1.308224 1.43685852
1.408857 1.43685852
1.509489 1.43685852
1.610122 1.43685852
1.710755 1.43685850
1.811387 1.43685848
1.912020 1.43685845
2.012652 1.43685841
2.113285 1.43685836
2.213918 1.43685831
2.314550 1.43685824
2.415183 1.43685817
2.515816 1.43685808
2.616448 1.43685799
2.717081 1.43685788
2.817713 1.43685776
2.918346 1.43685763
3.018979 1.43685749
3.119611 1.43685733
3.220244 1.43685716
3.320876 1.43685697
3.421509 1.43685678
3.522142 1.43685656
3.622774 1.43685633
3.723407 1.43685609
3.824040 1.43685583
3.924672 1.43685555
4.025305 1.43685526
4.125937 1.43685494
4.226570 1.43685461
4.327203 1.43685426
4.427835 1.43685390
4.528468 1.43685351
4.629101 1.43685310
4.729733 1.43685267
4.830366 1.43685222
4.930998 1.43685175
5.031631 1.43685126
5.132264 1.43685074
5.232896 1.43685021
5.333529 1.43684964
5.434162 1.43684906
5.534794 1.43684845
5.635427 1.43684782
5.736059 1.43684715
5.836692 1.43684647
5.937325 1.43684576
6.037957 1.43684502
6.138590 1.43684425
6.239222 1.43684346
6.339855 1.43684263
6.440488 1.43684178
6.541120 1.43684090
6.641753 1.43683999
6.742386 1.43683905
6.843018 1.43683808
6.943651 1.43683707
7.044283 1.43683603
7.144916 1.43683496
7.245549 1.43683386
7.346181 1.43683273
7.446814 1.43683156
7.547447 1.43683035
7.648079 1.43682911
7.748712 1.43682783
7.849344 1.43682653
7.949977 1.43682517
8.050610 1.43682379
8.151242 1.43682236
8.251875 1.43682090
8.352508 1.43681940
8.453140 1.43681786
8.553773 1.43681628
8.654405 1.43681466
8.755038 1.43681300
8.855671 1.43681130
8.956303 1.43680955
9.056936 1.43680776
9.157568 1.43680593
9.258201 1.43680405
9.358834 1.43680213
9.459466 1.43680017
9.560099 1.43679816
9.660732 1.43679611
9.761364 1.43679400
9.861997 1.43679186
9.962629 1.43678966
10.063262 1.43678742
10.163895 1.43678512
10.264527 1.43678278
10.365160 1.43678039
10.465793 1.43677795
10.566425 1.43677546
10.667058 1.43677292
10.767690 1.43677033
10.868323 1.43676769
10.968956 1.43676499
11.069588 1.43676224
11.170221 1.43675944
11.270853 1.43675658
11.371486 1.43675367
11.472119 1.43675071
11.572751 1.43674769
11.673384 1.43674461
11.774017 1.43674148
11.874649 1.43673829
11.975282 1.43673505
12.075914 1.43673175
12.176547 1.43672839
12.277180 1.43672497
12.377812 1.43672149
12.478445 1.43671796
12.579078 1.43671437
12.679710 1.43671071
12.780343 1.43670700
12.880975 1.43670322
12.981608 1.43669939
13.082241 1.43669549
13.182873 1.43669154
13.283506 1.43668752
13.384139 1.43668344
13.484771 1.43667929
13.585404 1.43667509
13.686036 1.43667082
13.786669 1.43666649
13.887302 1.43666209
13.987934 1.43665763
14.088567 1.43665310
14.189199 1.43664851
14.289832 1.43664386
14.390465 1.43663914
14.491097 1.43663435
14.591730 1.43662950
14.692363 1.43662458
14.792995 1.43661961
14.893628 1.43661455
14.994260 1.43660944
15.094893 1.43660425
15.195526 1.43659901
15.296158 1.43659368
15.396791 1.43658830
15.497424 1.43658285
15.598056 1.43657733
15.698689 1.43657173
15.799321 1.43656608
15.899954 1.43656035
16.000587 1.43655456
16.101219 1.43654868
16.201852 1.43654275
16.302485 1.43653674
16.403117 1.43653067
16.503750 1.43652451
16.604382 1.43651830
16.705015 1.43651200
16.805648 1.43650565
16.906280 1.43649920
17.006913 1.43649270
17.107545 1.43648611
17.208178 1.43647946
17.308811 1.43647272
17.409443 1.43646592
17.510076 1.43645902
17.610709 1.43645207
17.711341 1.43644502
17.811974 1.43643790
17.912606 1.43643068
18.013239 1.43642341
18.113872 1.43641601
18.214504 1.43640856
18.315137 1.43640099
18.415770 1.43639335
18.516402 1.43638558
18.617035 1.43637773
18.717667 1.43636974
18.818300 1.43636167
18.918933 1.43635343
19.019565 1.43634509
19.120198 1.43633657
19.220831 1.43632791
19.321463 1.43631904
19.422096 1.43630999
19.522728 1.43630067
19.623361 1.43629110
19.723994 1.43628119
19.824626 1.43627094
19.925259 1.43626021
20.025891 1.43624899
20.126524 1.43623709
20.227157 1.43622447
20.327789 1.43621085
20.428422 1.43619613
20.529055 1.43617992
20.629687 1.43616199
20.730320 1.43614178
20.830952 1.43611884
20.931585 1.43609235
21.032218 1.43606151
21.132850 1.43602502
21.233483 1.43598152
21.334116 1.43592894
21.434748 1.43586495
21.535381 1.43578620
21.636013 1.43568872
21.736646 1.43556700
21.837279 1.43541430
21.937911 1.43522142
22.038544 1.43497682
22.139177 1.43466496
22.239809 1.43426597
22.340442 1.43375322
22.441074 1.43309218
22.541707 1.43223660
22.642340 1.43112575
22.742972 1.42967810
22.843605 1.42778546
22.944237 1.42530187
23.044870 1.42203176
23.145503 1.41770965
23.246135 1.41197652
23.346768 1.40434167
23.447401 1.39413578
23.548033 1.38043750
23.648666 1.36198009
23.749298 1.33700822
23.849931 1.30309145
23.950564 1.25684389
24.051196 1.19355181
24.151829 1.10663372
24.252462 0.98690633
24.353094 0.82160819
24.453727 0.59296109
24.554359 0.27663387
24.654992 -0.16036649
24.755625 -0.75381055
24.856257 -1.48808454
24.956890 -2.15790329
25.057523 -2.45369433
25.158155 -2.47622597
25.258788 -2.67026473
25.359420 -3.31920418
25.460053 -4.52366630
25.560686 -6.32316366
25.661318 -8.67233483
25.761951 -11.26899447
25.862583 -13.35306918
25.963216 -13.95089422
26.063849 -12.72851117
26.164481 -10.37083302
26.265114 -7.87200205
26.365747 -5.83775960
26.466379 -4.47596427
26.567012 -3.82589039
26.667644 -3.89018158
26.768277 -4.67460543
26.868910 -6.16120024
26.969542 -8.18808212
27.070175 -10.21781318
27.170808 -11.30847357
27.271440 -10.76600059
27.372073 -8.87480324
27.472705 -6.57402104
27.573338 -4.61272662
27.673971 -3.29181304
27.774603 -2.66755569
27.875236 -2.73606923
27.975869 -3.49921793
28.076501 -4.95636359
28.177134 -7.02849588
28.277766 -9.35562645
28.378399 -11.11860499
28.479032 -11.42086865
28.579664 -10.14659578
28.680297 -8.09177468
28.780929 -6.15889918
28.881562 -4.81451633
28.982195 -4.18153521
29.082827 -4.26728072
29.183460 -5.06665356
29.284093 -6.57171520
29.384725 -8.72764381
29.485358 -11.27920113
29.585990 -13.53919446
29.686623 -14.50130298
29.787256 -13.62287325
29.887888 -11.40295181
29.988521 -8.84751289
30.089154 -6.66602818
30.189786 -5.12873287
30.290419 -4.29522166
30.391051 -4.17387700
30.491684 -4.76958615
30.592317 -6.07703995
30.692949 -7.98307328
30.793582 -10.04268634
30.894215 -11.36836580
30.994847 -11.13889587
31.095480 -9.42098717
31.196112 -7.09391022
31.296745 -4.99508449
31.397378 -3.50393678
31.498010 -2.70711952
31.598643 -2.60622249
31.699275 -3.19870401
31.799908 -4.48877073
31.900541 -6.42559015
32.001173 -8.72514780
32.101806 -10.65924078
32.202439 -11.28013848
32.303071 -10.25624296
32.403704 -8.24709272
32.504336 -6.20257128
32.604969 -4.68176556
32.705602 -3.85741106
32.806234 -3.74865908
32.906867 -4.34804737
33.007500 -5.65238016
33.108132 -7.62692717
33.208765 -10.08026555
33.309397 -12.43554913
33.410030 -13.71343239
33.510663 -13.20086758
33.611295 -11.19291224
33.711928 -8.66525592
33.812560 -6.41313832
33.913193 -4.77679680
34.013826 -3.83727663
34.114458 -3.60251504
34.215091 -4.07764289
34.315724 -5.26169148
34.416356 -7.07678344
34.516989 -9.16917983
34.617621 -10.72500007
34.718254 -10.83348816
34.818887 -9.34649964
34.919519 -7.04049984
35.020152 -4.82169848
35.120785 -3.16527194
35.221417 -2.19722205
35.322050 -1.92544871
35.422682 -2.34845175
35.523315 -3.46965271
35.623948 -5.25816617
35.724580 -7.49853136
35.825213 -9.55218750
35.925846 -10.45202594
36.026478 -9.66534930
36.127111 -7.66395197
36.227743 -5.39683053
36.328376 -3.50265516
36.429009 -2.18123549
36.529641 -1.42619213
36.630274 -1.17313549
36.730906 -1.28749734
36.831539 -1.43685819
36.932172 -1.19580919
37.032804 -0.56533987
37.133437 0.11877862
37.234070 0.68070608
37.334702 1.11356754
37.435335 1.44700061
37.535967 1.70722017
37.636600 1.91296499
37.737233 2.07655452
37.837865 2.20548276
37.938498 2.30325119
38.039131 2.37215865
38.139763 2.41346463
38.240396 2.43876171
38.341028 2.45785293
38.441661 2.47198790
38.542294 2.48153472
38.642926 2.48669777
38.743559 2.48830333
38.844192 2.48881200
38.944824 2.48904058
39.045457 2.48917466
39.146089 2.48926710
39.246722 2.48933802
39.347355 2.48939691
39.447987 2.48944879
39.548620 2.48949660
39.649252 2.48954233
39.749885 2.48958763
39.850518 2.48963443
39.951150 2.48968583
40.051783 2.48974827
40.152416 2.48983927
40.253048 2.49002531
40.353681 2.49067049
40.454313 2.49254649
40.554946 2.49541875
40.655579 2.49865211
40.756211 2.50125562
40.856844 2.50172082
40.957477 2.49778570
41.058109 2.48607273
41.158742 2.46149737
41.259374 2.41669136
41.360007 2.34078634
41.460640 2.21955566
41.561272 2.04155414
41.661905 1.81561431
41.762538 1.59766745
41.863170 1.48282147
41.963803 1.52820355
42.064435 1.69150573
42.165068 1.87602349
42.265701 2.01135174
42.366333 2.07375329
42.466966 2.06397326
42.567598 1.98815019
42.668231 1.85103348
42.768864 1.65913882
42.869496 1.43400106
42.970129 1.23004792
43.070762 1.12219910
43.171394 1.13789310
43.272027 1.21351560
43.372659 1.24415811
43.473292 1.15035430
43.573925 0.90490514
43.674557 0.55914500
43.775190 0.26937709
43.875823 0.22535024
43.976455 0.47933911
44.077088 0.89509686
44.177720 1.29334630
44.278353 1.58005240
44.378986 1.74127551
44.479618 1.79154976
44.580251 1.74571365
44.680884 1.61075745
44.781516 1.38616157
44.882149 1.06914984
44.982781 0.67189722
45.083414 0.25923616
45.184047 -0.03457584
45.284679 -0.09134290
45.385312 0.07464596
45.485944 0.36202812
45.586577 0.68568891
45.687210 0.97072186
45.787842 1.19552478
45.888475 1.41575834
45.989108 1.65222970
46.089740 1.86366742
46.190373 2.02694355
46.291005 2.14729217
46.391638 2.23568619
46.492271 2.30093019
46.592903 2.34920127
46.693536 2.38469406
46.794169 2.41012584
46.894801 2.42726968
46.995434 2.43707681
47.096066 2.44071196
47.196699 2.44135586
47.297332 2.44159135
47.397964 2.44171466
47.498597 2.44179533
47.599230 2.44185593
47.699862 2.44190591
47.800495 2.44194986
47.901127 2.44199023
48.001760 2.44202840
48.102393 2.44206518
48.203025 2.44210108
48.303658 2.44213639
48.404290 2.44217132
48.504923 2.44220600
48.605556 2.44224051
48.706188 2.44227490
48.806821 2.44230921
48.907454 2.44234348
49.008086 2.44237770
49.108719 2.44241191
49.209351 2.44244610
49.309984 2.44248028
49.410617 2.44251445
49.511249 2.44254862
49.611882 2.44258278
49.712515 2.44261695
49.813147 2.44265112
49.913780 2.44268528
50.014412 2.44271945
50.115045 2.44275363
50.215678 2.44278780
50.316310 2.44282197
50.416943 2.44285615
50.517576 2.44289033
50.618208 2.44292452
50.718841 2.44295870
50.819473 2.44299289
50.920106 2.44302708
51.020739 2.44306127
51.121371 2.44309547
51.222004 2.44312966
51.322636 2.44316386
51.423269 2.44319806
51.523902 2.44323227
51.624534 2.44326647
51.725167 2.44330068
51.825800 2.44333489
51.926432 2.44336911
52.027065 2.44340332
52.127697 2.44343754
52.228330 2.44347176
52.328963 2.44350598
52.429595 2.44354020
52.530228 2.44357443
52.630861 2.44360866
52.731493 2.44364288
52.832126 2.44367712
52.932758 2.44371135
53.033391 2.44374558
53.134024 2.44377982
53.234656 2.44381406
53.335289 2.44384830
53.435921 2.44388254
53.536554 2.44391679
53.637187 2.44395103
53.737819 2.44398528
53.838452 2.44401953
53.939085 2.44405378
54.039717 2.44408803
54.140350 2.44412229
54.240982 2.44415654
54.341615 2.44419080
54.442248 2.44422506
54.542880 2.44425932
54.643513 2.44429358
54.744146 2.44432785
54.844778 2.44436211
54.945411 2.44439638
55.046043 2.44443065
55.146676 2.44446491
55.247309 2.44449919
55.347941 2.44453346
55.448574 2.44456773
55.549207 2.44460200
55.649839 2.44463628
55.750472 2.44467056
55.851104 2.44470484
55.951737 2.44473912
56.052370 2.44477340
56.153002 2.44480768
56.253635 2.44484196
56.354267 2.44487625
56.454900 2.44491053
56.555533 2.44494482
56.656165 2.44497911
56.756798 2.44501339
56.857431 2.44504768
56.958063 2.44508198
57.058696 2.44511627
57.159328 2.44515056
57.259961 2.44518485
57.360594 2.44521915
57.461226 2.44525345
57.561859 2.44528774
57.662492 2.44532204
57.763124 2.44535634
57.863757 2.44539064
57.964389 2.44542494
58.065022 2.44545924
58.165655 2.44549354
58.266287 2.44552785
58.366920 2.44556215
58.467553 2.44559646
58.568185 2.44563076
58.668818 2.44566507
58.769450 2.44569938
58.870083 2.44573368
58.970716 2.44576799
59.071348 2.44580230
59.171981 2.44583661
59.272613 2.44587092
59.373246 2.44590524
59.473879 2.44593955
59.574511 2.44597386
59.675144 2.44600818
59.775777 2.44604249
59.876409 2.44607681
59.977042 2.44611112
60.077674 2.44614544
60.178307 2.44617976
60.278940 2.44621407
60.379572 2.44624839
60.480205 2.44628271
60.580838 2.44631703
60.681470 2.44635135
60.782103 2.44638567
60.882735 2.44641999
60.983368 2.44645432
61.084001 2.44648864
61.184633 2.44652296
61.285266 2.44655729
61.385899 2.44659161
61.486531 2.44662593
61.587164 2.44666026
61.687796 2.44669458
61.788429 2.44672891
61.889062 2.44676324
61.989694 2.44679756
62.090327 2.44683189
62.190959 2.44686622
62.291592 2.44690055
62.392225 2.44693488
62.492857 2.44696921
62.593490 2.44700354
62.694123 2.44703787
62.794755 2.44707220
62.895388 2.44710653
62.996020 2.44714086
63.096653 2.44717519
63.197286 2.44720952
63.297918 2.44724385
63.398551 2.44727819
63.499184 2.44731252
63.599816 2.44734685
63.700449 2.44738119
63.801081 2.44741552
63.901714 2.44744985
64.002347 2.44748419
64.102979 2.44751852
64.203612 2.44755286
64.304245 2.44758719
64.404877 2.44762153
64.505510 2.44765587
64.606142 2.44769020
64.706775 2.44772454
64.807408 2.44775888
64.908040 2.44779321
65.008673 2.44782755
65.109305 2.44786189
65.209938 2.44789623
65.310571 2.44793056
65.411203 2.44796490
65.511836 2.44799924
65.612469 2.44803358
65.713101 2.44806792
65.813734 2.44810226
65.914366 2.44813660
66.014999 2.44817094
66.115632 2.44820528
66.216264 2.44823962
66.316897 2.44827396
66.417530 2.44830830
66.518162 2.44834264
66.618795 2.44837698
66.719427 2.44841132
66.820060 2.44844566
66.920693 2.44848000
67.021325 2.44851435
67.121958 2.44854869
67.222591 2.44858303
67.323223 2.44861737
67.423856 2.44865171
67.524488 2.44868605
67.625121 2.44872040
67.725754 2.44875474
67.826386 2.44878908
67.927019 2.44882343
68.027651 2.44885777
68.128284 2.44889211
68.228917 2.44892645
68.329549 2.44896080
68.430182 2.44899514
68.530815 2.44902948
68.631447 2.44906383
68.732080 2.44909817
68.832712 2.44913251
68.933345 2.44916686
69.033978 2.44920120
69.134610 2.44923555
69.235243 2.44926989
69.335876 2.44930423
69.436508 2.44933858
69.537141 2.44937292
69.637773 2.44940727
69.738406 2.44944161
69.839039 2.44947595
69.939671 2.44951030
70.040304 2.44954464
70.140937 2.44957899
70.241569 2.44961333
70.342202 2.44964767
70.442834 2.44968202
70.543467 2.44971636
70.644100 2.44975071
70.744732 2.44978505
