0.100633 1.46814095
0.201265 1.46813994
0.301898 1.46814102
0.402530 1.46814113
0.503163 1.46814111
0.603796 1.46814110
0.704428 1.46814108
0.805061 1.46814107
0.905694 1.46814105
1.006326 1.46814103
1.106959 1.46814102
1.207591 1.46814100
1.308224 1.46814098
1.408857 1.46814096
1.509489 1.46814094
1.610122 1.46814092
1.710755 1.46814090
1.811387 1.46814088
1.912020 1.46814085
2.012652 1.46814083
2.113285 1.46814080
2.213918 1.46814078
2.314550 1.46814075
2.415183 1.46814072
2.515816 1.46814069
2.616448 1.46814065
2.717081 1.46814062
2.817713 1.46814059
2.918346 1.46814055
3.018979 1.46814051
3.119611 1.46814047
3.220244 1.46814043
3.320876 1.46814038
3.421509 1.46814034
3.522142 1.46814029
3.622774 1.46814024
3.723407 1.46814019
3.824040 1.46814013
3.924672 1.46814008
4.025305 1.46814002
4.125937 1.46813996
4.226570 1.46813990
4.327203 1.46813983
4.427835 1.46813976
4.528468 1.46813969
4.629101 1.46813962
4.729733 1.46813954
4.830366 1.46813946
4.930998 1.46813938
5.031631 1.46813930
5.132264 1.46813921
5.232896 1.46813912
5.333529 1.46813903
5.434162 1.46813893
5.534794 1.46813883
5.635427 1.46813873
5.736059 1.46813862
5.836692 1.46813852
5.937325 1.46813840
6.037957 1.46813829
6.138590 1.46813817
6.239222 1.46813804
6.339855 1.46813792
6.440488 1.46813779
6.541120 1.46813765
6.641753 1.46813752
6.742386 1.46813737
6.843018 1.46813723
6.943651 1.46813708
7.044283 1.46813692
7.144916 1.46813677
7.245549 1.46813660
7.346181 1.46813644
7.446814 1.46813627
7.547447 1.46813609
7.648079 1.46813591
7.748712 1.46813573
7.849344 1.46813554
7.949977 1.46813535
8.050610 1.46813515
8.151242 1.46813494
8.251875 1.46813474
8.352508 1.46813452
8.453140 1.46813431
8.553773 1.46813408
8.654405 1.46813386
8.755038 1.46813362
8.855671 1.46813339
8.956303 1.46813314
9.056936 1.46813289
9.157568 1.46813264
9.258201 1.46813238
9.358834 1.46813212
9.459466 1.46813185
9.560099 1.46813157
9.660732 1.46813129
9.761364 1.46813100
9.861997 1.46813071
9.962629 1.46813041
10.063262 1.46813010
10.163895 1.46812979
10.264527 1.46812947
10.365160 1.46812915
10.465793 1.46812882
10.566425 1.46812848
10.667058 1.46812814
10.767690 1.46812779
10.868323 1.46812744
10.968956 1.46812707
11.069588 1.46812671
11.170221 1.46812633
11.270853 1.46812595
11.371486 1.46812556
11.472119 1.46812516
11.572751 1.46812476
11.673384 1.46812435
11.774017 1.46812394
11.874649 1.46812351
11.975282 1.46812308
12.075914 1.46812265
12.176547 1.46812220
12.277180 1.46812175
12.377812 1.46812129
12.478445 1.46812082
12.579078 1.46812035
12.679710 1.46811987
12.780343 1.46811938
12.880975 1.46811888
12.981608 1.46811838
13.082241 1.46811786
13.182873 1.46811735
13.283506 1.46811682
13.384139 1.46811628
13.484771 1.46811574
13.585404 1.46811519
13.686036 1.46811463
13.786669 1.46811406
13.887302 1.46811348
13.987934 1.46811290
14.088567 1.46811230
14.189199 1.46811170
14.289832 1.46811109
14.390465 1.46811047
14.491097 1.46810985
14.591730 1.46810921
14.692363 1.46810857
14.792995 1.46810792
14.893628 1.46810725
14.994260 1.46810659
15.094893 1.46810591
15.195526 1.46810522
15.296158 1.46810452
15.396791 1.46810381
15.497424 1.46810310
15.598056 1.46810238
15.698689 1.46810164
15.799321 1.46810090
15.899954 1.46810014
16.000587 1.46809938
16.101219 1.46809861
16.201852 1.46809783
16.302485 1.46809704
16.403117 1.46809624
16.503750 1.46809542
16.604382 1.46809460
16.705015 1.46809377
16.805648 1.46809293
16.906280 1.46809207
17.006913 1.46809121
17.107545 1.46809033
17.208178 1.46808944
17.308811 1.46808854
17.409443 1.46808763
17.510076 1.46808670
17.610709 1.46808577
17.711341 1.46808481
17.811974 1.46808385
17.912606 1.46808286
18.013239 1.46808186
18.113872 1.46808085
18.214504 1.46807981
18.315137 1.46807875
18.415770 1.46807767
18.516402 1.46807656
18.617035 1.46807543
18.717667 1.46807426
18.818300 1.46807305
18.918933 1.46807180
19.019565 1.46807050
19.120198 1.46806913
19.220831 1.46806769
19.321463 1.46806617
19.422096 1.46806453
19.522728 1.46806277
19.623361 1.46806085
19.723994 1.46805872
19.824626 1.46805635
19.925259 1.46805368
20.025891 1.46805062
20.126524 1.46804708
20.227157 1.46804293
20.327789 1.46803802
20.428422 1.46803215
20.529055 1.46802505
20.629687 1.46801639
20.730320 1.46800576
20.830952 1.46799262
20.931585 1.46797626
21.032218 1.46795580
21.132850 1.46793009
21.233483 1.46789766
21.334116 1.46785661
21.434748 1.46780449
21.535381 1.46773814
21.636013 1.46765344
21.736646 1.46754508
21.837279 1.46740616
21.937911 1.46722767
22.038544 1.46699787
22.139177 1.46670143
22.239809 1.46631820
22.340442 1.46582174
22.441074 1.46517716
22.541707 1.46433832
22.642340 1.46324401
22.742972 1.46181273
22.843605 1.45993559
22.944237 1.45746651
23.044870 1.45420894
23.145503 1.44989700
23.246135 1.44417037
23.346768 1.43653754
23.447401 1.42632740
23.548033 1.41261727
23.648666 1.39413807
23.749298 1.36913238
23.849931 1.33516676
23.950564 1.28885235
24.051196 1.22547180
24.151829 1.13843973
24.252462 1.01856883
24.353094 0.85309308
24.453727 0.62423058
24.554359 0.30764554
24.654992 -0.12965764
24.755625 -0.72345411
24.856257 -1.45813252
24.956890 -2.12841373
25.057523 -2.42422741
25.158155 -2.44701381
25.258788 -2.64145864
25.359420 -3.29092865
25.460053 -4.49604307
25.560686 -6.29632067
25.661318 -8.64640017
25.761951 -11.24408765
25.862583 -13.32929489
25.963216 -13.92834377
26.063849 -12.70725810
26.164481 -10.35091728
26.265114 -7.85342470
26.365747 -5.82049545
26.466379 -4.45997956
26.567012 -3.81115343
26.667644 -3.87666783
26.768277 -4.66229103
26.868910 -6.15005201
26.969542 -8.17804923
27.070175 -10.20882887
27.170808 -11.30046688
27.271440 -10.75892469
27.372073 -8.86866402
27.472705 -6.56887591
27.573338 -4.60865369
27.673971 -3.28885810
27.774603 -2.66570135
27.875236 -2.73527141
27.975869 -3.49941935
28.076501 -4.95746413
28.177134 -7.03035257
28.277766 -9.35807956
28.378399 -11.12148080
28.479032 -11.42398240
28.579664 -10.14978148
28.680297 -8.09490492
28.780929 -6.16187549
28.881562 -4.81725127
28.982195 -4.18394741
29.082827 -4.26930319
29.183460 -5.06824415
29.284093 -6.57286375
29.384725 -8.72837601
29.485358 -11.27957942
29.585990 -13.53931809
29.686623 -14.50130403
29.787256 -13.62289305
29.887888 -11.40311128
29.988521 -8.84789469
30.089154 -6.66668111
30.189786 -5.12967985
30.290419 -4.29646433
30.391051 -4.17539389
30.491684 -4.77132370
30.592317 -6.07889765
30.692949 -7.98489136
30.793582 -10.04423774
30.894215 -11.36936303
30.994847 -11.13902303
31.095480 -9.41996982
31.196112 -7.09157392
31.296745 -4.99134215
31.397378 -3.49872711
31.498010 -2.70036708
31.598643 -2.59787369
31.699275 -3.18876186
31.799908 -4.47726332
31.900541 -6.41253867
32.001173 -8.71060564
32.101806 -10.64333200
32.202439 -11.26306486
32.303071 -10.23822651
32.403704 -8.22828298
32.504336 -6.18301757
32.604969 -4.66145442
32.705602 -3.83631298
32.806234 -3.72678029
32.906867 -4.32547347
33.007500 -5.62930518
33.108132 -7.60368024
33.208765 -10.05733126
33.309397 -12.41356173
33.410030 -13.69317412
33.510663 -13.18318481
33.611295 -11.17849603
33.711928 -8.65452526
33.812560 -6.40632520
33.913193 -4.77408231
34.013826 -3.83891605
34.114458 -3.60890352
34.215091 -4.08932555
34.315724 -5.27935787
34.416356 -7.10123927
34.516989 -9.20127962
34.617621 -10.76560798
34.718254 -10.88342873
34.818887 -9.40632781
34.919519 -7.11029722
35.020152 -4.90114879
35.120785 -3.25396253
35.221417 -2.29501008
35.322050 -2.03268205
35.422682 -2.46577227
35.523315 -3.59766409
35.623948 -5.39803833
35.724580 -7.65248013
35.825213 -9.72379200
35.925846 -10.64627760
36.026478 -9.88782128
36.127111 -7.91927552
36.227743 -5.68766311
36.328376 -3.82985271
36.429009 -2.54461806
36.529641 -1.82515553
36.630274 -1.60714454
36.730906 -1.75656402
36.831539 -1.94170805
36.932172 -1.73783884
37.032804 -1.14637818
37.133437 -0.50305708
37.234070 0.01676176
37.334702 0.40693247
37.435335 0.69812299
37.535967 0.91762668
37.636600 1.08558549
37.737233 1.21594173
37.837865 1.31724466
37.938498 1.39333238
38.039131 1.44663756
38.139763 1.47845751
38.240396 1.49782097
38.341028 1.51207624
38.441661 1.52210641
38.542294 1.52814468
38.642926 1.53031781
38.743559 1.52933388
38.844192 1.52739148
38.944824 1.52521494
39.045457 1.52296481
39.146089 1.52068459
39.246722 1.51838977
39.347355 1.51608710
39.447987 1.51377988
39.548620 1.51146990
39.649252 1.50915824
39.749885 1.50684574
39.850518 1.50453348
39.951150 1.50222351
40.051783 1.49992079
40.152416 1.49764058
40.253048 1.49544491
40.353681 1.49368185
40.454313 1.49308675
40.554946 1.49342162
40.655579 1.49405602
40.756211 1.49400599
40.856844 1.49177165
40.957477 1.48510085
41.058109 1.47062716
41.158742 1.44327747
41.259374 1.39569430
41.360007 1.31701833
41.460640 1.19302908
41.561272 1.01228349
41.661905 0.78361465
41.762538 0.56295774
41.863170 0.44543017
41.963803 0.48816492
42.064435 0.64884734
42.165068 0.83075527
42.265701 0.96346051
42.366333 1.02320118
42.466966 1.01069943
42.567598 0.93207637
42.668231 0.79207324
42.768864 0.59720831
42.869496 0.36902947
42.970129 0.16198734
43.070762 0.05103295
43.171394 0.06363781
43.272027 0.13621594
43.372659 0.16387759
43.473292 0.06715887
43.573925 -0.18115396
43.674557 -0.52975825
43.775190 -0.82238924
43.875823 -0.86932883
43.976455 -0.61830738
44.077088 -0.20554403
44.177720 0.18971179
44.278353 0.47342785
44.378986 0.63165150
44.479618 0.67890011
44.580251 0.62999741
44.680884 0.49192565
44.781516 0.26416443
44.882149 -0.05605577
44.982781 -0.45654317
45.083414 -0.87243575
45.184047 -1.16944194
45.284679 -1.22934228
45.385312 -1.06642730
45.485944 -0.78208637
45.586577 -0.46146990
45.687210 -0.17951929
45.787842 0.04213232
45.888475 0.25912387
45.989108 0.49225383
46.089740 0.70025666
46.190373 0.86002240
46.291005 0.97681087
46.391638 1.06162684
46.492271 1.12331018
46.592903 1.16807599
46.693536 1.20016104
46.794169 1.22233063
46.894801 1.23640582
46.995434 1.24337942
47.096066 1.24442408
47.196699 1.24261825
47.297332 1.24044209
47.397964 1.23817322
47.498597 1.23587369
47.599230 1.23356193
47.699862 1.23124479
47.800495 1.22892520
47.901127 1.22660446
48.001760 1.22428322
48.102393 1.22196176
48.203025 1.21964025
48.303658 1.21731875
48.404290 1.21499728
48.504923 1.21267586
48.605556 1.21035448
48.706188 1.20803315
48.806821 1.20571186
48.907454 1.20339159
49.008086 1.20108181
49.108719 1.19878349
49.209351 1.19649664
49.309984 1.19422126
49.410617 1.19195734
49.511249 1.18970487
49.611882 1.18746386
49.712515 1.18523429
49.813147 1.18301618
49.913780 1.18080952
50.014412 1.17861431
50.115045 1.17643054
50.215678 1.17425823
50.316310 1.17209736
50.416943 1.16994794
50.517576 1.16780996
50.618208 1.16568343
50.718841 1.16356835
50.819473 1.16146471
50.920106 1.15937252
51.020739 1.15729178
51.121371 1.15522248
51.222004 1.15316463
51.322636 1.15111822
51.423269 1.14908326
51.523902 1.14705975
51.624534 1.14504768
51.725167 1.14304705
51.825800 1.14105787
51.926432 1.13908014
52.027065 1.13711386
52.127697 1.13515901
52.228330 1.13321562
52.328963 1.13128367
52.429595 1.12936317
52.530228 1.12745411
52.630861 1.12555649
52.731493 1.12367033
52.832126 1.12179561
52.932758 1.11993233
53.033391 1.11808050
53.134024 1.11624012
53.234656 1.11441118
53.335289 1.11259368
53.435921 1.11078764
53.536554 1.10899303
53.637187 1.10720988
53.737819 1.10543817
53.838452 1.10367790
53.939085 1.10192909
54.039717 1.10019171
54.140350 1.09846579
54.240982 1.09675130
54.341615 1.09504827
54.442248 1.09335668
54.542880 1.09167653
54.643513 1.09000783
54.744146 1.08835058
54.844778 1.08670477
54.945411 1.08507041
55.046043 1.08344750
55.146676 1.08183603
55.247309 1.08023600
55.347941 1.07864742
55.448574 1.07707029
55.549207 1.07550460
55.649839 1.07395036
55.750472 1.07240757
55.851104 1.07087622
55.951737 1.06935631
56.052370 1.06784785
56.153002 1.06635084
56.253635 1.06486527
56.354267 1.06339115
56.454900 1.06192848
56.555533 1.06047725
56.656165 1.05903746
56.756798 1.05760912
56.857431 1.05619223
56.958063 1.05478678
57.058696 1.05339278
57.159328 1.05201023
57.259961 1.05063912
57.360594 1.04927945
57.461226 1.04793123
57.561859 1.04659446
57.662492 1.04526913
57.763124 1.04395525
57.863757 1.04265282
57.964389 1.04136183
58.065022 1.04008228
58.165655 1.03881418
58.266287 1.03755753
58.366920 1.03631232
58.467553 1.03507856
58.568185 1.03385624
58.668818 1.03264537
58.769450 1.03144595
58.870083 1.03025797
58.970716 1.02908144
59.071348 1.02791635
59.171981 1.02676271
59.272613 1.02562051
59.373246 1.02448976
59.473879 1.02337045
59.574511 1.02226259
59.675144 1.02116618
59.775777 1.02008121
59.876409 1.01900768
59.977042 1.01794561
60.077674 1.01689497
60.178307 1.01585579
60.278940 1.01482805
60.379572 1.01381175
60.480205 1.01280690
60.580838 1.01181350
60.681470 1.01083154
60.782103 1.00986102
60.882735 1.00890196
60.983368 1.00795433
61.084001 1.00701816
61.184633 1.00609342
61.285266 1.00518014
61.385899 1.00427830
61.486531 1.00338790
61.587164 1.00250895
61.687796 1.00164145
61.788429 1.00078539
61.889062 0.99994078
61.989694 0.99910761
62.090327 0.99828589
62.190959 0.99747561
62.291592 0.99667678
62.392225 0.99588939
62.492857 0.99511345
62.593490 0.99434895
62.694123 0.99359590
62.794755 0.99285430
62.895388 0.99212414
62.996020 0.99140543
63.096653 0.99069816
63.197286 0.99000233
63.297918 0.98931795
63.398551 0.98864502
63.499184 0.98798353
63.599816 0.98733349
63.700449 0.98669490
63.801081 0.98606774
63.901714 0.98545204
64.002347 0.98484778
64.102979 0.98425496
64.203612 0.98367359
64.304245 0.98310366
64.404877 0.98254518
64.505510 0.98199815
64.606142 0.98146256
64.706775 0.98093841
64.807408 0.98042571
64.908040 0.97992446
65.008673 0.97943465
65.109305 0.97895629
65.209938 0.97848937
65.310571 0.97803389
65.411203 0.97758987
65.511836 0.97715728
65.612469 0.97673614
65.713101 0.97632645
65.813734 0.97592820
65.914366 0.97554140
66.014999 0.97516604
66.115632 0.97480213
66.216264 0.97444966
66.316897 0.97410864
66.417530 0.97377906
66.518162 0.97346093
66.618795 0.97315424
66.719427 0.97285900
66.820060 0.97257520
66.920693 0.97230284
67.021325 0.97204194
67.121958 0.97179247
67.222591 0.97155446
67.323223 0.97132788
67.423856 0.97111275
67.524488 0.97090907
67.625121 0.97071683
67.725754 0.97053604
67.826386 0.97036669
67.927019 0.97020879
68.027651 0.97006233
68.128284 0.96992731
68.228917 0.96980375
68.329549 0.96969162
68.430182 0.96959094
68.530815 0.96950171
68.631447 0.96942392
68.732080 0.96935757
68.832712 0.96930267
68.933345 0.96925922
69.033978 0.96922721
69.134610 0.96920664
69.235243 0.96919752
69.335876 0.96919984
69.436508 0.96921361
69.537141 0.96923882
69.637773 0.96927548
69.738406 0.96932359
69.839039 0.96938314
69.939671 0.96945316
70.040304 0.96952415
70.140937 0.96959515
70.241569 0.96966615
70.342202 0.96973714
70.442834 0.96980813
70.543467 0.96987913
70.644100 0.96995019
70.744732 0.97002112
