0.100633 1.41356670
0.201265 1.41357221
0.301898 1.41356641
0.402530 1.41356584
0.503163 1.41356591
0.603796 1.41356601
0.704428 1.41356610
0.805061 1.41356618
0.905694 1.41356627
1.006326 1.41356634
1.106959 1.41356641
1.207591 1.41356648
1.308224 1.41356654
1.408857 1.41356660
1.509489 1.41356664
1.610122 1.41356668
1.710755 1.41356672
1.811387 1.41356674
1.912020 1.41356676
2.012652 1.41356677
2.113285 1.41356677
2.213918 1.41356676
2.314550 1.41356673
2.415183 1.41356670
2.515816 1.41356666
2.616448 1.41356660
2.717081 1.41356654
2.817713 1.41356645
2.918346 1.41356636
3.018979 1.41356625
3.119611 1.41356613
3.220244 1.41356600
3.320876 1.41356585
3.421509 1.41356568
3.522142 1.41356550
3.622774 1.41356530
3.723407 1.41356509
3.824040 1.41356486
3.924672 1.41356461
4.025305 1.41356434
4.125937 1.41356406
4.226570 1.41356375
4.327203 1.41356343
4.427835 1.41356308
4.528468 1.41356272
4.629101 1.41356234
4.729733 1.41356193
4.830366 1.41356150
4.930998 1.41356106
5.031631 1.41356059
5.132264 1.41356009
5.232896 1.41355958
5.333529 1.41355904
5.434162 1.41355847
5.534794 1.41355789
5.635427 1.41355727
5.736059 1.41355664
5.836692 1.41355598
5.937325 1.41355529
6.037957 1.41355457
6.138590 1.41355383
6.239222 1.41355306
6.339855 1.41355227
6.440488 1.41355145
6.541120 1.41355060
6.641753 1.41354972
6.742386 1.41354881
6.843018 1.41354787
6.943651 1.41354691
7.044283 1.41354591
7.144916 1.41354489
7.245549 1.41354383
7.346181 1.41354274
7.446814 1.41354162
7.547447 1.41354048
7.648079 1.41353929
7.748712 1.41353808
7.849344 1.41353683
7.949977 1.41353555
8.050610 1.41353424
8.151242 1.41353290
8.251875 1.41353151
8.352508 1.41353010
8.453140 1.41352865
8.553773 1.41352717
8.654405 1.41352565
8.755038 1.41352410
8.855671 1.41352251
8.956303 1.41352089
9.056936 1.41351923
9.157568 1.41351754
9.258201 1.41351580
9.358834 1.41351403
9.459466 1.41351222
9.560099 1.41351038
9.660732 1.41350850
9.761364 1.41350658
9.861997 1.41350462
9.962629 1.41350262
10.063262 1.41350059
10.163895 1.41349852
10.264527 1.41349640
10.365160 1.41349425
10.465793 1.41349205
10.566425 1.41348982
10.667058 1.41348755
10.767690 1.41348524
10.868323 1.41348288
10.968956 1.41348049
11.069588 1.41347805
11.170221 1.41347558
11.270853 1.41347306
11.371486 1.41347050
11.472119 1.41346790
11.572751 1.41346526
11.673384 1.41346257
11.774017 1.41345984
11.874649 1.41345707
11.975282 1.41345426
12.075914 1.41345140
12.176547 1.41344850
12.277180 1.41344555
12.377812 1.41344257
12.478445 1.41343954
12.579078 1.41343646
12.679710 1.41343334
12.780343 1.41343018
12.880975 1.41342697
12.981608 1.41342372
13.082241 1.41342042
13.182873 1.41341708
13.283506 1.41341368
13.384139 1.41341025
13.484771 1.41340677
13.585404 1.41340325
13.686036 1.41339967
13.786669 1.41339606
13.887302 1.41339239
13.987934 1.41338868
14.088567 1.41338492
14.189199 1.41338112
14.289832 1.41337726
14.390465 1.41337336
14.491097 1.41336941
14.591730 1.41336542
14.692363 1.41336137
14.792995 1.41335728
14.893628 1.41335314
14.994260 1.41334895
15.094893 1.41334471
15.195526 1.41334043
15.296158 1.41333609
15.396791 1.41333171
15.497424 1.41332727
15.598056 1.41332278
15.698689 1.41331824
15.799321 1.41331366
15.899954 1.41330901
16.000587 1.41330432
16.101219 1.41329958
16.201852 1.41329478
16.302485 1.41328993
16.403117 1.41328503
16.503750 1.41328007
16.604382 1.41327506
16.705015 1.41326999
16.805648 1.41326487
16.906280 1.41325969
17.006913 1.41325446
17.107545 1.41324916
17.208178 1.41324380
17.308811 1.41323838
17.409443 1.41323291
17.510076 1.41322736
17.610709 1.41322175
17.711341 1.41321607
17.811974 1.41321033
17.912606 1.41320451
18.013239 1.41319861
18.113872 1.41319264
18.214504 1.41318659
18.315137 1.41318045
18.415770 1.41317422
18.516402 1.41316789
18.617035 1.41316146
18.717667 1.41315492
18.818300 1.41314826
18.918933 1.41314147
19.019565 1.41313454
19.120198 1.41312745
19.220831 1.41312018
19.321463 1.41311272
19.422096 1.41310503
19.522728 1.41309708
19.623361 1.41308884
19.723994 1.41308025
19.824626 1.41307125
19.925259 1.41306177
20.025891 1.41305172
20.126524 1.41304098
20.227157 1.41302940
20.327789 1.41301681
20.428422 1.41300297
20.529055 1.41298761
20.629687 1.41297034
20.730320 1.41295072
20.830952 1.41292815
20.931585 1.41290191
21.032218 1.41287102
21.132850 1.41283430
21.233483 1.41279018
21.334116 1.41273669
21.434748 1.41267127
21.535381 1.41259067
21.636013 1.41249065
21.736646 1.41236578
21.837279 1.41220897
21.937911 1.41201113
22.038544 1.41176028
22.139177 1.41144099
22.239809 1.41103286
22.340442 1.41050937
22.441074 1.40983536
22.541707 1.40896472
22.642340 1.40783599
22.742972 1.40636790
22.843605 1.40445151
22.944237 1.40194124
23.044870 1.39864077
23.145503 1.39428529
23.246135 1.38851516
23.346768 1.38084076
23.447401 1.37059251
23.548033 1.35685080
23.648666 1.33834941
23.749298 1.31333554
23.849931 1.27938024
23.950564 1.23310128
24.051196 1.16978806
24.151829 1.08286415
24.252462 0.96315170
24.353094 0.79789582
24.453727 0.56932642
24.554359 0.25311979
24.654992 -0.18370687
24.755625 -0.77691764
24.856257 -1.51088852
24.956890 -2.18033138
25.057523 -2.47622507
25.158155 -2.49861647
25.258788 -2.69237523
25.359420 -3.34094496
25.460053 -4.54496429
25.560686 -6.34395462
25.661318 -8.69256250
25.761951 -11.28861503
25.862583 -13.37205108
25.963216 -13.96921576
26.063849 -12.74615958
26.164481 -10.38781322
26.265114 -7.88833670
26.365747 -5.85348221
26.466379 -4.49111100
26.567012 -3.84049456
26.667644 -3.90427484
26.768277 -4.68822379
26.868910 -6.17439508
26.969542 -8.20092168
27.070175 -10.23037395
27.170808 -11.32081745
27.271440 -10.77814671
27.372073 -8.88670087
27.472705 -6.58555291
27.573338 -4.62374778
27.673971 -3.30221754
27.774603 -2.67731462
27.875236 -2.74518548
27.975869 -3.50771155
28.076501 -4.96431159
28.177134 -7.03603996
28.277766 -9.36294274
28.378399 -11.12589594
28.479032 -11.42836086
28.579664 -10.15450402
28.680297 -8.10027293
28.780929 -6.16812682
28.881562 -4.82460019
28.982195 -4.19260028
29.082827 -4.27944271
29.183460 -5.08000834
29.284093 -6.58632683
29.384725 -8.74353370
29.485358 -11.29633477
29.585990 -13.55746048
29.686623 -14.52050564
29.787256 -13.64275909
29.887888 -11.42326338
29.988521 -8.86802015
30.089154 -6.68652995
30.189786 -5.14904971
30.290419 -4.31519985
30.391051 -4.19339785
30.491684 -4.78858530
30.592317 -6.09553272
30.692949 -8.00117640
30.793582 -10.06063125
30.894215 -11.38649377
30.994847 -11.15761638
31.095480 -9.44068761
31.196112 -7.11486988
31.296745 -5.01747510
31.397378 -3.52788003
31.498010 -2.73272916
31.598643 -2.63357171
31.699275 -3.22779185
31.799908 -4.51956122
31.900541 -6.45805170
32.001173 -8.75921155
32.101806 -10.69475101
32.202439 -11.31683471
32.303071 -10.29382127
32.403704 -8.28532251
32.504336 -6.24132581
32.604969 -4.72096648
32.705602 -3.89696261
32.806234 -3.78838600
32.906867 -4.38764631
33.007500 -5.69139790
33.108132 -7.66474255
33.208765 -10.11608469
33.309397 -12.46843173
33.410030 -13.74231270
33.510663 -13.22466567
33.611295 -11.21081397
33.711928 -8.67685719
33.812560 -6.41833242
33.913193 -4.77558574
34.013826 -3.82960223
34.114458 -3.58815847
34.215091 -4.05619953
34.315724 -5.23256407
34.416356 -7.03920438
34.516989 -9.12228154
34.617621 -10.66784428
34.718254 -10.76510048
34.818887 -9.26610594
34.919519 -6.94776791
35.020152 -4.71666811
35.120785 -3.04802720
35.221417 -2.06748938
35.322050 -1.78237654
35.422682 -2.19089103
35.523315 -3.29658699
35.623948 -5.06799120
35.724580 -7.28852769
35.825213 -9.31820334
35.925846 -10.18846462
36.026478 -9.36612729
36.127111 -7.32422138
36.227743 -5.01409626
36.328376 -3.07651802
36.429009 -1.71245748
36.529641 -0.91595275
36.630274 -0.62244895
36.730906 -0.69666870
36.831539 -0.80530796
36.932172 -0.52214558
37.032804 0.15230121
37.133437 0.88217200
37.234070 1.49104815
37.334702 1.97121565
37.435335 2.35117273
37.535967 2.65596434
37.636600 2.90282710
37.737233 3.10234145
37.837865 3.26091615
37.938498 3.38177237
38.039131 3.46712912
38.139763 3.51826189
38.240396 3.54956717
38.341028 3.57350513
38.441661 3.59173006
38.542294 3.60476484
38.642926 3.61290528
38.743559 3.61710244
38.844192 3.62006872
38.944824 3.62270893
39.045457 3.62523287
39.146089 3.62770268
39.246722 3.63014325
39.347355 3.63256685
39.447987 3.63498035
39.548620 3.63738795
39.649252 3.63979263
39.749885 3.64219691
39.850518 3.64460361
39.951150 3.64701696
40.051783 3.64944492
40.152416 3.65190729
40.253048 3.65447509
40.353681 3.65752840
40.454313 3.66187484
40.554946 3.66728301
40.655579 3.67311285
40.756211 3.67836643
40.856844 3.68152679
40.957477 3.68032236
41.058109 3.67136475
41.158742 3.64955837
41.259374 3.60752448
41.360007 3.53438597
41.460640 3.41591016
41.561272 3.24064978
41.661905 3.01743687
41.762538 2.80219883
41.863170 2.69003457
41.963803 2.73806545
42.064435 2.90399024
42.165068 3.09112136
42.265701 3.22907652
42.366333 3.29414260
42.466966 3.28708712
42.567598 3.21406514
42.668231 3.07983346
42.768864 2.89090449
42.869496 2.66879990
42.970129 2.46792500
43.070762 2.36316896
43.171394 2.38193894
43.272027 2.46059261
43.372659 2.49420402
43.473292 2.40330424
43.573925 2.16070944
43.674557 1.81778570
43.775190 1.53087536
43.875823 1.48975869
43.976455 1.74671536
44.077088 2.16547006
44.177720 2.56671648
44.278353 2.85641658
44.378986 3.02064305
44.479618 3.07394650
44.580251 3.03117941
44.680884 2.89933942
44.781516 2.67790682
44.882149 2.36409863
44.982781 1.97007279
45.083414 1.56063347
45.184047 1.27000564
45.284679 1.21636351
45.385312 1.38542033
45.485944 1.67583958
45.586577 2.00254192
45.687210 2.29065525
45.787842 2.51860868
45.888475 2.74208461
45.989108 2.98189955
46.089740 3.19677605
46.190373 3.36356822
46.291005 3.48748396
46.391638 3.57946373
46.492271 3.64827626
46.592903 3.70005975
46.693536 3.73896626
46.794169 3.76766421
46.894801 3.78787885
46.995434 3.80052011
47.096066 3.80674505
47.196699 3.80983710
47.297332 3.81248247
47.397964 3.81499609
47.498597 3.81745505
47.599230 3.81988607
47.699862 3.82230119
47.800495 3.82470671
47.901127 3.82710619
48.001760 3.82950177
48.102393 3.83189478
48.203025 3.83428607
48.303658 3.83667618
48.404290 3.83906548
48.504923 3.84145423
48.605556 3.84384258
48.706188 3.84623065
48.806821 3.84861853
48.907454 3.85100528
49.008086 3.85338146
49.108719 3.85574612
49.209351 3.85809928
49.309984 3.86044095
49.410617 3.86277115
49.511249 3.86508988
49.611882 3.86739715
49.712515 3.86969297
49.813147 3.87197733
49.913780 3.87425024
50.014412 3.87651170
50.115045 3.87876171
50.215678 3.88100028
50.316310 3.88322740
50.416943 3.88544308
50.517576 3.88764731
50.618208 3.88984010
50.718841 3.89202144
50.819473 3.89419135
50.920106 3.89634980
51.020739 3.89849682
51.121371 3.90063239
51.222004 3.90275652
51.322636 3.90486920
51.423269 3.90697045
51.523902 3.90906025
51.624534 3.91113860
51.725167 3.91320552
51.825800 3.91526099
51.926432 3.91730502
52.027065 3.91933761
52.127697 3.92135875
52.228330 3.92336846
52.328963 3.92536672
52.429595 3.92735353
52.530228 3.92932891
52.630861 3.93129284
52.731493 3.93324533
52.832126 3.93518638
52.932758 3.93711598
53.033391 3.93903415
53.134024 3.94094087
53.234656 3.94283614
53.335289 3.94471998
53.435921 3.94659237
53.536554 3.94845332
53.637187 3.95030283
53.737819 3.95214090
53.838452 3.95396752
53.939085 3.95578270
54.039717 3.95758644
54.140350 3.95937874
54.240982 3.96115959
54.341615 3.96292900
54.442248 3.96468697
54.542880 3.96643350
54.643513 3.96816858
54.744146 3.96989223
54.844778 3.97160442
54.945411 3.97330518
55.046043 3.97499450
55.146676 3.97667237
55.247309 3.97833880
55.347941 3.97999379
55.448574 3.98163733
55.549207 3.98326943
55.649839 3.98489010
55.750472 3.98649931
55.851104 3.98809709
55.951737 3.98968342
56.052370 3.99125831
56.153002 3.99282176
56.253635 3.99437377
56.354267 3.99591433
56.454900 3.99744345
56.555533 3.99896113
56.656165 4.00046736
56.756798 4.00196216
56.857431 4.00344551
56.958063 4.00491741
57.058696 4.00637788
57.159328 4.00782690
57.259961 4.00926448
57.360594 4.01069062
57.461226 4.01210532
57.561859 4.01350857
57.662492 4.01490038
57.763124 4.01628075
57.863757 4.01764967
57.964389 4.01900716
58.065022 4.02035319
58.165655 4.02168779
58.266287 4.02301095
58.366920 4.02432266
58.467553 4.02562293
58.568185 4.02691175
58.668818 4.02818914
58.769450 4.02945508
58.870083 4.03070958
58.970716 4.03195263
59.071348 4.03318425
59.171981 4.03440442
59.272613 4.03561314
59.373246 4.03681043
59.473879 4.03799627
59.574511 4.03917067
59.675144 4.04033363
59.775777 4.04148514
59.876409 4.04262521
59.977042 4.04375384
60.077674 4.04487103
60.178307 4.04597677
60.278940 4.04707107
60.379572 4.04815392
60.480205 4.04922534
60.580838 4.05028531
60.681470 4.05133384
60.782103 4.05237092
60.882735 4.05339656
60.983368 4.05441076
61.084001 4.05541352
61.184633 4.05640483
61.285266 4.05738470
61.385899 4.05835313
61.486531 4.05931011
61.587164 4.06025565
61.687796 4.06118975
61.788429 4.06211241
61.889062 4.06302362
61.989694 4.06392339
62.090327 4.06481171
62.190959 4.06568859
62.291592 4.06655403
62.392225 4.06740803
62.492857 4.06825058
62.593490 4.06908169
62.694123 4.06990136
62.794755 4.07070958
62.895388 4.07150636
62.996020 4.07229170
63.096653 4.07306559
63.197286 4.07382804
63.297918 4.07457905
63.398551 4.07531861
63.499184 4.07604674
63.599816 4.07676341
63.700449 4.07746865
63.801081 4.07816244
63.901714 4.07884478
64.002347 4.07951569
64.102979 4.08017515
64.203612 4.08082316
64.304245 4.08145974
64.404877 4.08208487
64.505510 4.08269855
64.606142 4.08330080
64.706775 4.08389160
64.807408 4.08447095
64.908040 4.08503887
65.008673 4.08559533
65.109305 4.08614036
65.209938 4.08667394
65.310571 4.08719608
65.411203 4.08770677
65.511836 4.08820602
65.612469 4.08869383
65.713101 4.08917020
65.813734 4.08963512
65.914366 4.09008859
66.014999 4.09053062
66.115632 4.09096121
66.216264 4.09138036
66.316897 4.09178806
66.417530 4.09218432
66.518162 4.09256913
66.618795 4.09294250
66.719427 4.09330443
66.820060 4.09365491
66.920693 4.09399395
67.021325 4.09432154
67.121958 4.09463769
67.222591 4.09494240
67.323223 4.09523566
67.423856 4.09551748
67.524488 4.09578785
67.625121 4.09604678
67.725754 4.09629427
67.826386 4.09653031
67.927019 4.09675491
68.027651 4.09696807
68.128284 4.09716978
68.228917 4.09736004
68.329549 4.09753887
68.430182 4.09770624
68.530815 4.09786218
68.631447 4.09800667
68.732080 4.09813971
68.832712 4.09826131
68.933345 4.09837147
69.033978 4.09847019
69.134610 4.09855745
69.235243 4.09863328
69.335876 4.09869766
69.436508 4.09875059
69.537141 4.09879209
69.637773 4.09882213
69.738406 4.09884073
69.839039 4.09884788
69.939671 4.09884458
70.040304 4.09884029
70.140937 4.09883599
70.241569 4.09883171
70.342202 4.09882742
70.442834 4.09882314
70.543467 4.09881884
70.644100 4.09881448
70.744732 4.09881027
