0.100633 1.46249380
0.201265 1.46249353
0.301898 1.46249385
0.402530 1.46249389
0.503163 1.46249389
0.603796 1.46249389
0.704428 1.46249389
0.805061 1.46249389
0.905694 1.46249388
1.006326 1.46249387
1.106959 1.46249385
1.207591 1.46249383
1.308224 1.46249380
1.408857 1.46249377
1.509489 1.46249373
1.610122 1.46249369
1.710755 1.46249364
1.811387 1.46249357
1.912020 1.46249351
2.012652 1.46249343
2.113285 1.46249334
2.213918 1.46249325
2.314550 1.46249315
2.415183 1.46249303
2.515816 1.46249291
2.616448 1.46249277
2.717081 1.46249262
2.817713 1.46249246
2.918346 1.46249229
3.018979 1.46249211
3.119611 1.46249191
3.220244 1.46249170
3.320876 1.46249147
3.421509 1.46249123
3.522142 1.46249098
3.622774 1.46249071
3.723407 1.46249042
3.824040 1.46249012
3.924672 1.46248981
4.025305 1.46248947
4.125937 1.46248912
4.226570 1.46248875
4.327203 1.46248836
4.427835 1.46248796
4.528468 1.46248753
4.629101 1.46248709
4.729733 1.46248663
4.830366 1.46248614
4.930998 1.46248564
5.031631 1.46248512
5.132264 1.46248457
5.232896 1.46248401
5.333529 1.46248342
5.434162 1.46248281
5.534794 1.46248218
5.635427 1.46248152
5.736059 1.46248085
5.836692 1.46248014
5.937325 1.46247942
6.037957 1.46247867
6.138590 1.46247790
6.239222 1.46247709
6.339855 1.46247627
6.440488 1.46247542
6.541120 1.46247455
6.641753 1.46247365
6.742386 1.46247272
6.843018 1.46247177
6.943651 1.46247079
7.044283 1.46246978
7.144916 1.46246874
7.245549 1.46246768
7.346181 1.46246659
7.446814 1.46246547
7.547447 1.46246432
7.648079 1.46246314
7.748712 1.46246194
7.849344 1.46246070
7.949977 1.46245944
8.050610 1.46245814
8.151242 1.46245682
8.251875 1.46245546
8.352508 1.46245408
8.453140 1.46245266
8.553773 1.46245122
8.654405 1.46244974
8.755038 1.46244823
8.855671 1.46244668
8.956303 1.46244512
9.056936 1.46244351
9.157568 1.46244188
9.258201 1.46244020
9.358834 1.46243851
9.459466 1.46243677
9.560099 1.46243501
9.660732 1.46243320
9.761364 1.46243138
9.861997 1.46242951
9.962629 1.46242762
10.063262 1.46242568
10.163895 1.46242372
10.264527 1.46242172
10.365160 1.46241969
10.465793 1.46241762
10.566425 1.46241553
10.667058 1.46241339
10.767690 1.46241123
10.868323 1.46240903
10.968956 1.46240680
11.069588 1.46240453
11.170221 1.46240223
11.270853 1.46239989
11.371486 1.46239752
11.472119 1.46239511
11.572751 1.46239268
11.673384 1.46239020
11.774017 1.46238770
11.874649 1.46238516
11.975282 1.46238259
12.075914 1.46237998
12.176547 1.46237734
12.277180 1.46237466
12.377812 1.46237195
12.478445 1.46236921
12.579078 1.46236643
12.679710 1.46236362
12.780343 1.46236078
12.880975 1.46235790
12.981608 1.46235499
13.082241 1.46235204
13.182873 1.46234907
13.283506 1.46234606
13.384139 1.46234302
13.484771 1.46233994
13.585404 1.46233684
13.686036 1.46233369
13.786669 1.46233053
13.887302 1.46232732
13.987934 1.46232408
14.088567 1.46232081
14.189199 1.46231752
14.289832 1.46231418
14.390465 1.46231082
14.491097 1.46230742
14.591730 1.46230400
14.692363 1.46230054
14.792995 1.46229706
14.893628 1.46229354
14.994260 1.46229000
15.094893 1.46228642
15.195526 1.46228282
15.296158 1.46227918
15.396791 1.46227552
15.497424 1.46227183
15.598056 1.46226811
15.698689 1.46226436
15.799321 1.46226058
15.899954 1.46225677
16.000587 1.46225295
16.101219 1.46224908
16.201852 1.46224520
16.302485 1.46224128
16.403117 1.46223734
16.503750 1.46223337
16.604382 1.46222938
16.705015 1.46222535
16.805648 1.46222131
16.906280 1.46221723
17.006913 1.46221314
17.107545 1.46220901
17.208178 1.46220487
17.308811 1.46220069
17.409443 1.46219649
17.510076 1.46219226
17.610709 1.46218801
17.711341 1.46218373
17.811974 1.46217943
17.912606 1.46217509
18.013239 1.46217074
18.113872 1.46216634
18.214504 1.46216193
18.315137 1.46215747
18.415770 1.46215300
18.516402 1.46214847
18.617035 1.46214392
18.717667 1.46213932
18.818300 1.46213467
18.918933 1.46212997
19.019565 1.46212522
19.120198 1.46212038
19.220831 1.46211548
19.321463 1.46211046
19.422096 1.46210535
19.522728 1.46210008
19.623361 1.46209465
19.723994 1.46208901
19.824626 1.46208312
19.925259 1.46207691
20.025891 1.46207031
20.126524 1.46206321
20.227157 1.46205551
20.327789 1.46204702
20.428422 1.46203755
20.529055 1.46202684
20.629687 1.46201457
20.730320 1.46200029
20.830952 1.46198349
20.931585 1.46196344
21.032218 1.46193927
21.132850 1.46190981
21.233483 1.46187361
21.334116 1.46182875
21.434748 1.46177278
21.535381 1.46170252
21.636013 1.46161388
21.736646 1.46150152
21.837279 1.46135854
21.937911 1.46117593
22.038544 1.46094196
22.139177 1.46064127
22.239809 1.46025374
22.340442 1.45975291
22.441074 1.45910393
22.541707 1.45826065
22.642340 1.45716192
22.742972 1.45572622
22.843605 1.45384480
22.944237 1.45137155
23.044870 1.44811011
23.145503 1.44379465
23.246135 1.43806509
23.346768 1.43043003
23.447401 1.42021872
23.548033 1.40650869
23.648666 1.38803131
23.749298 1.36302953
23.849931 1.32907049
23.950564 1.28276586
24.051196 1.21939898
24.151829 1.13238526
24.252462 1.01253821
24.353094 0.84709290
24.453727 0.61826833
24.554359 0.30173022
24.654992 -0.13551621
24.755625 -0.72924407
24.856257 -1.46384111
24.956890 -2.13402536
25.057523 -2.42984369
25.158155 -2.45257578
25.258788 -2.64692543
25.359420 -3.29626391
25.460053 -4.50120999
25.560686 -6.30128006
25.661318 -8.65111202
25.761951 -11.24851459
25.862583 -13.33340343
25.963216 -13.93210581
26.063849 -12.71065089
26.164481 -10.35392716
26.265114 -7.85604771
26.365747 -5.82273642
26.466379 -4.46184826
26.567012 -3.81266377
26.667644 -3.87783698
26.768277 -4.66314185
26.868910 -6.15061577
26.969542 -8.17836827
27.070175 -10.20895567
27.170808 -11.30046073
27.271440 -10.75884044
27.372073 -8.86853466
27.472705 -6.56870734
27.573338 -4.60843394
27.673971 -3.28857417
27.774603 -2.66534975
27.875236 -2.73484998
27.975869 -3.49892427
28.076501 -4.95689951
28.177134 -7.02973126
28.277766 -9.35741632
28.378399 -11.12078981
28.479032 -11.42327767
28.579664 -10.14907202
28.680297 -8.09419268
28.780929 -6.16115996
28.881562 -4.81653729
28.982195 -4.18324997
29.082827 -4.26864841
29.183460 -5.06766785
29.284093 -6.57241216
29.384725 -8.72810649
29.485358 -11.27956082
29.585990 -13.53963326
29.686623 -14.50204980
29.787256 -13.62416592
29.887888 -11.40498314
29.988521 -8.85040029
30.089154 -6.66982704
30.189786 -5.13346232
30.290419 -4.30088103
30.391051 -4.18045132
30.491684 -4.77704224
30.592317 -6.08531330
30.692949 -7.99205289
30.793582 -10.05219993
30.894215 -11.37817899
30.994847 -11.14873829
31.095480 -9.43061249
31.196112 -7.10314547
31.296745 -5.00382648
31.397378 -3.51211803
31.498010 -2.71469015
31.598643 -2.61318208
31.699275 -3.20512327
31.799908 -4.49476566
31.900541 -6.43131501
32.001173 -8.73083663
32.101806 -10.66524467
32.202439 -11.28693841
32.303071 -10.26438658
32.403704 -8.25707862
32.504336 -6.21480928
32.604969 -4.69662269
32.705602 -3.87526981
32.806234 -3.76998110
32.906867 -4.37343680
33.007500 -5.68264803
33.108132 -7.66317589
33.208765 -10.12399804
33.309397 -12.48861739
33.410030 -13.77768589
33.510663 -13.27815219
33.611295 -11.28500617
33.711928 -8.77382629
33.812560 -6.53984705
33.913193 -4.92346016
34.013826 -4.00603825
34.114458 -3.79600518
34.215091 -4.29912918
34.315724 -5.51525371
34.416356 -7.36744330
34.516989 -9.50282159
34.617621 -11.10784584
34.718254 -11.27054260
34.818887 -9.83860514
34.919519 -7.58099357
35.020152 -5.39461789
35.120785 -3.74671340
35.221417 -2.75993633
35.322050 -2.44473452
35.422682 -2.80636687
35.523315 -3.85594727
35.623948 -5.56905451
35.724580 -7.73438578
35.825213 -9.71550718
35.925846 -10.54610980
36.026478 -9.69327287
36.127111 -7.62773572
36.227743 -5.29724536
36.328376 -3.34006648
36.429009 -1.95751366
36.529641 -1.14746141
36.630274 -0.85257088
36.730906 -0.94653524
36.831539 -1.10313142
36.932172 -0.89820556
37.032804 -0.32855607
37.133437 0.27847660
37.234070 0.75575633
37.334702 1.10271951
37.435335 1.35272762
37.535967 1.53375507
37.636600 1.66550181
37.737233 1.76113433
37.837865 1.82851863
37.938498 1.87125378
38.039131 1.89325110
38.139763 1.89838717
38.240396 1.89674396
38.341028 1.89452800
38.441661 1.89222645
38.542294 1.88990921
38.642926 1.88759002
38.743559 1.88527126
38.844192 1.88295277
38.944824 1.88063411
39.045457 1.87831494
39.146089 1.87599506
39.246722 1.87367440
39.347355 1.87135292
39.447987 1.86903057
39.548620 1.86670728
39.649252 1.86438301
39.749885 1.86205778
39.850518 1.85973187
39.951150 1.85740650
40.051783 1.85508561
40.152416 1.85278301
40.253048 1.85055821
40.353681 1.84875116
40.454313 1.84808538
40.554946 1.84832908
40.655579 1.84885932
40.756211 1.84869808
40.856844 1.84635017
40.957477 1.83956709
41.058109 1.82498534
41.158742 1.79753402
41.259374 1.74985710
41.360007 1.67109600
41.460640 1.54702998
41.561272 1.36621512
41.661905 1.13748330
41.762538 0.91676930
41.863170 0.79919156
41.963803 0.84188410
42.064435 1.00253162
42.165068 1.18441012
42.265701 1.31708894
42.366333 1.37680383
42.466966 1.36427485
42.567598 1.28562143
42.668231 1.14558386
42.768864 0.95068023
42.869496 0.72245918
42.970129 0.51537284
43.070762 0.40437459
43.171394 0.41693818
43.272027 0.48947967
43.372659 0.51711026
43.473292 0.42036602
43.573925 0.17203187
43.674557 -0.17659151
43.775190 -0.46924160
43.875823 -0.51620201
43.976455 -0.26520332
44.077088 0.14753621
44.177720 0.54276842
44.278353 0.82646117
44.378986 0.98466154
44.479618 1.03188646
44.580251 0.98295937
44.680884 0.84486246
44.781516 0.61707543
44.882149 0.29682912
44.982781 -0.10368405
45.083414 -0.51960107
45.184047 -0.81662925
45.284679 -0.87654832
45.385312 -0.71364893
45.485944 -0.42932126
45.586577 -0.10871682
45.687210 0.17322197
45.787842 0.39486096
45.888475 0.61183840
45.989108 0.84495235
46.089740 1.05293720
46.190373 1.21268325
46.291005 1.32945069
46.391638 1.41424490
46.492271 1.47590637
46.592903 1.52065097
46.693536 1.55271625
46.794169 1.57486838
46.894801 1.58892925
46.995434 1.59589225
47.096066 1.59693017
47.196699 1.59511953
47.297332 1.59293878
47.397964 1.59066534
47.498597 1.58836122
47.599230 1.58604486
47.699862 1.58372313
47.800495 1.58139894
47.901127 1.57907362
48.001760 1.57674779
48.102393 1.57442176
48.203025 1.57209567
48.303658 1.56976958
48.404290 1.56744354
48.504923 1.56511754
48.605556 1.56279160
48.706188 1.56046569
48.806821 1.55813983
48.907454 1.55581498
49.008086 1.55350063
49.108719 1.55119774
49.209351 1.54890633
49.309984 1.54662638
49.410617 1.54435788
49.511249 1.54210084
49.611882 1.53985525
49.712515 1.53762112
49.813147 1.53539844
49.913780 1.53318720
50.014412 1.53098742
50.115045 1.52879908
50.215678 1.52662219
50.316310 1.52445675
50.416943 1.52230275
50.517576 1.52016020
50.618208 1.51802909
50.718841 1.51590943
50.819473 1.51380122
50.920106 1.51170445
51.020739 1.50961913
51.121371 1.50754525
51.222004 1.50548282
51.322636 1.50343183
51.423269 1.50139228
51.523902 1.49936418
51.624534 1.49734753
51.725167 1.49534232
51.825800 1.49334856
51.926432 1.49136624
52.027065 1.48939536
52.127697 1.48743593
52.228330 1.48548794
52.328963 1.48355140
52.429595 1.48162631
52.530228 1.47971265
52.630861 1.47781045
52.731493 1.47591968
52.832126 1.47404036
52.932758 1.47217249
53.033391 1.47031606
53.134024 1.46847107
53.234656 1.46663753
53.335289 1.46481543
53.435921 1.46300478
53.536554 1.46120557
53.637187 1.45941781
53.737819 1.45764149
53.838452 1.45587661
53.939085 1.45412318
54.039717 1.45238119
54.140350 1.45065065
54.240982 1.44893155
54.341615 1.44722390
54.442248 1.44552769
54.542880 1.44384292
54.643513 1.44216960
54.744146 1.44050773
54.844778 1.43885729
54.945411 1.43721830
55.046043 1.43559076
55.146676 1.43397466
55.247309 1.43237000
55.347941 1.43077679
55.448574 1.42919502
55.549207 1.42762470
55.649839 1.42606582
55.750472 1.42451838
55.851104 1.42298239
55.951737 1.42145784
56.052370 1.41994474
56.153002 1.41844308
56.253635 1.41695286
56.354267 1.41547409
56.454900 1.41400676
56.555533 1.41255088
56.656165 1.41110644
56.756798 1.40967344
56.857431 1.40825189
56.958063 1.40684178
57.058696 1.40544312
57.159328 1.40405590
57.259961 1.40268013
57.360594 1.40131579
57.461226 1.39996291
57.561859 1.39862146
57.662492 1.39729146
57.763124 1.39597290
57.863757 1.39466579
57.964389 1.39337012
58.065022 1.39208590
58.165655 1.39081312
58.266287 1.38955178
58.366920 1.38830189
58.467553 1.38706344
58.568185 1.38583643
58.668818 1.38462087
58.769450 1.38341676
58.870083 1.38222408
58.970716 1.38104285
59.071348 1.37987307
59.171981 1.37871472
59.272613 1.37756783
59.373246 1.37643237
59.473879 1.37530836
59.574511 1.37419580
59.675144 1.37309467
59.775777 1.37200499
59.876409 1.37092676
59.977042 1.36985997
60.077674 1.36880462
60.178307 1.36776072
60.278940 1.36672826
60.379572 1.36570724
60.480205 1.36469767
60.580838 1.36369954
60.681470 1.36271285
60.782103 1.36173761
60.882735 1.36077382
60.983368 1.35982146
61.084001 1.35888055
61.184633 1.35795109
61.285266 1.35703307
61.385899 1.35612649
61.486531 1.35523135
61.587164 1.35434766
61.687796 1.35347542
61.788429 1.35261461
61.889062 1.35176526
61.989694 1.35092734
62.090327 1.35010087
62.190959 1.34928584
62.291592 1.34848226
62.392225 1.34769012
62.492857 1.34690942
62.593490 1.34614017
62.694123 1.34538236
62.794755 1.34463600
62.895388 1.34390108
62.996020 1.34317760
63.096653 1.34246557
63.197286 1.34176498
63.297918 1.34107584
63.398551 1.34039814
63.499184 1.33973188
63.599816 1.33907707
63.700449 1.33843370
63.801081 1.33780177
63.901714 1.33718129
64.002347 1.33657225
64.102979 1.33597466
64.203612 1.33538851
64.304245 1.33481381
64.404877 1.33425054
64.505510 1.33369873
64.606142 1.33315835
64.706775 1.33262942
64.807408 1.33211194
64.908040 1.33160589
65.008673 1.33111130
65.109305 1.33062814
65.209938 1.33015643
65.310571 1.32969617
65.411203 1.32924735
65.511836 1.32880997
65.612469 1.32838403
65.713101 1.32796955
65.813734 1.32756650
65.914366 1.32717490
66.014999 1.32679474
66.115632 1.32642603
66.216264 1.32606876
66.316897 1.32572293
66.417530 1.32538855
66.518162 1.32506562
66.618795 1.32475412
66.719427 1.32445407
66.820060 1.32416547
66.920693 1.32388831
67.021325 1.32362259
67.121958 1.32336832
67.222591 1.32312549
67.323223 1.32289411
67.423856 1.32267417
67.524488 1.32246567
67.625121 1.32226862
67.725754 1.32208302
67.826386 1.32190885
67.927019 1.32174614
68.027651 1.32159486
68.128284 1.32145503
68.228917 1.32132665
68.329549 1.32120971
68.430182 1.32110421
68.530815 1.32101016
68.631447 1.32092755
68.732080 1.32085638
68.832712 1.32079666
68.933345 1.32074839
69.033978 1.32071156
69.134610 1.32068617
69.235243 1.32067223
69.335876 1.32066973
69.436508 1.32067868
69.537141 1.32069907
69.637773 1.32073091
69.738406 1.32077419
69.839039 1.32082892
69.939671 1.32089411
70.040304 1.32096028
70.140937 1.32102646
70.241569 1.32109263
70.342202 1.32115880
70.442834 1.32122497
70.543467 1.32129114
70.644100 1.32135737
70.744732 1.32142348
