0.100633 1.41605595
0.201265 1.41605692
0.301898 1.41605587
0.402530 1.41605576
0.503163 1.41605576
0.603796 1.41605578
0.704428 1.41605579
0.805061 1.41605580
0.905694 1.41605582
1.006326 1.41605584
1.106959 1.41605587
1.207591 1.41605590
1.308224 1.41605594
1.408857 1.41605598
1.509489 1.41605602
1.610122 1.41605607
1.710755 1.41605613
1.811387 1.41605620
1.912020 1.41605627
2.012652 1.41605635
2.113285 1.41605644
2.213918 1.41605654
2.314550 1.41605664
2.415183 1.41605676
2.515816 1.41605688
2.616448 1.41605702
2.717081 1.41605716
2.817713 1.41605732
2.918346 1.41605748
3.018979 1.41605766
3.119611 1.41605785
3.220244 1.41605806
3.320876 1.41605827
3.421509 1.41605850
3.522142 1.41605874
3.622774 1.41605900
3.723407 1.41605927
3.824040 1.41605956
3.924672 1.41605986
4.025305 1.41606017
4.125937 1.41606051
4.226570 1.41606086
4.327203 1.41606122
4.427835 1.41606160
4.528468 1.41606200
4.629101 1.41606242
4.729733 1.41606286
4.830366 1.41606331
4.930998 1.41606379
5.031631 1.41606428
5.132264 1.41606480
5.232896 1.41606533
5.333529 1.41606589
5.434162 1.41606646
5.534794 1.41606706
5.635427 1.41606768
5.736059 1.41606832
5.836692 1.41606898
5.937325 1.41606967
6.037957 1.41607038
6.138590 1.41607111
6.239222 1.41607187
6.339855 1.41607265
6.440488 1.41607346
6.541120 1.41607429
6.641753 1.41607515
6.742386 1.41607603
6.843018 1.41607694
6.943651 1.41607788
7.044283 1.41607884
7.144916 1.41607984
7.245549 1.41608085
7.346181 1.41608190
7.446814 1.41608298
7.547447 1.41608408
7.648079 1.41608522
7.748712 1.41608638
7.849344 1.41608757
7.949977 1.41608880
8.050610 1.41609005
8.151242 1.41609134
8.251875 1.41609265
8.352508 1.41609400
8.453140 1.41609538
8.553773 1.41609679
8.654405 1.41609824
8.755038 1.41609972
8.855671 1.41610123
8.956303 1.41610278
9.056936 1.41610436
9.157568 1.41610597
9.258201 1.41610762
9.358834 1.41610930
9.459466 1.41611102
9.560099 1.41611278
9.660732 1.41611457
9.761364 1.41611640
9.861997 1.41611826
9.962629 1.41612016
10.063262 1.41612210
10.163895 1.41612407
10.264527 1.41612609
10.365160 1.41612814
10.465793 1.41613023
10.566425 1.41613236
10.667058 1.41613453
10.767690 1.41613673
10.868323 1.41613898
10.968956 1.41614127
11.069588 1.41614359
11.170221 1.41614596
11.270853 1.41614837
11.371486 1.41615081
11.472119 1.41615331
11.572751 1.41615584
11.673384 1.41615841
11.774017 1.41616102
11.874649 1.41616368
11.975282 1.41616638
12.075914 1.41616912
12.176547 1.41617190
12.277180 1.41617473
12.377812 1.41617760
12.478445 1.41618052
12.579078 1.41618348
12.679710 1.41618648
12.780343 1.41618952
12.880975 1.41619262
12.981608 1.41619575
13.082241 1.41619893
13.182873 1.41620215
13.283506 1.41620542
13.384139 1.41620874
13.484771 1.41621210
13.585404 1.41621550
13.686036 1.41621895
13.786669 1.41622245
13.887302 1.41622599
13.987934 1.41622958
14.088567 1.41623322
14.189199 1.41623689
14.289832 1.41624062
14.390465 1.41624439
14.491097 1.41624822
14.591730 1.41625208
14.692363 1.41625600
14.792995 1.41625995
14.893628 1.41626396
14.994260 1.41626801
15.094893 1.41627212
15.195526 1.41627626
15.296158 1.41628045
15.396791 1.41628469
15.497424 1.41628898
15.598056 1.41629331
15.698689 1.41629769
15.799321 1.41630211
15.899954 1.41630659
16.000587 1.41631110
16.101219 1.41631567
16.201852 1.41632027
16.302485 1.41632493
16.403117 1.41632962
16.503750 1.41633436
16.604382 1.41633915
16.705015 1.41634398
16.805648 1.41634885
16.906280 1.41635377
17.006913 1.41635872
17.107545 1.41636372
17.208178 1.41636875
17.308811 1.41637383
17.409443 1.41637894
17.510076 1.41638410
17.610709 1.41638928
17.711341 1.41639450
17.811974 1.41639975
17.912606 1.41640504
18.013239 1.41641034
18.113872 1.41641568
18.214504 1.41642103
18.315137 1.41642641
18.415770 1.41643179
18.516402 1.41643720
18.617035 1.41644259
18.717667 1.41644799
18.818300 1.41645337
18.918933 1.41645874
19.019565 1.41646407
19.120198 1.41646936
19.220831 1.41647458
19.321463 1.41647972
19.422096 1.41648475
19.522728 1.41648965
19.623361 1.41649437
19.723994 1.41649887
19.824626 1.41650310
19.925259 1.41650698
20.025891 1.41651043
20.126524 1.41651334
20.227157 1.41651557
20.327789 1.41651696
20.428422 1.41651726
20.529055 1.41651624
20.629687 1.41651352
20.730320 1.41650867
20.830952 1.41650112
20.931585 1.41649018
21.032218 1.41647490
21.132850 1.41645414
21.233483 1.41642637
21.334116 1.41638971
21.434748 1.41634163
21.535381 1.41627899
21.636013 1.41619763
21.736646 1.41609224
21.837279 1.41595587
21.937911 1.41577957
22.038544 1.41555158
22.139177 1.41525661
22.239809 1.41487458
22.340442 1.41437913
22.441074 1.41373552
22.541707 1.41289781
22.642340 1.41180505
22.742972 1.41037608
22.843605 1.40850249
22.944237 1.40603877
23.044870 1.40278914
23.145503 1.39848864
23.246135 1.39277812
23.346768 1.38516746
23.447401 1.37498731
23.548033 1.36131696
23.648666 1.34288982
23.749298 1.31795122
23.849931 1.28407100
23.950564 1.23786390
24.051196 1.17461658
24.151829 1.08774789
24.252462 0.96807493
24.353094 0.80283597
24.453727 0.57425305
24.554359 0.25799401
24.654992 -0.17893386
24.755625 -0.77230244
24.856257 -1.50649662
24.956890 -2.17623071
25.057523 -2.47174886
25.158155 -2.49403663
25.258788 -2.68781633
25.359420 -3.33646078
25.460053 -4.54058350
25.560686 -6.33969787
25.661318 -8.68844621
25.761951 -11.28464988
25.862583 -13.36824045
25.963216 -13.96555687
26.063849 -12.74264421
26.164481 -10.38442757
26.265114 -7.88506386
26.365747 -5.85030461
26.466379 -4.48801285
26.567012 -3.83746138
26.667644 -3.90128866
26.768277 -4.68525328
26.868910 -6.17138478
26.969542 -8.19779553
27.070175 -10.22705516
27.170808 -11.31726493
27.271440 -10.77438417
27.372073 -8.88283117
27.472705 -6.58174226
27.573338 -4.62017518
27.673971 -3.29899106
27.774603 -2.67443059
27.875236 -2.74260397
27.975869 -3.50538644
28.076501 -4.96214688
28.177134 -7.03389044
28.277766 -9.36067037
28.378399 -11.12340286
28.479032 -11.42559331
28.579664 -10.15145021
28.680297 -8.09694581
28.780929 -6.16453613
28.881562 -4.82073094
28.982195 -4.18841136
29.082827 -4.27488180
29.183460 -5.07502631
29.284093 -6.58088900
29.384725 -8.73762410
29.485358 -11.28996023
29.585990 -13.55065650
29.686623 -14.51333872
29.787256 -13.63531767
29.887888 -11.41563939
29.988521 -8.86029863
30.089154 -6.67878903
30.189786 -5.14136233
30.290419 -4.30763056
30.391051 -4.18599333
30.491684 -4.78135833
30.592317 -6.08844225
30.692949 -7.99411712
30.793582 -10.05344019
30.894215 -11.37897578
30.994847 -11.14958531
31.095480 -9.43201613
31.196112 -7.10552100
31.296745 -5.00747812
31.397378 -3.51726301
31.498010 -2.72146939
31.598643 -2.62163861
31.699275 -3.21518905
31.799908 -4.50628587
31.900541 -6.44406575
32.001173 -8.74449700
32.101806 -10.67936036
32.202439 -11.30090342
32.303071 -10.27752965
32.403704 -8.26882650
32.504336 -6.22472188
32.604969 -4.70430201
32.705602 -3.88026160
32.806234 -3.77168137
32.906867 -4.37100943
33.007500 -5.67495452
33.108132 -7.64868448
33.208765 -10.10067441
33.309397 -12.45399107
33.410030 -13.72921450
33.510663 -13.21329313
33.611295 -11.20146163
33.711928 -8.66968039
33.812560 -6.41339503
33.913193 -4.77293440
34.013826 -3.82932974
34.114458 -3.59043860
34.215091 -4.06128883
34.315724 -5.24080251
34.416356 -7.05100842
34.516989 -9.13811575
34.617621 -10.68821203
34.718254 -10.79050144
34.818887 -9.29684502
34.919519 -6.98377062
35.020152 -4.75748887
35.120785 -3.09299016
35.221417 -2.11585889
35.322050 -1.83340536
35.422682 -2.24341443
35.523315 -3.34846706
35.623948 -5.11675445
35.724580 -7.33184972
35.825213 -9.35409305
35.925846 -10.21522084
36.026478 -9.38183709
36.127111 -7.32596272
36.227743 -4.99763289
36.328376 -3.03716668
36.429009 -1.64721403
36.529641 -0.82649575
36.630274 -0.51817394
36.730906 -0.59615968
36.831539 -0.73438267
36.932172 -0.50880634
37.032804 0.08370502
37.133437 0.71489463
37.234070 1.21659135
37.334702 1.58747918
37.435335 1.86012789
37.535967 2.06181224
37.636600 2.21145032
37.737233 2.32146718
37.837865 2.39943287
37.938498 2.44918872
38.039131 2.47525465
38.139763 2.48227061
38.240396 2.48152881
38.341028 2.47944494
38.441661 2.47525454
38.542294 2.46838489
38.642926 2.45842901
38.743559 2.44496761
38.844192 2.42756985
38.944824 2.40580818
39.045457 2.37926854
39.146089 2.34756403
39.246722 2.31032734
39.347355 2.26721088
39.447987 2.21792307
39.548620 2.16235696
39.649252 2.10094538
39.749885 2.03540688
39.850518 1.96967727
39.951150 1.91047972
40.051783 1.86656105
40.152416 1.84610438
40.253048 1.85333848
40.353681 1.88651241
40.454313 1.93872129
40.554946 2.00090797
40.655579 2.06487584
40.756211 2.12467997
40.856844 2.17630593
40.957477 2.21656180
41.058109 2.24191917
41.158742 2.24747592
41.259374 2.22625409
41.360007 2.16801322
41.460640 2.05935910
41.561272 1.88977485
41.661905 1.66909597
41.762538 1.45408247
41.863170 1.34032803
41.963803 1.38528967
42.064435 1.54698662
42.165068 1.72903992
42.265701 1.86135578
42.366333 1.92047658
42.466966 1.90740476
42.567598 1.82852734
42.668231 1.68880615
42.768864 1.49487546
42.869496 1.26825383
42.970129 1.06320255
43.070762 0.95434780
43.171394 0.96881618
43.272027 1.04276189
43.372659 1.07116372
43.473292 0.97459500
43.573925 0.72602991
43.674557 0.37706366
43.775190 0.08427679
43.875823 0.03761131
43.976455 0.28936314
44.077088 0.70312770
44.177720 1.09944120
44.278353 1.38417774
44.378986 1.54337557
44.479618 1.59157361
44.580251 1.54362453
44.680884 1.40652899
44.781516 1.17977018
44.882149 0.86056543
44.982781 0.46106351
45.083414 0.04604269
45.184047 -0.25030588
45.284679 -0.30982961
45.385312 -0.14679925
45.485944 0.13749793
45.586577 0.45802852
45.687210 0.73994970
45.787842 0.96170908
45.888475 1.17900016
45.989108 1.41264287
46.089740 1.62136052
46.190373 1.78200895
46.291005 1.89980257
46.391638 1.98569388
46.492271 2.04846881
46.592903 2.09428921
46.693536 2.12733773
46.794169 2.15032327
46.894801 2.16501533
46.995434 2.17236751
47.096066 2.17354984
47.196699 2.17175336
47.297332 2.16956619
47.397964 2.16728043
47.498597 2.16496180
47.599230 2.16262998
47.699862 2.16029234
47.800495 2.15795201
47.901127 2.15561044
48.001760 2.15326831
48.102393 2.15092594
48.203025 2.14858350
48.303658 2.14624106
48.404290 2.14389866
48.504923 2.14155630
48.605556 2.13921399
48.706188 2.13687172
48.806821 2.13452950
48.907454 2.13218829
49.008086 2.12985757
49.108719 2.12753831
49.209351 2.12523053
49.309984 2.12293421
49.410617 2.12064934
49.511249 2.11837593
49.611882 2.11611397
49.712515 2.11386346
49.813147 2.11162441
49.913780 2.10939680
50.014412 2.10718063
50.115045 2.10497592
50.215678 2.10278265
50.316310 2.10060083
50.416943 2.09843045
50.517576 2.09627151
50.618208 2.09412403
50.718841 2.09198798
50.819473 2.08986338
50.920106 2.08775023
51.020739 2.08564852
51.121371 2.08355825
51.222004 2.08147943
51.322636 2.07941205
51.423269 2.07735611
51.523902 2.07531162
51.624534 2.07327858
51.725167 2.07125697
51.825800 2.06924681
51.926432 2.06724809
52.027065 2.06526082
52.127697 2.06328499
52.228330 2.06132060
52.328963 2.05936766
52.429595 2.05742616
52.530228 2.05549611
52.630861 2.05357749
52.731493 2.05167032
52.832126 2.04977460
52.932758 2.04789031
53.033391 2.04601748
53.134024 2.04415608
53.234656 2.04230613
53.335289 2.04046762
53.435921 2.03864055
53.536554 2.03682493
53.637187 2.03502075
53.737819 2.03322801
53.838452 2.03144672
53.939085 2.02967687
54.039717 2.02791846
54.140350 2.02617149
54.240982 2.02443597
54.341615 2.02271189
54.442248 2.02099926
54.542880 2.01929807
54.643513 2.01760832
54.744146 2.01593001
54.844778 2.01426315
54.945411 2.01260773
55.046043 2.01096375
55.146676 2.00933122
55.247309 2.00771013
55.347941 2.00610048
55.448574 2.00450228
55.549207 2.00291552
55.649839 2.00134020
55.750472 1.99977632
55.851104 1.99822389
55.951737 1.99668290
56.052370 1.99515335
56.153002 1.99363525
56.253635 1.99212859
56.354267 1.99063337
56.454900 1.98914960
56.555533 1.98767726
56.656165 1.98621638
56.756798 1.98476693
56.857431 1.98332893
56.958063 1.98190237
57.058696 1.98048725
57.159328 1.97908358
57.259961 1.97769134
57.360594 1.97631056
57.461226 1.97494121
57.561859 1.97358331
57.662492 1.97223685
57.763124 1.97090183
57.863757 1.96957826
57.964389 1.96826613
58.065022 1.96696544
58.165655 1.96567620
58.266287 1.96439839
58.366920 1.96313204
58.467553 1.96187712
58.568185 1.96063365
58.668818 1.95940162
58.769450 1.95818103
58.870083 1.95697189
58.970716 1.95577419
59.071348 1.95458793
59.171981 1.95341311
59.272613 1.95224974
59.373246 1.95109781
59.473879 1.94995733
59.574511 1.94882828
59.675144 1.94771069
59.775777 1.94660453
59.876409 1.94550981
59.977042 1.94442654
60.077674 1.94335472
60.178307 1.94229433
60.278940 1.94124539
60.379572 1.94020789
60.480205 1.93918184
60.580838 1.93816723
60.681470 1.93716406
60.782103 1.93617233
60.882735 1.93519205
60.983368 1.93422321
61.084001 1.93326581
61.184633 1.93231986
61.285266 1.93138535
61.385899 1.93046228
61.486531 1.92955066
61.587164 1.92865048
61.687796 1.92776174
61.788429 1.92688445
61.889062 1.92601860
61.989694 1.92516419
62.090327 1.92432123
62.190959 1.92348971
62.291592 1.92266963
62.392225 1.92186099
62.492857 1.92106380
62.593490 1.92027806
62.694123 1.91950375
62.794755 1.91874089
62.895388 1.91798947
62.996020 1.91724950
63.096653 1.91652097
63.197286 1.91580388
63.297918 1.91509824
63.398551 1.91440404
63.499184 1.91372128
63.599816 1.91304997
63.700449 1.91239010
63.801081 1.91174167
63.901714 1.91110469
64.002347 1.91047915
64.102979 1.90986505
64.203612 1.90926240
64.304245 1.90867119
64.404877 1.90809142
64.505510 1.90752310
64.606142 1.90696622
64.706775 1.90642079
64.807408 1.90588680
64.908040 1.90536425
65.008673 1.90485315
65.109305 1.90435349
65.209938 1.90386527
65.310571 1.90338850
65.411203 1.90292317
65.511836 1.90246928
65.612469 1.90202684
65.713101 1.90159585
65.813734 1.90117629
65.914366 1.90076818
66.014999 1.90037152
66.115632 1.89998629
66.216264 1.89961251
66.316897 1.89925018
66.417530 1.89889929
66.518162 1.89855984
66.618795 1.89823184
66.719427 1.89791528
66.820060 1.89761016
66.920693 1.89731649
67.021325 1.89703426
67.121958 1.89676348
67.222591 1.89650414
67.323223 1.89625625
67.423856 1.89601980
67.524488 1.89579479
67.625121 1.89558122
67.725754 1.89537911
67.826386 1.89518843
67.927019 1.89500920
68.027651 1.89484141
68.128284 1.89468507
68.228917 1.89454017
68.329549 1.89440672
68.430182 1.89428471
68.530815 1.89417414
68.631447 1.89407502
68.732080 1.89398734
68.832712 1.89391111
68.933345 1.89384632
69.033978 1.89379297
69.134610 1.89375107
69.235243 1.89372061
69.335876 1.89370160
69.436508 1.89369403
69.537141 1.89369791
69.637773 1.89371323
69.738406 1.89374001
69.839039 1.89377822
69.939671 1.89382689
70.040304 1.89387655
70.140937 1.89392621
70.241569 1.89397587
70.342202 1.89402552
70.442834 1.89407518
70.543467 1.89412483
70.644100 1.89417451
70.744732 1.89422414
