0.100633 1.42521783
0.201265 1.42521863
0.301898 1.42521774
0.402530 1.42521763
0.503163 1.42521762
0.603796 1.42521761
0.704428 1.42521760
0.805061 1.42521759
0.905694 1.42521758
1.006326 1.42521757
1.106959 1.42521756
1.207591 1.42521755
1.308224 1.42521754
1.408857 1.42521753
1.509489 1.42521752
1.610122 1.42521751
1.710755 1.42521750
1.811387 1.42521749
1.912020 1.42521748
2.012652 1.42521747
2.113285 1.42521746
2.213918 1.42521745
2.314550 1.42521744
2.415183 1.42521742
2.515816 1.42521741
2.616448 1.42521740
2.717081 1.42521739
2.817713 1.42521738
2.918346 1.42521737
3.018979 1.42521735
3.119611 1.42521734
3.220244 1.42521733
3.320876 1.42521732
3.421509 1.42521730
3.522142 1.42521729
3.622774 1.42521728
3.723407 1.42521727
3.824040 1.42521725
3.924672 1.42521724
4.025305 1.42521722
4.125937 1.42521721
4.226570 1.42521720
4.327203 1.42521718
4.427835 1.42521717
4.528468 1.42521715
4.629101 1.42521714
4.729733 1.42521712
4.830366 1.42521711
4.930998 1.42521709
5.031631 1.42521708
5.132264 1.42521706
5.232896 1.42521704
5.333529 1.42521703
5.434162 1.42521701
5.534794 1.42521699
5.635427 1.42521698
5.736059 1.42521696
5.836692 1.42521694
5.937325 1.42521693
6.037957 1.42521691
6.138590 1.42521689
6.239222 1.42521687
6.339855 1.42521685
6.440488 1.42521684
6.541120 1.42521682
6.641753 1.42521680
6.742386 1.42521678
6.843018 1.42521676
6.943651 1.42521674
7.044283 1.42521672
7.144916 1.42521671
7.245549 1.42521669
7.346181 1.42521667
7.446814 1.42521665
7.547447 1.42521663
7.648079 1.42521661
7.748712 1.42521659
7.849344 1.42521657
7.949977 1.42521655
8.050610 1.42521653
8.151242 1.42521651
8.251875 1.42521649
8.352508 1.42521647
8.453140 1.42521645
8.553773 1.42521643
8.654405 1.42521641
8.755038 1.42521639
8.855671 1.42521637
8.956303 1.42521635
9.056936 1.42521634
9.157568 1.42521632
9.258201 1.42521630
9.358834 1.42521628
9.459466 1.42521626
9.560099 1.42521624
9.660732 1.42521622
9.761364 1.42521621
9.861997 1.42521619
9.962629 1.42521617
10.063262 1.42521615
10.163895 1.42521614
10.264527 1.42521612
10.365160 1.42521610
10.465793 1.42521609
10.566425 1.42521607
10.667058 1.42521606
10.767690 1.42521604
10.868323 1.42521603
10.968956 1.42521602
11.069588 1.42521600
11.170221 1.42521599
11.270853 1.42521598
11.371486 1.42521597
11.472119 1.42521596
11.572751 1.42521595
11.673384 1.42521594
11.774017 1.42521593
11.874649 1.42521592
11.975282 1.42521591
12.075914 1.42521591
12.176547 1.42521590
12.277180 1.42521589
12.377812 1.42521589
12.478445 1.42521589
12.579078 1.42521589
12.679710 1.42521588
12.780343 1.42521588
12.880975 1.42521588
12.981608 1.42521589
13.082241 1.42521589
13.182873 1.42521589
13.283506 1.42521590
13.384139 1.42521591
13.484771 1.42521591
13.585404 1.42521592
13.686036 1.42521593
13.786669 1.42521594
13.887302 1.42521596
13.987934 1.42521597
14.088567 1.42521598
14.189199 1.42521600
14.289832 1.42521602
14.390465 1.42521604
14.491097 1.42521606
14.591730 1.42521608
14.692363 1.42521610
14.792995 1.42521613
14.893628 1.42521615
14.994260 1.42521618
15.094893 1.42521621
15.195526 1.42521624
15.296158 1.42521627
15.396791 1.42521630
15.497424 1.42521634
15.598056 1.42521637
15.698689 1.42521641
15.799321 1.42521644
15.899954 1.42521648
16.000587 1.42521652
16.101219 1.42521656
16.201852 1.42521659
16.302485 1.42521663
16.403117 1.42521667
16.503750 1.42521671
16.604382 1.42521675
16.705015 1.42521678
16.805648 1.42521682
16.906280 1.42521685
17.006913 1.42521688
17.107545 1.42521691
17.208178 1.42521693
17.308811 1.42521695
17.409443 1.42521697
17.510076 1.42521698
17.610709 1.42521698
17.711341 1.42521697
17.811974 1.42521696
17.912606 1.42521693
18.013239 1.42521689
18.113872 1.42521683
18.214504 1.42521676
18.315137 1.42521666
18.415770 1.42521654
18.516402 1.42521639
18.617035 1.42521621
18.717667 1.42521598
18.818300 1.42521571
18.918933 1.42521538
19.019565 1.42521499
19.120198 1.42521451
19.220831 1.42521394
19.321463 1.42521325
19.422096 1.42521243
19.522728 1.42521143
19.623361 1.42521024
19.723994 1.42520879
19.824626 1.42520704
19.925259 1.42520492
20.025891 1.42520233
20.126524 1.42519918
20.227157 1.42519531
20.327789 1.42519057
20.428422 1.42518473
20.529055 1.42517750
20.629687 1.42516855
20.730320 1.42515742
20.830952 1.42514355
20.931585 1.42512621
21.032218 1.42510449
21.132850 1.42507718
21.233483 1.42504278
21.334116 1.42499935
21.434748 1.42494438
21.535381 1.42487465
21.636013 1.42478600
21.736646 1.42467304
21.837279 1.42452883
21.937911 1.42434426
22.038544 1.42410759
22.139177 1.42380335
22.239809 1.42341142
22.340442 1.42290526
22.441074 1.42225005
22.541707 1.42139957
22.642340 1.42029280
22.742972 1.41884822
22.843605 1.41695731
22.944237 1.41447412
23.044870 1.41120271
23.145503 1.40687761
23.246135 1.40113944
23.346768 1.39349752
23.447401 1.38328223
23.548033 1.36957230
23.648666 1.35110081
23.749298 1.32611258
23.849931 1.29217715
23.950564 1.24590890
24.051196 1.18259428
24.151829 1.09565213
24.252462 0.97589953
24.353094 0.81057537
24.453727 0.58190207
24.554359 0.26554882
24.654992 -0.17147655
24.755625 -0.76494435
24.856257 -1.49923974
24.956890 -2.16907697
25.057523 -2.46467706
25.158155 -2.48706623
25.258788 -2.68096806
25.359420 -3.32975829
25.460053 -4.53405383
25.560686 -6.33337051
25.661318 -8.68234959
25.761951 -11.27880783
25.862583 -13.36266732
25.963216 -13.96025633
26.063849 -12.73761105
26.164481 -10.37965104
26.265114 -7.88052834
26.365747 -5.84599155
26.466379 -4.48390256
26.567012 -3.83353615
26.667644 -3.89753343
26.768277 -4.68165735
26.868910 -6.16794057
26.969542 -8.19449780
27.070175 -10.22389936
27.170808 -11.31424566
27.271440 -10.77149854
27.372073 -8.88008239
27.472705 -6.57914162
27.573338 -4.61773831
27.673971 -3.29673407
27.774603 -2.67236675
27.875236 -2.74074259
27.975869 -3.50373217
28.076501 -4.96069668
28.177134 -7.03263301
28.277766 -9.35958413
28.378399 -11.12245070
28.479032 -11.42472165
28.579664 -10.15059962
28.680297 -8.09606359
28.780929 -6.16357904
28.881562 -4.81966156
28.982195 -4.18719508
29.082827 -4.27348593
29.183460 -5.07342200
29.284093 -6.57905265
29.384725 -8.73554058
29.485358 -11.28762561
29.585990 -13.54808125
29.686623 -14.51054844
29.787256 -13.63234964
29.887888 -11.41253700
29.988521 -8.85710645
30.089154 -6.67554977
30.189786 -5.13811490
30.290419 -4.30440675
30.391051 -4.18281644
30.491684 -4.77823988
30.592317 -6.08537930
30.692949 -7.99108912
30.793582 -10.05040438
30.894215 -11.37586458
30.994847 -11.14630964
31.095480 -9.42848380
31.196112 -7.10165597
31.296745 -5.00322399
31.397378 -3.51257639
31.498010 -2.71631536
31.598643 -2.61599440
31.699275 -3.20904789
31.799908 -4.49965478
31.900541 -6.43695886
32.001173 -8.73693710
32.101806 -10.67138379
32.202439 -11.29255998
32.303071 -10.26887333
32.403704 -8.25989654
32.504336 -6.21554069
32.604969 -4.69488297
32.705602 -3.87061769
32.806234 -3.76183373
32.906867 -4.36099395
33.007500 -5.66482564
33.108132 -7.63851965
33.208765 -10.09057678
33.309397 -12.44408841
33.410030 -13.71965725
33.510663 -13.20423786
33.611295 -11.19302267
33.711928 -8.66190762
33.812560 -6.40629262
33.913193 -4.76649199
34.013826 -3.82355159
34.114458 -3.58536021
34.215091 -4.05698104
34.315724 -5.23737103
34.416356 -7.04858582
34.516989 -9.13684166
34.617621 -10.68821742
34.718254 -10.79189214
34.818887 -9.29964481
34.919519 -6.98787447
35.020152 -4.76268205
35.120785 -3.09902135
35.221417 -2.12253130
35.322050 -1.84063753
35.422682 -2.25124364
35.523315 -3.35703466
35.623948 -5.12638694
35.724580 -7.34311304
35.825213 -9.36784541
35.925846 -10.23261898
36.026478 -9.40416631
36.127111 -7.35432967
36.227743 -5.03278262
36.328376 -3.07959096
36.429009 -1.69743547
36.529641 -0.88542572
36.630274 -0.58778065
36.730906 -0.67982941
36.831539 -0.83497419
36.932172 -0.62911652
37.032804 -0.05939844
37.133437 0.54565697
37.234070 1.01772211
37.334702 1.35539699
37.435335 1.59125595
37.535967 1.75257170
37.636600 1.85831706
37.737233 1.92093357
37.837865 1.94811593
37.938498 1.94425965
38.039131 1.91457559
38.139763 1.86594621
38.240396 1.81329751
38.341028 1.77147926
38.441661 1.74991075
38.542294 1.75424957
38.642926 1.78435332
38.743559 1.83451450
38.844192 1.89618399
38.944824 1.96127691
39.045457 2.02415666
39.146089 2.08184432
39.246722 2.13323955
39.347355 2.17822555
39.447987 2.21704184
39.548620 2.25005713
39.649252 2.27764512
39.749885 2.30020078
39.850518 2.31811732
39.951150 2.33179224
40.051783 2.34162945
40.152416 2.34807060
40.253048 2.35171410
40.353681 2.35355014
40.454313 2.35483290
40.554946 2.35622494
40.655579 2.35756705
40.756211 2.35802826
40.856844 2.35614923
40.957477 2.34969906
41.058109 2.33533838
41.158742 2.30802532
41.259374 2.26043592
41.360007 2.18172944
41.460640 2.05768348
41.561272 1.87683588
41.661905 1.64799102
41.762538 1.42708723
41.863170 1.30930348
41.963803 1.35184709
42.064435 1.51243802
42.165068 1.69435095
42.265701 1.82714177
42.366333 1.88703334
42.466966 1.87472766
42.567598 1.79631561
42.668231 1.65650280
42.768864 1.46177480
42.869496 1.23365774
42.970129 1.02659841
43.070762 0.91556296
43.171394 0.92804649
43.272027 1.00048612
43.372659 1.02801028
43.473292 0.93116415
43.573925 0.68273249
43.674557 0.33400971
43.775190 0.04125643
43.875823 -0.00580401
43.976455 0.24510439
44.077088 0.65776603
44.177720 1.05293473
44.278353 1.33658147
44.378986 1.49475543
44.479618 1.54197073
44.580251 1.49304259
44.680884 1.35494090
44.781516 1.12713232
44.882149 0.80683707
44.982781 0.40624496
45.083414 -0.00977105
45.184047 -0.30689878
45.284679 -0.36689747
45.385312 -0.20404950
45.485944 0.08024784
45.586577 0.40083069
45.687210 0.68274374
45.787842 0.90434023
45.888475 1.12124923
45.989108 1.35426400
46.089740 1.56211809
46.190373 1.72170446
46.291005 1.83828813
46.391638 1.92288109
46.492271 1.98433150
46.592903 2.02886378
46.693536 2.06072525
46.794169 2.08269415
46.894801 2.09660689
46.995434 2.10347226
47.096066 2.10446413
47.196699 2.10263146
47.297332 2.10043281
47.397964 2.09814266
47.498597 2.09582230
47.599230 2.09348990
47.699862 2.09115223
47.800495 2.08881217
47.901127 2.08647100
48.001760 2.08412933
48.102393 2.08178747
48.203025 2.07944555
48.303658 2.07710364
48.404290 2.07476176
48.504923 2.07241993
48.605556 2.07007815
48.706188 2.06773640
48.806821 2.06539469
48.907454 2.06305400
49.008086 2.06072380
49.108719 2.05840506
49.209351 2.05609778
49.309984 2.05380197
49.410617 2.05151761
49.511249 2.04924470
49.611882 2.04698325
49.712515 2.04473324
49.813147 2.04249469
49.913780 2.04026758
50.014412 2.03805191
50.115045 2.03584769
50.215678 2.03365491
50.316310 2.03147358
50.416943 2.02930370
50.517576 2.02714525
50.618208 2.02499825
50.718841 2.02286269
50.819473 2.02073858
50.920106 2.01862591
51.020739 2.01652468
51.121371 2.01443489
51.222004 2.01235655
51.322636 2.01028964
51.423269 2.00823418
51.523902 2.00619016
51.624534 2.00415759
51.725167 2.00213645
51.825800 2.00012676
51.926432 1.99812851
52.027065 1.99614170
52.127697 1.99416634
52.228330 1.99220241
52.328963 1.99024993
52.429595 1.98830889
52.530228 1.98637929
52.630861 1.98446113
52.731493 1.98255442
52.832126 1.98065914
52.932758 1.97877531
53.033391 1.97690292
53.134024 1.97504197
53.234656 1.97319247
53.335289 1.97135440
53.435921 1.96952778
53.536554 1.96771259
53.637187 1.96590885
53.737819 1.96411655
53.838452 1.96233570
53.939085 1.96056628
54.039717 1.95880831
54.140350 1.95706177
54.240982 1.95532668
54.341615 1.95360303
54.442248 1.95189082
54.542880 1.95019006
54.643513 1.94850073
54.744146 1.94682285
54.844778 1.94515640
54.945411 1.94350140
55.046043 1.94185784
55.146676 1.94022572
55.247309 1.93860505
55.347941 1.93699581
55.448574 1.93539802
55.549207 1.93381166
55.649839 1.93223675
55.750472 1.93067328
55.851104 1.92912126
55.951737 1.92758067
56.052370 1.92605152
56.153002 1.92453382
56.253635 1.92302756
56.354267 1.92153273
56.454900 1.92004935
56.555533 1.91857741
56.656165 1.91711692
56.756798 1.91566786
56.857431 1.91423025
56.958063 1.91280407
57.058696 1.91138934
57.159328 1.90998605
57.259961 1.90859420
57.360594 1.90721380
57.461226 1.90584483
57.561859 1.90448730
57.662492 1.90314122
57.763124 1.90180658
57.863757 1.90048338
57.964389 1.89917162
58.065022 1.89787130
58.165655 1.89658243
58.266287 1.89530499
58.366920 1.89403900
58.467553 1.89278445
58.568185 1.89154134
58.668818 1.89030967
58.769450 1.88908944
58.870083 1.88788066
58.970716 1.88668331
59.071348 1.88549741
59.171981 1.88432295
59.272613 1.88315993
59.373246 1.88200835
59.473879 1.88086822
59.574511 1.87973952
59.675144 1.87862227
59.775777 1.87751646
59.876409 1.87642209
59.977042 1.87533916
60.077674 1.87426767
60.178307 1.87320763
60.278940 1.87215903
60.379572 1.87112187
60.480205 1.87009615
60.580838 1.86908187
60.681470 1.86807903
60.782103 1.86708764
60.882735 1.86610769
60.983368 1.86513918
61.084001 1.86418211
61.184633 1.86323648
61.285266 1.86230230
61.385899 1.86137955
61.486531 1.86046825
61.587164 1.85956839
61.687796 1.85867998
61.788429 1.85780300
61.889062 1.85693747
61.989694 1.85608338
62.090327 1.85524073
62.190959 1.85440952
62.291592 1.85358976
62.392225 1.85278143
62.492857 1.85198455
62.593490 1.85119911
62.694123 1.85042512
62.794755 1.84966256
62.895388 1.84891145
62.996020 1.84817178
63.096653 1.84744355
63.197286 1.84672677
63.297918 1.84602143
63.398551 1.84532752
63.499184 1.84464507
63.599816 1.84397405
63.700449 1.84331448
63.801081 1.84266635
63.901714 1.84202966
64.002347 1.84140441
64.102979 1.84079061
64.203612 1.84018825
64.304245 1.83959733
64.404877 1.83901785
64.505510 1.83844982
64.606142 1.83789323
64.706775 1.83734808
64.807408 1.83681438
64.908040 1.83629211
65.008673 1.83578129
65.109305 1.83528192
65.209938 1.83479398
65.310571 1.83431749
65.411203 1.83385244
65.511836 1.83339884
65.612469 1.83295667
65.713101 1.83252595
65.813734 1.83210668
65.914366 1.83169884
66.014999 1.83130245
66.115632 1.83091750
66.216264 1.83054400
66.316897 1.83018194
66.417530 1.82983132
66.518162 1.82949214
66.618795 1.82916441
66.719427 1.82884812
66.820060 1.82854328
66.920693 1.82824988
67.021325 1.82796792
67.121958 1.82769740
67.222591 1.82743833
67.323223 1.82719070
67.423856 1.82695451
67.524488 1.82672977
67.625121 1.82651647
67.725754 1.82631462
67.826386 1.82612421
67.927019 1.82594524
68.027651 1.82577772
68.128284 1.82562164
68.228917 1.82547700
68.329549 1.82534381
68.430182 1.82522206
68.530815 1.82511175
68.631447 1.82501289
68.732080 1.82492547
68.832712 1.82484950
68.933345 1.82478497
69.033978 1.82473188
69.134610 1.82469024
69.235243 1.82466004
69.335876 1.82464129
69.436508 1.82463398
69.537141 1.82463811
69.637773 1.82465369
69.738406 1.82468073
69.839039 1.82471920
69.939671 1.82476813
70.040304 1.82481804
70.140937 1.82486796
70.241569 1.82491787
70.342202 1.82496778
70.442834 1.82501769
70.543467 1.82506760
70.644100 1.82511754
70.744732 1.82516743
