0.100633 1.43264932
0.201265 1.43265213
0.301898 1.43264915
0.402530 1.43264886
0.503163 1.43264890
0.603796 1.43264895
0.704428 1.43264900
0.805061 1.43264904
0.905694 1.43264908
1.006326 1.43264912
1.106959 1.43264915
1.207591 1.43264919
1.308224 1.43264921
1.408857 1.43264924
1.509489 1.43264926
1.610122 1.43264928
1.710755 1.43264929
1.811387 1.43264930
1.912020 1.43264930
2.012652 1.43264930
2.113285 1.43264929
2.213918 1.43264927
2.314550 1.43264925
2.415183 1.43264923
2.515816 1.43264919
2.616448 1.43264915
2.717081 1.43264910
2.817713 1.43264905
2.918346 1.43264899
3.018979 1.43264891
3.119611 1.43264883
3.220244 1.43264875
3.320876 1.43264865
3.421509 1.43264854
3.522142 1.43264843
3.622774 1.43264830
3.723407 1.43264817
3.824040 1.43264802
3.924672 1.43264787
4.025305 1.43264770
4.125937 1.43264753
4.226570 1.43264734
4.327203 1.43264714
4.427835 1.43264693
4.528468 1.43264671
4.629101 1.43264647
4.729733 1.43264622
4.830366 1.43264596
4.930998 1.43264569
5.031631 1.43264541
5.132264 1.43264511
5.232896 1.43264480
5.333529 1.43264447
5.434162 1.43264413
5.534794 1.43264378
5.635427 1.43264341
5.736059 1.43264303
5.836692 1.43264264
5.937325 1.43264223
6.037957 1.43264180
6.138590 1.43264136
6.239222 1.43264090
6.339855 1.43264043
6.440488 1.43263994
6.541120 1.43263944
6.641753 1.43263892
6.742386 1.43263838
6.843018 1.43263783
6.943651 1.43263726
7.044283 1.43263667
7.144916 1.43263607
7.245549 1.43263545
7.346181 1.43263481
7.446814 1.43263415
7.547447 1.43263348
7.648079 1.43263279
7.748712 1.43263208
7.849344 1.43263136
7.949977 1.43263061
8.050610 1.43262985
8.151242 1.43262907
8.251875 1.43262827
8.352508 1.43262745
8.453140 1.43262662
8.553773 1.43262576
8.654405 1.43262489
8.755038 1.43262400
8.855671 1.43262308
8.956303 1.43262216
9.056936 1.43262120
9.157568 1.43262024
9.258201 1.43261925
9.358834 1.43261824
9.459466 1.43261721
9.560099 1.43261617
9.660732 1.43261510
9.761364 1.43261402
9.861997 1.43261292
9.962629 1.43261180
10.063262 1.43261065
10.163895 1.43260949
10.264527 1.43260831
10.365160 1.43260711
10.465793 1.43260588
10.566425 1.43260465
10.667058 1.43260339
10.767690 1.43260211
10.868323 1.43260081
10.968956 1.43259950
11.069588 1.43259816
11.170221 1.43259680
11.270853 1.43259542
11.371486 1.43259403
11.472119 1.43259262
11.572751 1.43259119
11.673384 1.43258974
11.774017 1.43258827
11.874649 1.43258678
11.975282 1.43258528
12.075914 1.43258375
12.176547 1.43258221
12.277180 1.43258064
12.377812 1.43257907
12.478445 1.43257746
12.579078 1.43257585
12.679710 1.43257422
12.780343 1.43257257
12.880975 1.43257090
12.981608 1.43256922
13.082241 1.43256751
13.182873 1.43256580
13.283506 1.43256406
13.384139 1.43256232
13.484771 1.43256054
13.585404 1.43255877
13.686036 1.43255696
13.786669 1.43255515
13.887302 1.43255332
13.987934 1.43255148
14.088567 1.43254961
14.189199 1.43254774
14.289832 1.43254585
14.390465 1.43254395
14.491097 1.43254203
14.591730 1.43254010
14.692363 1.43253815
14.792995 1.43253620
14.893628 1.43253422
14.994260 1.43253224
15.094893 1.43253024
15.195526 1.43252824
15.296158 1.43252621
15.396791 1.43252418
15.497424 1.43252213
15.598056 1.43252008
15.698689 1.43251800
15.799321 1.43251593
15.899954 1.43251383
16.000587 1.43251174
16.101219 1.43250962
16.201852 1.43250750
16.302485 1.43250536
16.403117 1.43250322
16.503750 1.43250106
16.604382 1.43249890
16.705015 1.43249672
16.805648 1.43249454
16.906280 1.43249234
17.006913 1.43249014
17.107545 1.43248791
17.208178 1.43248568
17.308811 1.43248343
17.409443 1.43248118
17.510076 1.43247890
17.610709 1.43247662
17.711341 1.43247432
17.811974 1.43247200
17.912606 1.43246966
18.013239 1.43246731
18.113872 1.43246492
18.214504 1.43246252
18.315137 1.43246008
18.415770 1.43245761
18.516402 1.43245511
18.617035 1.43245256
18.717667 1.43244996
18.818300 1.43244731
18.918933 1.43244459
19.019565 1.43244180
19.120198 1.43243891
19.220831 1.43243592
19.321463 1.43243279
19.422096 1.43242952
19.522728 1.43242606
19.623361 1.43242238
19.723994 1.43241843
19.824626 1.43241416
19.925259 1.43240949
20.025891 1.43240433
20.126524 1.43239857
20.227157 1.43239208
20.327789 1.43238466
20.428422 1.43237612
20.529055 1.43236615
20.629687 1.43235441
20.730320 1.43234044
20.830952 1.43232369
20.931585 1.43230341
21.032218 1.43227870
21.132850 1.43224834
21.233483 1.43221086
21.334116 1.43216428
21.434748 1.43210614
21.535381 1.43203319
21.636013 1.43194132
21.736646 1.43182514
21.837279 1.43167773
21.937911 1.43149003
22.038544 1.43125034
22.139177 1.43094325
22.239809 1.43054871
22.340442 1.43004026
22.441074 1.42938319
22.541707 1.42853144
22.642340 1.42742409
22.742972 1.42597987
22.843605 1.42409041
22.944237 1.42161004
23.044870 1.41834306
23.145503 1.41402433
23.246135 1.40829478
23.346768 1.40066412
23.447401 1.39046306
23.548033 1.37677078
23.648666 1.35832072
23.749298 1.33335818
23.849931 1.29945310
23.950564 1.25322033
24.051196 1.18994681
24.151829 1.10305191
24.252462 0.98335333
24.353094 0.81809050
24.453727 0.58948651
24.554359 0.27321093
24.654992 -0.16372782
24.755625 -0.75709990
24.856257 -1.49128992
24.956890 -2.16101197
25.057523 -2.45681210
25.158155 -2.47929990
25.258788 -2.67326141
25.359420 -3.32209755
25.460053 -4.52643052
25.560686 -6.32577194
25.661318 -8.67475954
25.761951 -11.27121041
25.862583 -13.35505406
25.963216 -13.95263075
26.063849 -12.72998607
26.164481 -10.37203887
26.265114 -7.87293782
26.365747 -5.83843039
26.466379 -4.47638064
26.567012 -3.82606774
26.667644 -3.89014166
26.768277 -4.67437792
26.868910 -6.16082580
26.969542 -8.18761345
27.070175 -10.21731244
27.170808 -11.30800731
27.271440 -10.76562720
27.372073 -8.87455486
27.472705 -6.57389716
27.573338 -4.61270525
27.673971 -3.29186998
27.774603 -2.66767641
27.875236 -2.73624027
27.975869 -3.49942404
28.076501 -4.95659920
28.177134 -7.02876805
28.277766 -9.35594768
28.378399 -11.11899056
28.479032 -11.42133706
28.579664 -10.14716366
28.680297 -8.09245219
28.780929 -6.15969408
28.881562 -4.81544207
28.982195 -4.18261731
29.082827 -4.26855838
29.183460 -5.06817868
29.284093 -6.57355319
29.384725 -8.72987336
29.485358 -11.28191327
29.585990 -13.54249198
29.686623 -14.50529914
29.787256 -13.62767362
29.887888 -11.40862790
29.988521 -8.85408712
30.089154 -6.67348550
30.189786 -5.13704116
30.290419 -4.30434768
30.391051 -4.18379557
30.491684 -4.78028795
30.592317 -6.08853423
30.692949 -7.99538600
30.793582 -10.05585245
30.894215 -11.38242178
30.994847 -11.15387463
31.095480 -9.43691160
31.196112 -7.11078429
31.296745 -5.01290068
31.397378 -3.52270010
31.498010 -2.72686813
31.598643 -2.62702112
31.699275 -3.22062959
31.799908 -4.51191851
31.900541 -6.45010061
32.001173 -8.75121084
32.101806 -10.68709421
32.202439 -11.31007340
32.303071 -10.28859526
32.403704 -8.28221896
32.504336 -6.24083441
32.604969 -4.72354140
32.705602 -3.90309648
32.806234 -3.79868080
32.906867 -4.40287659
33.007500 -5.71256447
33.108132 -7.69315134
33.208765 -10.15346144
33.309397 -12.51686501
33.410030 -13.80387370
33.510663 -13.30138876
33.611295 -11.30458933
33.711928 -8.78936000
33.812560 -6.55114353
33.913193 -4.93038384
34.013826 -4.00836555
34.114458 -3.79334748
34.215091 -4.29091998
34.315724 -5.50075661
34.416356 -7.34578664
34.516989 -9.47307746
34.617621 -11.06907505
34.718254 -11.22184653
34.818887 -9.77936026
34.919519 -7.51106501
35.020152 -5.31428110
35.120785 -3.65633796
35.221417 -2.65959443
35.322050 -2.33395967
35.422682 -2.68434081
35.523315 -3.72182773
35.623948 -5.42134516
35.724580 -7.57045986
35.825213 -9.53130464
35.925846 -10.33611236
36.026478 -9.45138582
36.127111 -7.34888765
36.227743 -4.97846275
36.328376 -2.98029249
36.429009 -1.55681152
36.529641 -0.70639391
36.630274 -0.37172234
36.730906 -0.42607296
36.831539 -0.54273431
36.932172 -0.29734775
37.032804 0.31270522
37.133437 0.95999771
37.234070 1.47757002
37.334702 1.86441760
37.435335 2.15304987
37.535967 2.37053509
37.636600 2.53531544
37.737233 2.65908886
37.837865 2.74875728
37.938498 2.80766678
38.039131 2.84009280
38.139763 2.85060707
38.240396 2.85199312
38.341028 2.85243846
38.441661 2.85265949
38.542294 2.85279427
38.642926 2.85288780
38.743559 2.85295902
38.844192 2.85301708
38.944824 2.85306689
39.045457 2.85311130
39.146089 2.85315209
39.246722 2.85319037
39.347355 2.85322692
39.447987 2.85326226
39.548620 2.85329684
39.649252 2.85333108
39.749885 2.85336559
39.850518 2.85340146
39.951150 2.85344100
40.051783 2.85348980
40.152416 2.85356425
40.253048 2.85372896
40.353681 2.85434206
40.454313 2.85616666
40.554946 2.85897201
40.655579 2.86212789
40.756211 2.86464754
40.856844 2.86502590
40.957477 2.86100379
41.058109 2.84920600
41.158742 2.82454984
41.259374 2.77966841
41.360007 2.70369411
41.460640 2.58240043
41.561272 2.40434179
41.661905 2.17835024
41.762538 1.96035700
41.863170 1.84547121
41.963803 1.89082083
42.064435 2.05409747
42.165068 2.23859475
42.265701 2.37390550
42.366333 2.43629033
42.466966 2.42649249
42.567598 2.35064898
42.668231 2.21350807
42.768864 2.02158515
42.869496 1.79641529
42.970129 1.59242762
43.070762 1.48454364
43.171394 1.50020425
43.272027 1.57579659
43.372659 1.60641339
43.473292 1.51258819
43.573925 1.26712116
43.674557 0.92134498
43.775190 0.63156092
43.875823 0.58751651
43.976455 0.84148598
44.077088 1.25722365
44.177720 1.65545338
44.278353 1.94214056
44.378986 2.10334520
44.479618 2.15360109
44.580251 2.10774625
44.680884 1.97277065
44.781516 1.74815449
44.882149 1.43112158
44.982781 1.03384725
45.083414 0.62116483
45.184047 0.32733302
45.284679 0.27054864
45.385312 0.43652263
45.485944 0.72389158
45.586577 1.04753963
45.687210 1.33255941
45.787842 1.55734783
45.888475 1.77756507
45.989108 2.01401801
46.089740 2.22543531
46.190373 2.38868939
46.291005 2.50901480
46.391638 2.59738507
46.492271 2.66260543
46.592903 2.71085367
46.693536 2.74632520
46.794169 2.77173815
46.894801 2.78886648
46.995434 2.79866223
47.096066 2.80229003
47.196699 2.80292857
47.297332 2.80315892
47.397964 2.80327709
47.498597 2.80335260
47.599230 2.80340804
47.699862 2.80345285
47.800495 2.80349164
47.901127 2.80352684
48.001760 2.80355985
48.102393 2.80359147
48.203025 2.80362220
48.303658 2.80365235
48.404290 2.80368212
48.504923 2.80371163
48.605556 2.80374097
48.706188 2.80377020
48.806821 2.80379934
48.907454 2.80382844
49.008086 2.80385750
49.108719 2.80388653
49.209351 2.80391555
49.309984 2.80394456
49.410617 2.80397356
49.511249 2.80400255
49.611882 2.80403154
49.712515 2.80406053
49.813147 2.80408952
49.913780 2.80411851
50.014412 2.80414751
50.115045 2.80417650
50.215678 2.80420549
50.316310 2.80423449
50.416943 2.80426348
50.517576 2.80429248
50.618208 2.80432148
50.718841 2.80435048
50.819473 2.80437948
50.920106 2.80440849
51.020739 2.80443749
51.121371 2.80446650
51.222004 2.80449551
51.322636 2.80452452
51.423269 2.80455353
51.523902 2.80458255
51.624534 2.80461157
51.725167 2.80464058
51.825800 2.80466960
51.926432 2.80469862
52.027065 2.80472765
52.127697 2.80475667
52.228330 2.80478570
52.328963 2.80481472
52.429595 2.80484375
52.530228 2.80487278
52.630861 2.80490182
52.731493 2.80493085
52.832126 2.80495988
52.932758 2.80498892
53.033391 2.80501796
53.134024 2.80504700
53.234656 2.80507604
53.335289 2.80510508
53.435921 2.80513412
53.536554 2.80516317
53.637187 2.80519222
53.737819 2.80522126
53.838452 2.80525031
53.939085 2.80527936
54.039717 2.80530841
54.140350 2.80533747
54.240982 2.80536652
54.341615 2.80539558
54.442248 2.80542463
54.542880 2.80545369
54.643513 2.80548275
54.744146 2.80551181
54.844778 2.80554087
54.945411 2.80556994
55.046043 2.80559900
55.146676 2.80562807
55.247309 2.80565713
55.347941 2.80568620
55.448574 2.80571527
55.549207 2.80574434
55.649839 2.80577341
55.750472 2.80580248
55.851104 2.80583156
55.951737 2.80586063
56.052370 2.80588971
56.153002 2.80591878
56.253635 2.80594786
56.354267 2.80597694
56.454900 2.80600602
56.555533 2.80603510
56.656165 2.80606418
56.756798 2.80609326
56.857431 2.80612234
56.958063 2.80615143
57.058696 2.80618051
57.159328 2.80620960
57.259961 2.80623869
57.360594 2.80626777
57.461226 2.80629686
57.561859 2.80632595
57.662492 2.80635504
57.763124 2.80638413
57.863757 2.80641322
57.964389 2.80644232
58.065022 2.80647141
58.165655 2.80650051
58.266287 2.80652960
58.366920 2.80655870
58.467553 2.80658779
58.568185 2.80661689
58.668818 2.80664599
58.769450 2.80667509
58.870083 2.80670419
58.970716 2.80673329
59.071348 2.80676239
59.171981 2.80679149
59.272613 2.80682059
59.373246 2.80684969
59.473879 2.80687880
59.574511 2.80690790
59.675144 2.80693701
59.775777 2.80696611
59.876409 2.80699522
59.977042 2.80702433
60.077674 2.80705343
60.178307 2.80708254
60.278940 2.80711165
60.379572 2.80714076
60.480205 2.80716987
60.580838 2.80719898
60.681470 2.80722809
60.782103 2.80725720
60.882735 2.80728631
60.983368 2.80731543
61.084001 2.80734454
61.184633 2.80737365
61.285266 2.80740277
61.385899 2.80743188
61.486531 2.80746100
61.587164 2.80749011
61.687796 2.80751923
61.788429 2.80754834
61.889062 2.80757746
61.989694 2.80760658
62.090327 2.80763569
62.190959 2.80766481
62.291592 2.80769393
62.392225 2.80772305
62.492857 2.80775217
62.593490 2.80778129
62.694123 2.80781041
62.794755 2.80783953
62.895388 2.80786865
62.996020 2.80789777
63.096653 2.80792689
63.197286 2.80795602
63.297918 2.80798514
63.398551 2.80801426
63.499184 2.80804339
63.599816 2.80807251
63.700449 2.80810163
63.801081 2.80813076
63.901714 2.80815988
64.002347 2.80818901
64.102979 2.80821813
64.203612 2.80824726
64.304245 2.80827638
64.404877 2.80830551
64.505510 2.80833464
64.606142 2.80836376
64.706775 2.80839289
64.807408 2.80842202
64.908040 2.80845114
65.008673 2.80848027
65.109305 2.80850940
65.209938 2.80853853
65.310571 2.80856766
65.411203 2.80859679
65.511836 2.80862592
65.612469 2.80865505
65.713101 2.80868417
65.813734 2.80871330
65.914366 2.80874243
66.014999 2.80877156
66.115632 2.80880070
66.216264 2.80882983
66.316897 2.80885896
66.417530 2.80888809
66.518162 2.80891722
66.618795 2.80894635
66.719427 2.80897548
66.820060 2.80900461
66.920693 2.80903375
67.021325 2.80906288
67.121958 2.80909201
67.222591 2.80912114
67.323223 2.80915028
67.423856 2.80917941
67.524488 2.80920854
67.625121 2.80923768
67.725754 2.80926681
67.826386 2.80929594
67.927019 2.80932508
68.027651 2.80935421
68.128284 2.80938334
68.228917 2.80941248
68.329549 2.80944161
68.430182 2.80947075
68.530815 2.80949988
68.631447 2.80952901
68.732080 2.80955815
68.832712 2.80958728
68.933345 2.80961642
69.033978 2.80964555
69.134610 2.80967469
69.235243 2.80970382
69.335876 2.80973296
69.436508 2.80976209
69.537141 2.80979123
69.637773 2.80982036
69.738406 2.80984950
69.839039 2.80987863
69.939671 2.80990777
70.040304 2.80993690
70.140937 2.80996604
70.241569 2.80999517
70.342202 2.81002431
70.442834 2.81005344
70.543467 2.81008258
70.644100 2.81011170
70.744732 2.81014085
