0.100633 1.40698176
0.201265 1.40698796
0.301898 1.40698138
0.402530 1.40698072
0.503163 1.40698080
0.603796 1.40698090
0.704428 1.40698100
0.805061 1.40698109
0.905694 1.40698119
1.006326 1.40698128
1.106959 1.40698138
1.207591 1.40698147
1.308224 1.40698156
1.408857 1.40698165
1.509489 1.40698175
1.610122 1.40698184
1.710755 1.40698193
1.811387 1.40698201
1.912020 1.40698210
2.012652 1.40698219
2.113285 1.40698228
2.213918 1.40698236
2.314550 1.40698244
2.415183 1.40698253
2.515816 1.40698261
2.616448 1.40698269
2.717081 1.40698277
2.817713 1.40698284
2.918346 1.40698292
3.018979 1.40698299
3.119611 1.40698307
3.220244 1.40698314
3.320876 1.40698320
3.421509 1.40698327
3.522142 1.40698334
3.622774 1.40698340
3.723407 1.40698346
3.824040 1.40698352
3.924672 1.40698358
4.025305 1.40698364
4.125937 1.40698369
4.226570 1.40698374
4.327203 1.40698379
4.427835 1.40698383
4.528468 1.40698388
4.629101 1.40698392
4.729733 1.40698396
4.830366 1.40698399
4.930998 1.40698403
5.031631 1.40698406
5.132264 1.40698408
5.232896 1.40698411
5.333529 1.40698413
5.434162 1.40698415
5.534794 1.40698416
5.635427 1.40698418
5.736059 1.40698419
5.836692 1.40698419
5.937325 1.40698419
6.037957 1.40698419
6.138590 1.40698419
6.239222 1.40698418
6.339855 1.40698417
6.440488 1.40698415
6.541120 1.40698413
6.641753 1.40698411
6.742386 1.40698408
6.843018 1.40698405
6.943651 1.40698401
7.044283 1.40698397
7.144916 1.40698392
7.245549 1.40698387
7.346181 1.40698382
7.446814 1.40698376
7.547447 1.40698369
7.648079 1.40698363
7.748712 1.40698355
7.849344 1.40698347
7.949977 1.40698339
8.050610 1.40698330
8.151242 1.40698321
8.251875 1.40698311
8.352508 1.40698300
8.453140 1.40698289
8.553773 1.40698277
8.654405 1.40698265
8.755038 1.40698252
8.855671 1.40698239
8.956303 1.40698225
9.056936 1.40698210
9.157568 1.40698195
9.258201 1.40698179
9.358834 1.40698162
9.459466 1.40698145
9.560099 1.40698127
9.660732 1.40698108
9.761364 1.40698088
9.861997 1.40698068
9.962629 1.40698047
10.063262 1.40698026
10.163895 1.40698003
10.264527 1.40697980
10.365160 1.40697956
10.465793 1.40697932
10.566425 1.40697906
10.667058 1.40697880
10.767690 1.40697853
10.868323 1.40697825
10.968956 1.40697796
11.069588 1.40697766
11.170221 1.40697736
11.270853 1.40697704
11.371486 1.40697672
11.472119 1.40697638
11.572751 1.40697604
11.673384 1.40697569
11.774017 1.40697532
11.874649 1.40697495
11.975282 1.40697457
12.075914 1.40697418
12.176547 1.40697377
12.277180 1.40697336
12.377812 1.40697294
12.478445 1.40697250
12.579078 1.40697206
12.679710 1.40697160
12.780343 1.40697113
12.880975 1.40697065
12.981608 1.40697016
13.082241 1.40696966
13.182873 1.40696914
13.283506 1.40696861
13.384139 1.40696807
13.484771 1.40696752
13.585404 1.40696695
13.686036 1.40696638
13.786669 1.40696578
13.887302 1.40696518
13.987934 1.40696456
14.088567 1.40696393
14.189199 1.40696328
14.289832 1.40696262
14.390465 1.40696195
14.491097 1.40696126
14.591730 1.40696055
14.692363 1.40695983
14.792995 1.40695910
14.893628 1.40695835
14.994260 1.40695758
15.094893 1.40695679
15.195526 1.40695599
15.296158 1.40695518
15.396791 1.40695434
15.497424 1.40695349
15.598056 1.40695262
15.698689 1.40695173
15.799321 1.40695082
15.899954 1.40694990
16.000587 1.40694895
16.101219 1.40694798
16.201852 1.40694700
16.302485 1.40694599
16.403117 1.40694496
16.503750 1.40694390
16.604382 1.40694283
16.705015 1.40694173
16.805648 1.40694060
16.906280 1.40693945
17.006913 1.40693827
17.107545 1.40693707
17.208178 1.40693583
17.308811 1.40693457
17.409443 1.40693327
17.510076 1.40693194
17.610709 1.40693058
17.711341 1.40692918
17.811974 1.40692773
17.912606 1.40692625
18.013239 1.40692472
18.113872 1.40692315
18.214504 1.40692152
18.315137 1.40691984
18.415770 1.40691810
18.516402 1.40691629
18.617035 1.40691441
18.717667 1.40691245
18.818300 1.40691041
18.918933 1.40690826
19.019565 1.40690600
19.120198 1.40690362
19.220831 1.40690110
19.321463 1.40689841
19.422096 1.40689553
19.522728 1.40689244
19.623361 1.40688908
19.723994 1.40688542
19.824626 1.40688140
19.925259 1.40687694
20.025891 1.40687197
20.126524 1.40686636
20.227157 1.40685998
20.327789 1.40685266
20.428422 1.40684417
20.529055 1.40683425
20.629687 1.40682254
20.730320 1.40680861
20.830952 1.40679189
20.931585 1.40677166
21.032218 1.40674702
21.132850 1.40671680
21.233483 1.40667950
21.334116 1.40663321
21.434748 1.40657547
21.535381 1.40650308
21.636013 1.40641196
21.736646 1.40629678
21.837279 1.40615066
21.937911 1.40596464
22.038544 1.40572705
22.139177 1.40542262
22.239809 1.40503139
22.340442 1.40452706
22.441074 1.40387504
22.541707 1.40302949
22.642340 1.40192969
22.742972 1.40049466
22.843605 1.39861633
22.944237 1.39614948
23.044870 1.39289881
23.145503 1.38859982
23.246135 1.38289407
23.346768 1.37529218
23.447401 1.36512583
23.548033 1.35147549
23.648666 1.33307608
23.749298 1.30817471
23.849931 1.27434343
23.950564 1.22819953
24.051196 1.16503267
24.151829 1.07826519
24.252462 0.95871796
24.353094 0.79363358
24.453727 0.56523859
24.554359 0.24920597
24.654992 -0.18745156
24.755625 -0.78049958
24.856257 -1.51431630
24.956890 -2.18360930
25.057523 -2.47947236
25.158155 -2.50178869
25.258788 -2.69544455
25.359420 -3.34388527
25.460053 -4.54774736
25.560686 -6.34654763
25.661318 -8.69493174
25.761951 -11.29073280
25.862583 -13.37390159
25.963216 -13.97079966
26.063849 -12.74748958
26.164481 -10.38890533
26.265114 -7.88920822
26.365747 -5.85415242
26.466379 -4.49160164
26.567012 -3.84083072
26.667644 -3.90448594
26.768277 -4.68834599
26.868910 -6.17447220
26.969542 -8.20100664
27.070175 -10.23052408
27.170808 -11.32109103
27.271440 -10.77859011
27.372073 -8.88733315
27.472705 -6.58636017
27.573338 -4.62469629
27.673971 -3.30327308
27.774603 -2.67845386
27.875236 -2.74638691
27.975869 -3.50895242
28.076501 -4.96557886
28.177134 -7.03733393
28.277766 -9.36426973
28.378399 -11.12726771
28.479032 -11.42979534
28.579664 -10.15602135
28.680297 -8.10188826
28.780929 -6.16985433
28.881562 -4.82646188
28.982195 -4.19463318
29.082827 -4.28170101
29.183460 -5.08256149
29.284093 -6.58925946
29.384725 -8.74694415
29.485358 -11.30033224
29.585990 -13.56216426
29.686623 -14.52604182
29.787256 -13.64924142
29.887888 -11.43076215
29.988521 -8.87654800
30.089154 -6.69605428
30.189786 -5.15951672
30.290419 -4.32655221
30.391051 -4.20558629
30.491684 -4.80157775
30.592317 -6.10931866
30.692949 -8.01576624
30.793582 -10.07605087
30.894215 -11.40277862
30.994847 -11.17480844
31.095480 -9.45882654
31.196112 -7.13398163
31.296745 -5.03757641
31.397378 -3.54900110
31.498010 -2.75493239
31.598643 -2.65694314
31.699275 -3.25242375
31.799908 -4.54555550
31.900541 -6.48554851
32.001173 -8.78839212
32.101806 -10.72583663
32.202439 -11.35009097
32.303071 -10.32955392
32.403704 -8.32385915
32.504336 -6.28300509
32.604969 -4.76614216
32.705602 -3.94601021
32.806234 -3.84170648
32.906867 -4.44567572
33.007500 -5.75463285
33.108132 -7.73380522
33.208765 -10.19185421
33.309397 -12.55203243
33.410030 -13.83474591
33.510663 -13.32690789
33.611295 -11.32398864
33.711928 -8.80230151
33.812560 -6.55758966
33.913193 -4.93039663
34.013826 -4.00192251
34.114458 -3.78023366
34.215091 -4.27069721
34.315724 -5.47275766
34.416356 -7.30914181
34.516989 -9.42679267
34.617621 -11.01206606
34.718254 -11.15297811
34.818887 -9.69770659
34.919519 -7.41617490
35.020152 -5.20611322
35.120785 -3.53491758
35.221417 -2.52458583
35.322050 -2.18442253
35.422682 -2.51899125
35.523315 -3.53944977
35.623948 -5.22005935
35.724580 -7.34720605
35.825213 -9.28155143
35.925846 -10.05386587
36.026478 -9.13018711
36.127111 -6.98357756
36.227743 -4.56632705
36.328376 -2.52079887
36.429009 -1.05065996
36.529641 -0.15477634
36.630274 0.22423594
36.730906 0.21366263
36.831539 0.14085883
36.932172 0.43052230
37.032804 1.08475314
37.133437 1.77603682
37.234070 2.33751760
37.334702 2.76767048
37.435335 3.09807626
37.535967 3.35483348
37.636600 3.55505449
37.737233 3.70887817
37.837865 3.82222021
37.938498 3.89822039
38.039131 3.94158748
38.139763 3.95766149
38.240396 3.96211556
38.341028 3.96524208
38.441661 3.96799904
38.542294 3.97059560
38.642926 3.97310924
38.743559 3.97557611
38.844192 3.97801507
38.944824 3.98043668
39.045457 3.98284720
39.146089 3.98525048
39.246722 3.98764902
39.347355 3.99004449
39.447987 3.99243808
39.548620 3.99483078
39.649252 3.99722358
39.749885 3.99961770
39.850518 4.00201507
39.951150 4.00441914
40.051783 4.00683718
40.152416 4.00928821
40.253048 4.01184200
40.353681 4.01487513
40.454313 4.01919085
40.554946 4.02455941
40.655579 4.03034320
40.756211 4.03554653
40.856844 4.03865430
40.957477 4.03739649
41.058109 4.02838603
41.158742 4.00652836
41.259374 3.96444565
41.360007 3.89126138
41.460640 3.77274322
41.561272 3.59744390
41.661905 3.37419502
41.762538 3.15892356
41.863170 3.04672809
41.963803 3.09472999
42.064435 3.26062800
42.165068 3.44773448
42.265701 3.58566667
42.366333 3.65071095
42.466966 3.64363435
42.567598 3.57059171
42.668231 3.43633970
42.768864 3.24739082
42.869496 3.02526671
42.970129 2.82437265
43.070762 2.71959792
43.171394 2.73834966
43.272027 2.81698609
43.372659 2.85058152
43.473292 2.75966749
43.573925 2.51705978
43.674557 2.17412358
43.775190 1.88719970
43.875823 1.84606707
43.976455 2.10300506
44.077088 2.52173934
44.177720 2.92296500
44.278353 3.21264468
44.378986 3.37685151
44.479618 3.43013631
44.580251 3.38735181
44.680884 3.25549582
44.781516 3.03404881
44.882149 2.72022764
44.982781 2.32619024
45.083414 1.91674029
45.184047 1.62610246
45.284679 1.57245034
45.385312 1.74149702
45.485944 2.03190617
45.586577 2.35859836
45.687210 2.64670122
45.787842 2.87464292
45.888475 3.09810504
45.989108 3.33790283
46.089740 3.55275836
46.190373 3.71952557
46.291005 3.84341293
46.391638 3.93536190
46.492271 4.00414247
46.592903 4.05589444
46.693536 4.09477140
46.794169 4.12344365
46.894801 4.14363761
46.995434 4.15626398
47.096066 4.16247978
47.196699 4.16556579
47.297332 4.16820550
47.397964 4.17071352
47.498597 4.17316687
47.599230 4.17559228
47.699862 4.17800180
47.800495 4.18040172
47.901127 4.18279559
48.001760 4.18518558
48.102393 4.18757299
48.203025 4.18995867
48.303658 4.19234319
48.404290 4.19472689
48.504923 4.19711003
48.605556 4.19949278
48.706188 4.20187526
48.806821 4.20425753
48.907454 4.20663868
49.008086 4.20900925
49.108719 4.21136832
49.209351 4.21371587
49.309984 4.21605193
49.410617 4.21837652
49.511249 4.22068964
49.611882 4.22299130
49.712515 4.22528150
49.813147 4.22756025
49.913780 4.22982755
50.014412 4.23208339
50.115045 4.23432779
50.215678 4.23656074
50.316310 4.23878224
50.416943 4.24099229
50.517576 4.24319090
50.618208 4.24537807
50.718841 4.24755379
50.819473 4.24971806
50.920106 4.25187089
51.020739 4.25401227
51.121371 4.25614221
51.222004 4.25826071
51.322636 4.26036776
51.423269 4.26246336
51.523902 4.26454753
51.624534 4.26662025
51.725167 4.26868152
51.825800 4.27073135
51.926432 4.27276974
52.027065 4.27479668
52.127697 4.27681217
52.228330 4.27881623
52.328963 4.28080884
52.429595 4.28279000
52.530228 4.28475972
52.630861 4.28671800
52.731493 4.28866484
52.832126 4.29060022
52.932758 4.29252417
53.033391 4.29443667
53.134024 4.29633773
53.234656 4.29822734
53.335289 4.30010551
53.435921 4.30197224
53.536554 4.30382752
53.637187 4.30567135
53.737819 4.30750375
53.838452 4.30932470
53.939085 4.31113420
54.039717 4.31293226
54.140350 4.31471888
54.240982 4.31649405
54.341615 4.31825778
54.442248 4.32001007
54.542880 4.32175091
54.643513 4.32348031
54.744146 4.32519826
54.844778 4.32690477
54.945411 4.32859984
55.046043 4.33028346
55.146676 4.33195563
55.247309 4.33361637
55.347941 4.33526566
55.448574 4.33690350
55.549207 4.33852990
55.649839 4.34014486
55.750472 4.34174838
55.851104 4.34334044
55.951737 4.34492107
56.052370 4.34649025
56.153002 4.34804799
56.253635 4.34959428
56.354267 4.35112913
56.454900 4.35265254
56.555533 4.35416450
56.656165 4.35566502
56.756798 4.35715409
56.857431 4.35863172
56.958063 4.36009791
57.058696 4.36155265
57.159328 4.36299594
57.259961 4.36442780
57.360594 4.36584821
57.461226 4.36725717
57.561859 4.36865470
57.662492 4.37004077
57.763124 4.37141541
57.863757 4.37277860
57.964389 4.37413034
58.065022 4.37547064
58.165655 4.37679950
58.266287 4.37811691
58.366920 4.37942288
58.467553 4.38071741
58.568185 4.38200049
58.668818 4.38327213
58.769450 4.38453232
58.870083 4.38578107
58.970716 4.38701838
59.071348 4.38824424
59.171981 4.38945866
59.272613 4.39066163
59.373246 4.39185316
59.473879 4.39303324
59.574511 4.39420188
59.675144 4.39535908
59.775777 4.39650483
59.876409 4.39763914
59.977042 4.39876201
60.077674 4.39987343
60.178307 4.40097341
60.278940 4.40206194
60.379572 4.40313903
60.480205 4.40420467
60.580838 4.40525887
60.681470 4.40630163
60.782103 4.40733294
60.882735 4.40835281
60.983368 4.40936124
61.084001 4.41035822
61.184633 4.41134375
61.285266 4.41231785
61.385899 4.41328049
61.486531 4.41423170
61.587164 4.41517146
61.687796 4.41609977
61.788429 4.41701664
61.889062 4.41792207
61.989694 4.41881606
62.090327 4.41969859
62.190959 4.42056969
62.291592 4.42142934
62.392225 4.42227755
62.492857 4.42311431
62.593490 4.42393963
62.694123 4.42475350
62.794755 4.42555593
62.895388 4.42634692
62.996020 4.42712646
63.096653 4.42789456
63.197286 4.42865122
63.297918 4.42939642
63.398551 4.43013019
63.499184 4.43085251
63.599816 4.43156339
63.700449 4.43226282
63.801081 4.43295081
63.901714 4.43362735
64.002347 4.43429246
64.102979 4.43494611
64.203612 4.43558832
64.304245 4.43621909
64.404877 4.43683841
64.505510 4.43744629
64.606142 4.43804273
64.706775 4.43862772
64.807408 4.43920127
64.908040 4.43976337
65.008673 4.44031403
65.109305 4.44085324
65.209938 4.44138101
65.310571 4.44189734
65.411203 4.44240222
65.511836 4.44289565
65.612469 4.44337765
65.713101 4.44384819
65.813734 4.44430730
65.914366 4.44475496
66.014999 4.44519117
66.115632 4.44561594
66.216264 4.44602927
66.316897 4.44643115
66.417530 4.44682159
66.518162 4.44720059
66.618795 4.44756814
66.719427 4.44792424
66.820060 4.44826890
66.920693 4.44860212
67.021325 4.44892389
67.121958 4.44923422
67.222591 4.44953310
67.323223 4.44982054
67.423856 4.45009654
67.524488 4.45036109
67.625121 4.45061419
67.725754 4.45085585
67.826386 4.45108607
67.927019 4.45130484
68.027651 4.45151217
68.128284 4.45170806
68.228917 4.45189249
68.329549 4.45206549
68.430182 4.45222704
68.530815 4.45237715
68.631447 4.45251581
68.732080 4.45264303
68.832712 4.45275880
68.933345 4.45286313
69.033978 4.45295601
69.134610 4.45303745
69.235243 4.45310745
69.335876 4.45316600
69.436508 4.45321310
69.537141 4.45324876
69.637773 4.45327298
69.738406 4.45328574
69.839039 4.45328707
69.939671 4.45327793
70.040304 4.45326781
70.140937 4.45325769
70.241569 4.45324757
70.342202 4.45323745
70.442834 4.45322734
70.543467 4.45321721
70.644100 4.45320700
70.744732 4.45319697
