0.100633 1.43810406
0.201265 1.43810489
0.301898 1.43810401
0.402530 1.43810393
0.503163 1.43810395
0.603796 1.43810396
0.704428 1.43810398
0.805061 1.43810399
0.905694 1.43810400
1.006326 1.43810401
1.106959 1.43810401
1.207591 1.43810401
1.308224 1.43810400
1.408857 1.43810399
1.509489 1.43810398
1.610122 1.43810396
1.710755 1.43810394
1.811387 1.43810391
1.912020 1.43810387
2.012652 1.43810383
2.113285 1.43810378
2.213918 1.43810372
2.314550 1.43810366
2.415183 1.43810358
2.515816 1.43810350
2.616448 1.43810341
2.717081 1.43810332
2.817713 1.43810321
2.918346 1.43810309
3.018979 1.43810297
3.119611 1.43810283
3.220244 1.43810268
3.320876 1.43810252
3.421509 1.43810235
3.522142 1.43810217
3.622774 1.43810197
3.723407 1.43810176
3.824040 1.43810154
3.924672 1.43810131
4.025305 1.43810106
4.125937 1.43810080
4.226570 1.43810052
4.327203 1.43810023
4.427835 1.43809993
4.528468 1.43809960
4.629101 1.43809927
4.729733 1.43809891
4.830366 1.43809854
4.930998 1.43809815
5.031631 1.43809775
5.132264 1.43809732
5.232896 1.43809688
5.333529 1.43809641
5.434162 1.43809594
5.534794 1.43809543
5.635427 1.43809491
5.736059 1.43809437
5.836692 1.43809381
5.937325 1.43809322
6.037957 1.43809262
6.138590 1.43809199
6.239222 1.43809134
6.339855 1.43809066
6.440488 1.43808997
6.541120 1.43808924
6.641753 1.43808850
6.742386 1.43808773
6.843018 1.43808693
6.943651 1.43808611
7.044283 1.43808526
7.144916 1.43808438
7.245549 1.43808348
7.346181 1.43808254
7.446814 1.43808158
7.547447 1.43808059
7.648079 1.43807958
7.748712 1.43807852
7.849344 1.43807745
7.949977 1.43807634
8.050610 1.43807520
8.151242 1.43807402
8.251875 1.43807281
8.352508 1.43807157
8.453140 1.43807030
8.553773 1.43806899
8.654405 1.43806765
8.755038 1.43806627
8.855671 1.43806486
8.956303 1.43806341
9.056936 1.43806192
9.157568 1.43806039
9.258201 1.43805883
9.358834 1.43805722
9.459466 1.43805558
9.560099 1.43805390
9.660732 1.43805218
9.761364 1.43805041
9.861997 1.43804861
9.962629 1.43804675
10.063262 1.43804486
10.163895 1.43804292
10.264527 1.43804094
10.365160 1.43803891
10.465793 1.43803684
10.566425 1.43803471
10.667058 1.43803255
10.767690 1.43803033
10.868323 1.43802806
10.968956 1.43802574
11.069588 1.43802338
11.170221 1.43802096
11.270853 1.43801849
11.371486 1.43801596
11.472119 1.43801339
11.572751 1.43801075
11.673384 1.43800807
11.774017 1.43800532
11.874649 1.43800252
11.975282 1.43799966
12.075914 1.43799675
12.176547 1.43799377
12.277180 1.43799074
12.377812 1.43798763
12.478445 1.43798448
12.579078 1.43798125
12.679710 1.43797797
12.780343 1.43797461
12.880975 1.43797120
12.981608 1.43796771
13.082241 1.43796416
13.182873 1.43796054
13.283506 1.43795685
13.384139 1.43795309
13.484771 1.43794926
13.585404 1.43794535
13.686036 1.43794137
13.786669 1.43793732
13.887302 1.43793319
13.987934 1.43792898
14.088567 1.43792471
14.189199 1.43792034
14.289832 1.43791590
14.390465 1.43791138
14.491097 1.43790678
14.591730 1.43790209
14.692363 1.43789732
14.792995 1.43789246
14.893628 1.43788752
14.994260 1.43788249
15.094893 1.43787737
15.195526 1.43787216
15.296158 1.43786687
15.396791 1.43786147
15.497424 1.43785599
15.598056 1.43785041
15.698689 1.43784474
15.799321 1.43783896
15.899954 1.43783310
16.000587 1.43782712
16.101219 1.43782106
16.201852 1.43781488
16.302485 1.43780861
16.403117 1.43780222
16.503750 1.43779574
16.604382 1.43778914
16.705015 1.43778245
16.805648 1.43777563
16.906280 1.43776871
17.006913 1.43776166
17.107545 1.43775451
17.208178 1.43774723
17.308811 1.43773985
17.409443 1.43773233
17.510076 1.43772470
17.610709 1.43771693
17.711341 1.43770905
17.811974 1.43770103
17.912606 1.43769288
18.013239 1.43768459
18.113872 1.43767618
18.214504 1.43766760
18.315137 1.43765890
18.415770 1.43765004
18.516402 1.43764103
18.617035 1.43763185
18.717667 1.43762252
18.818300 1.43761300
18.918933 1.43760332
19.019565 1.43759342
19.120198 1.43758334
19.220831 1.43757302
19.321463 1.43756249
19.422096 1.43755167
19.522728 1.43754059
19.623361 1.43752917
19.723994 1.43751742
19.824626 1.43750522
19.925259 1.43749258
20.025891 1.43747935
20.126524 1.43746549
20.227157 1.43745081
20.327789 1.43743520
20.428422 1.43741842
20.529055 1.43740023
20.629687 1.43738025
20.730320 1.43735812
20.830952 1.43733322
20.931585 1.43730492
21.032218 1.43727225
21.132850 1.43723413
21.233483 1.43718900
21.334116 1.43713505
21.434748 1.43706972
21.535381 1.43698994
21.636013 1.43689151
21.736646 1.43676921
21.837279 1.43661604
21.937911 1.43642310
22.038544 1.43617859
22.139177 1.43586729
22.239809 1.43546900
22.340442 1.43495746
22.441074 1.43429773
22.541707 1.43344395
22.642340 1.43233490
22.742972 1.43088944
22.843605 1.42899881
22.944237 1.42651738
23.044870 1.42324891
23.145503 1.41892819
23.246135 1.41319539
23.346768 1.40555996
23.447401 1.39535163
23.548033 1.38164899
23.648666 1.36318428
23.749298 1.33820177
23.849931 1.30426990
23.950564 1.25800195
24.051196 1.19468305
24.151829 1.10773030
24.252462 0.98795944
24.353094 0.82260694
24.453727 0.59389412
24.554359 0.27748722
24.654992 -0.15960621
24.755625 -0.75315974
24.856257 -1.48755775
24.956890 -2.15751768
25.057523 -2.45326245
25.158155 -2.47582189
25.258788 -2.66992130
25.359420 -3.31893891
25.460053 -4.52349004
25.560686 -6.32308702
25.661318 -8.67236586
25.761951 -11.26913504
25.862583 -13.35330996
25.963216 -13.95121195
26.063849 -12.72887314
26.164481 -10.37120707
26.265114 -7.87236110
26.365747 -5.83808050
26.466379 -4.47622849
26.567012 -3.82608226
26.667644 -3.89028869
26.768277 -4.67461554
26.868910 -6.16110077
26.969542 -8.18786128
27.070175 -10.21746642
27.170808 -11.30801308
27.271440 -10.76545952
27.372073 -8.87423396
27.472705 -6.57348483
27.573338 -4.61227995
27.673971 -3.29148440
27.774603 -2.66733795
27.875236 -2.73594281
27.975869 -3.49916194
28.076501 -4.95634680
28.177134 -7.02848123
28.277766 -9.35558918
28.378399 -11.11854436
28.479032 -11.42080804
28.579664 -10.14657540
28.680297 -8.09183739
28.780929 -6.15907986
28.881562 -4.81483470
28.982195 -4.18199815
29.082827 -4.26788620
29.183460 -5.06739580
29.284093 -6.57258667
29.384725 -8.72863455
29.485358 -11.28029708
29.585990 -13.54037231
29.686623 -14.50252899
29.787256 -13.62410756
29.887888 -11.40416005
29.988521 -8.84867089
30.089154 -6.66712099
30.189786 -5.12974990
30.290419 -4.29615448
30.391051 -4.17471551
30.491684 -4.77031532
30.592317 -6.07763584
30.692949 -7.98350347
30.793582 -10.04291440
30.894215 -11.36836081
30.994847 -11.13864110
31.095480 -9.42048648
31.196112 -7.09318752
31.296745 -4.99417416
31.397378 -3.50286618
31.498010 -2.70589636
31.598643 -2.60485017
31.699275 -3.19719491
31.799908 -4.48713685
31.900541 -6.42383671
32.001173 -8.72328707
32.101806 -10.65730209
32.202439 -11.27816580
32.303071 -10.25428493
32.403704 -8.24519088
32.504336 -6.20074911
32.604969 -4.68002326
32.705602 -3.85572364
32.806234 -3.74698036
32.906867 -4.34631421
33.007500 -5.65051714
33.108132 -7.62484974
33.208765 -10.07788227
33.309397 -12.43276279
33.410030 -13.71014071
33.510663 -13.19697323
33.611295 -11.18834424
33.711928 -8.65998535
33.812560 -6.40718223
33.913193 -4.77021575
34.013826 -3.83016849
34.114458 -3.59500705
34.215091 -4.06988039
34.315724 -5.25383184
34.416356 -7.06898789
34.516989 -9.16160391
34.617621 -10.71777694
34.718254 -10.82669084
34.818887 -9.34004455
34.919519 -7.03407576
35.020152 -4.81475165
35.120785 -3.15701685
35.221417 -2.18664432
35.322050 -1.91127603
35.422682 -2.32892073
35.523315 -3.44220421
35.623948 -5.21973314
35.724580 -7.44573433
35.825213 -9.48134458
35.925846 -10.35908487
36.026478 -9.54576704
36.127111 -7.51259885
36.227743 -5.20815118
36.328376 -3.27146603
36.429009 -1.90451932
36.529641 -1.10582921
36.630274 -0.81870706
36.730906 -0.91751855
36.831539 -1.07670627
36.932172 -0.87265795
37.032804 -0.30242388
37.133437 0.30590109
37.234070 0.78458980
37.334702 1.13290091
37.435335 1.38410880
37.535967 1.56614678
37.636600 1.69867738
37.737233 1.79485773
37.837865 1.86256288
37.938498 1.90542847
38.039131 1.92739297
38.139763 1.93231589
38.240396 1.93008049
38.341028 1.92589846
38.441661 1.91773390
38.542294 1.90506005
38.642926 1.88787182
38.743559 1.86617960
38.844192 1.83998182
38.944824 1.80927280
39.045457 1.77404209
39.146089 1.73428368
39.246722 1.68996622
39.347355 1.64101623
39.447987 1.58735980
39.548620 1.52902428
39.649252 1.46648619
39.749885 1.40144090
39.850518 1.33772082
39.951150 1.28188890
40.051783 1.24251734
40.152416 1.22763172
40.253048 1.24132650
40.353681 1.28171634
40.454313 1.34173184
40.554946 1.41211113
40.655579 1.48442978
40.756211 1.55251702
40.856844 1.61215107
40.957477 1.65996831
41.058109 1.69231134
41.158742 1.70418845
41.259374 1.68859284
41.360007 1.63533589
41.460640 1.53114276
41.561272 1.36564901
41.661905 1.14883490
41.762538 0.93752006
41.863170 0.82722995
41.963803 0.87533434
42.064435 1.03986145
42.165068 1.22451799
42.265701 1.35931363
42.366333 1.42088431
42.466966 1.41031469
42.567598 1.33406808
42.668231 1.19716835
42.768864 1.00628196
42.869496 0.78292021
42.970129 0.58129337
43.070762 0.47593869
43.171394 0.49388714
43.272027 0.57121875
43.372659 0.60287094
43.473292 0.50941753
43.573925 0.26387535
43.674557 -0.08208626
43.775190 -0.37181333
43.875823 -0.41532172
43.976455 -0.16032054
44.077088 0.25673360
44.177720 0.65632394
44.278353 0.94430984
44.378986 1.10674098
44.479618 1.15817988
44.580251 1.11350729
44.680884 0.97974764
44.781516 0.75639901
44.882149 0.44068036
44.982781 0.04471841
45.083414 -0.36676321
45.184047 -0.65964464
45.284679 -0.71582920
45.385312 -0.54959063
45.485944 -0.26216313
45.586577 0.06149018
45.687210 0.34659321
45.787842 0.57165195
45.888475 0.79239999
45.989108 1.02967305
46.089740 1.24218578
46.190373 1.40676544
46.291005 1.52858616
46.391638 1.61855110
46.492271 1.68539213
46.592903 1.73521363
46.693536 1.77213506
46.794169 1.79879295
46.894801 1.81688190
46.995434 1.82728800
47.096066 1.83117284
47.196699 1.83188606
47.297332 1.83216189
47.397964 1.83231722
47.498597 1.83242678
47.599230 1.83251485
47.699862 1.83259160
47.800495 1.83266196
47.901127 1.83272854
48.001760 1.83279281
48.102393 1.83285563
48.203025 1.83291752
48.303658 1.83297882
48.404290 1.83303971
48.504923 1.83310034
48.605556 1.83316080
48.706188 1.83322113
48.806821 1.83328139
48.907454 1.83334158
49.008086 1.83340174
49.108719 1.83346187
49.209351 1.83352199
49.309984 1.83358209
49.410617 1.83364218
49.511249 1.83370226
49.611882 1.83376234
49.712515 1.83382241
49.813147 1.83388249
49.913780 1.83394256
50.014412 1.83400263
50.115045 1.83406270
50.215678 1.83412276
50.316310 1.83418283
50.416943 1.83424290
50.517576 1.83430296
50.618208 1.83436303
50.718841 1.83442309
50.819473 1.83448316
50.920106 1.83454322
51.020739 1.83460329
51.121371 1.83466335
51.222004 1.83472341
51.322636 1.83478348
51.423269 1.83484354
51.523902 1.83490360
51.624534 1.83496367
51.725167 1.83502373
51.825800 1.83508379
51.926432 1.83514385
52.027065 1.83520391
52.127697 1.83526397
52.228330 1.83532403
52.328963 1.83538409
52.429595 1.83544415
52.530228 1.83550421
52.630861 1.83556427
52.731493 1.83562432
52.832126 1.83568438
52.932758 1.83574444
53.033391 1.83580450
53.134024 1.83586455
53.234656 1.83592461
53.335289 1.83598466
53.435921 1.83604472
53.536554 1.83610477
53.637187 1.83616482
53.737819 1.83622488
53.838452 1.83628493
53.939085 1.83634498
54.039717 1.83640503
54.140350 1.83646508
54.240982 1.83652513
54.341615 1.83658518
54.442248 1.83664523
54.542880 1.83670528
54.643513 1.83676533
54.744146 1.83682537
54.844778 1.83688542
54.945411 1.83694547
55.046043 1.83700551
55.146676 1.83706555
55.247309 1.83712560
55.347941 1.83718564
55.448574 1.83724568
55.549207 1.83730572
55.649839 1.83736577
55.750472 1.83742581
55.851104 1.83748584
55.951737 1.83754588
56.052370 1.83760592
56.153002 1.83766596
56.253635 1.83772599
56.354267 1.83778603
56.454900 1.83784606
56.555533 1.83790610
56.656165 1.83796613
56.756798 1.83802616
56.857431 1.83808619
56.958063 1.83814622
57.058696 1.83820625
57.159328 1.83826628
57.259961 1.83832631
57.360594 1.83838634
57.461226 1.83844637
57.561859 1.83850639
57.662492 1.83856642
57.763124 1.83862644
57.863757 1.83868646
57.964389 1.83874648
58.065022 1.83880651
58.165655 1.83886653
58.266287 1.83892655
58.366920 1.83898657
58.467553 1.83904658
58.568185 1.83910660
58.668818 1.83916662
58.769450 1.83922663
58.870083 1.83928665
58.970716 1.83934666
59.071348 1.83940667
59.171981 1.83946668
59.272613 1.83952670
59.373246 1.83958671
59.473879 1.83964671
59.574511 1.83970672
59.675144 1.83976673
59.775777 1.83982674
59.876409 1.83988674
59.977042 1.83994675
60.077674 1.84000675
60.178307 1.84006675
60.278940 1.84012676
60.379572 1.84018676
60.480205 1.84024676
60.580838 1.84030676
60.681470 1.84036676
60.782103 1.84042675
60.882735 1.84048675
60.983368 1.84054675
61.084001 1.84060674
61.184633 1.84066674
61.285266 1.84072673
61.385899 1.84078672
61.486531 1.84084672
61.587164 1.84090671
61.687796 1.84096670
61.788429 1.84102669
61.889062 1.84108667
61.989694 1.84114666
62.090327 1.84120665
62.190959 1.84126664
62.291592 1.84132662
62.392225 1.84138660
62.492857 1.84144659
62.593490 1.84150657
62.694123 1.84156655
62.794755 1.84162653
62.895388 1.84168652
62.996020 1.84174649
63.096653 1.84180647
63.197286 1.84186645
63.297918 1.84192643
63.398551 1.84198641
63.499184 1.84204638
63.599816 1.84210636
63.700449 1.84216633
63.801081 1.84222631
63.901714 1.84228628
64.002347 1.84234625
64.102979 1.84240622
64.203612 1.84246619
64.304245 1.84252616
64.404877 1.84258613
64.505510 1.84264610
64.606142 1.84270607
64.706775 1.84276604
64.807408 1.84282600
64.908040 1.84288597
65.008673 1.84294594
65.109305 1.84300590
65.209938 1.84306587
65.310571 1.84312583
65.411203 1.84318579
65.511836 1.84324576
65.612469 1.84330572
65.713101 1.84336568
65.813734 1.84342564
65.914366 1.84348560
66.014999 1.84354556
66.115632 1.84360552
66.216264 1.84366548
66.316897 1.84372544
66.417530 1.84378539
66.518162 1.84384535
66.618795 1.84390531
66.719427 1.84396527
66.820060 1.84402522
66.920693 1.84408518
67.021325 1.84414513
67.121958 1.84420509
67.222591 1.84426504
67.323223 1.84432499
67.423856 1.84438495
67.524488 1.84444490
67.625121 1.84450485
67.725754 1.84456481
67.826386 1.84462476
67.927019 1.84468471
68.027651 1.84474466
68.128284 1.84480461
68.228917 1.84486456
68.329549 1.84492451
68.430182 1.84498446
68.530815 1.84504441
68.631447 1.84510436
68.732080 1.84516431
68.832712 1.84522426
68.933345 1.84528421
69.033978 1.84534416
69.134610 1.84540410
69.235243 1.84546405
69.335876 1.84552400
69.436508 1.84558395
69.537141 1.84564390
69.637773 1.84570384
69.738406 1.84576379
69.839039 1.84582374
69.939671 1.84588368
70.040304 1.84594363
70.140937 1.84600358
70.241569 1.84606352
70.342202 1.84612347
70.442834 1.84618342
70.543467 1.84624337
70.644100 1.84630335
70.744732 1.84636326
