0.098756 1.64349029
0.197513 1.64349290
0.296269 1.64349014
0.395025 1.64348988
0.493782 1.64348993
0.592538 1.64348998
0.691295 1.64349002
0.790051 1.64349006
0.888807 1.64349009
0.987564 1.64349012
1.086320 1.64349014
1.185076 1.64349016
1.283833 1.64349017
1.382589 1.64349017
1.481345 1.64349016
1.580102 1.64349015
1.678858 1.64349012
1.777614 1.64349009
1.876371 1.64349004
1.975127 1.64348999
2.073884 1.64348991
2.172640 1.64348983
2.271396 1.64348974
2.370153 1.64348963
2.468909 1.64348951
2.567665 1.64348937
2.666422 1.64348921
2.765178 1.64348904
2.863934 1.64348885
2.962691 1.64348865
3.061447 1.64348843
3.160204 1.64348819
3.258960 1.64348792
3.357716 1.64348764
3.456473 1.64348734
3.555229 1.64348702
3.653985 1.64348667
3.752742 1.64348630
3.851498 1.64348591
3.950254 1.64348549
4.049011 1.64348505
4.147767 1.64348459
4.246523 1.64348409
4.345280 1.64348358
4.444036 1.64348303
4.542793 1.64348245
4.641549 1.64348185
4.740305 1.64348122
4.839062 1.64348055
4.937818 1.64347986
5.036574 1.64347913
5.135331 1.64347838
5.234087 1.64347759
5.332843 1.64347676
5.431600 1.64347590
5.530356 1.64347501
5.629113 1.64347408
5.727869 1.64347312
5.826625 1.64347211
5.925382 1.64347107
6.024138 1.64346999
6.122894 1.64346887
6.221651 1.64346770
6.320407 1.64346651
6.419163 1.64346526
6.517920 1.64346397
6.616676 1.64346264
6.715432 1.64346127
6.814189 1.64345985
6.912945 1.64345838
7.011702 1.64345687
7.110458 1.64345531
7.209214 1.64345370
7.307971 1.64345205
7.406727 1.64345034
7.505483 1.64344858
7.604240 1.64344677
7.702996 1.64344491
7.801752 1.64344300
7.900509 1.64344103
7.999265 1.64343900
8.098022 1.64343693
8.196778 1.64343479
8.295534 1.64343260
8.394291 1.64343034
8.493047 1.64342804
8.591803 1.64342566
8.690560 1.64342323
8.789316 1.64342073
8.888072 1.64341818
8.986829 1.64341556
9.085585 1.64341288
9.184341 1.64341012
9.283098 1.64340731
9.381854 1.64340442
9.480611 1.64340147
9.579367 1.64339844
9.678123 1.64339535
9.776880 1.64339218
9.875636 1.64338895
9.974392 1.64338564
10.073149 1.64338226
10.171905 1.64337879
10.270661 1.64337526
10.369418 1.64337165
10.468174 1.64336796
10.566931 1.64336418
10.665687 1.64336034
10.764443 1.64335640
10.863200 1.64335239
10.961956 1.64334829
11.060712 1.64334411
11.159469 1.64333983
11.258225 1.64333548
11.356981 1.64333103
11.455738 1.64332650
11.554494 1.64332187
11.653250 1.64331715
11.752007 1.64331234
11.850763 1.64330743
11.949520 1.64330242
12.048276 1.64329732
12.147032 1.64329211
12.245789 1.64328681
12.344545 1.64328139
12.443301 1.64327588
12.542058 1.64327025
12.640814 1.64326452
12.739570 1.64325866
12.838327 1.64325270
12.937083 1.64324661
13.035840 1.64324041
13.134596 1.64323407
13.233352 1.64322761
13.332109 1.64322101
13.430865 1.64321427
13.529621 1.64320739
13.628378 1.64320036
13.727134 1.64319317
13.825890 1.64318583
13.924647 1.64317830
14.023403 1.64317060
14.122159 1.64316271
14.220916 1.64315461
14.319672 1.64314630
14.418429 1.64313776
14.517185 1.64312898
14.615941 1.64311993
14.714698 1.64311060
14.813454 1.64310097
14.912210 1.64309100
15.010967 1.64308067
15.109723 1.64306995
15.208479 1.64305879
15.307236 1.64304717
15.405992 1.64303502
15.504749 1.64302231
15.603505 1.64300895
15.702261 1.64299490
15.801018 1.64298007
15.899774 1.64296438
15.998530 1.64294772
16.097287 1.64292999
16.196043 1.64291107
16.294799 1.64289080
16.393556 1.64286904
16.492312 1.64284560
16.591068 1.64282029
16.689825 1.64279287
16.788581 1.64276308
16.887338 1.64273065
16.986094 1.64269523
17.084850 1.64265648
17.183607 1.64261397
17.282363 1.64256724
17.381119 1.64251576
17.479876 1.64245896
17.578632 1.64239616
17.677388 1.64232664
17.776145 1.64224955
17.874901 1.64216398
17.973658 1.64206887
18.072414 1.64196305
18.171170 1.64184520
18.269927 1.64171388
18.368683 1.64156742
18.467439 1.64140399
18.566196 1.64122154
18.664952 1.64101779
18.763708 1.64079015
18.862465 1.64053580
18.961221 1.64025154
19.059977 1.63993384
19.158734 1.63957873
19.257490 1.63918184
19.356247 1.63873828
19.455003 1.63824263
19.553759 1.63768884
19.652516 1.63707025
19.751272 1.63637940
19.850028 1.63560808
19.948785 1.63474715
20.047541 1.63378651
20.146297 1.63271496
20.245054 1.63152013
20.343810 1.63018831
20.442567 1.62870438
20.541323 1.62705159
20.640079 1.62521152
20.738836 1.62316375
20.837592 1.62088584
20.936348 1.61835297
21.035105 1.61553788
21.133861 1.61241044
21.232617 1.60893761
21.331374 1.60508287
21.430130 1.60080620
21.528886 1.59606343
21.627643 1.59080611
21.726399 1.58498078
21.825156 1.57852872
21.923912 1.57138509
22.022668 1.56347845
22.121425 1.55472959
22.220181 1.54505078
22.318937 1.53434410
22.417694 1.52250003
22.516450 1.50939491
22.615206 1.49488843
22.713963 1.47881945
22.812719 1.46100142
22.911476 1.44121518
23.010232 1.41920051
23.108988 1.39464320
23.207745 1.36715930
23.306501 1.33627132
23.405257 1.30137841
23.504014 1.26171158
23.602770 1.21627670
23.701526 1.16376922
23.800283 1.10246415
23.899039 1.03005253
23.997795 0.94342805
24.096552 0.83837495
24.195308 0.70915437
24.294065 0.54793082
24.392821 0.34395259
24.491577 0.08261003
24.590334 -0.25608074
24.689090 -0.69741731
24.787846 -1.25942941
24.886603 -1.88394827
24.985359 -2.32957605
25.084115 -2.37094271
25.182872 -2.16647455
25.281628 -2.03241473
25.380385 -2.11982768
25.479141 -2.48155526
25.577897 -3.17128262
25.676654 -4.26094052
25.775410 -5.80244923
25.874166 -7.71387738
25.972923 -9.59537698
26.071679 -10.74395471
26.170435 -10.70187914
26.269192 -9.81141903
26.367948 -8.92070689
26.466704 -8.68558888
26.565461 -9.27518271
26.664217 -10.35108327
26.762974 -11.12990648
26.861730 -10.83810458
26.960486 -9.39927107
27.059243 -7.43972247
27.157999 -5.61558203
27.256755 -4.22469013
27.355512 -3.30597202
27.454268 -2.81450748
27.553024 -2.70764656
27.651781 -2.97522107
27.750537 -3.64392997
27.849294 -4.76500691
27.948050 -6.36588933
28.046806 -8.32344165
28.145563 -10.18210614
28.244319 -11.21979516
28.343075 -11.04469593
28.441832 -10.08631027
28.540588 -9.20666947
28.639344 -9.01747203
28.738101 -9.63642627
28.836857 -10.67321553
28.935613 -11.31658848
29.034370 -10.84443288
29.133126 -9.27818123
29.231883 -7.28258221
29.330639 -5.48090940
29.429395 -4.13127781
29.528152 -3.25483644
29.626908 -2.80335541
29.725664 -2.73611406
29.824421 -3.04638829
29.923177 -3.76388268
30.021933 -4.93992800
30.120690 -6.59297843
30.219446 -8.57041752
30.318203 -10.37343662
30.416959 -11.27922669
30.515715 -10.97598820
30.614472 -9.97632705
30.713228 -9.14424701
30.811984 -9.04086139
30.910741 -9.72863294
31.009497 -10.76222334
31.108253 -11.30565412
31.207010 -10.69464437
31.305766 -9.04517693
31.404522 -7.05044988
31.503279 -5.29729326
31.602035 -4.00663596
31.700792 -3.18458956
31.799548 -2.78111355
31.898304 -2.75837027
31.997061 -3.11381132
32.095817 -3.88064609
32.194573 -5.11036052
32.293330 -6.81146312
32.392086 -8.80010793
32.490842 -10.53631232
32.589599 -11.30641577
32.688355 -10.88531041
32.787112 -9.86152728
32.885868 -9.09121062
32.984624 -9.08197505
33.083381 -9.84020314
33.182137 -10.86559262
33.280893 -11.30420957
33.379650 -10.55819021
33.478406 -8.83525589
33.577162 -6.84804221
33.675919 -5.14459072
33.774675 -3.91149229
33.873431 -3.14218999
33.972188 -2.78573775
34.070944 -2.80736517
34.169701 -3.20850337
34.268457 -4.02530588
34.367213 -5.30827041
34.465970 -7.05360235
34.564726 -9.04314982
34.663482 -10.69706838
34.762239 -11.31952197
34.860995 -10.77664758
34.959751 -9.72545158
35.058508 -9.00645598
35.157264 -9.07242429
35.256021 -9.87326104
35.354777 -10.85431546
35.453533 -11.15110529
35.552290 -10.23992339
35.651046 -8.41627272
35.749802 -6.40409212
35.848559 -4.71172583
35.947315 -3.49459136
36.046071 -2.73540353
36.144828 -2.38246738
36.243584 -2.40322257
36.342340 -2.80168817
36.441097 -3.61525007
36.539853 -4.89136348
36.638610 -6.61117329
36.737366 -8.51970954
36.836122 -10.00029948
36.934879 -10.38510489
37.033635 -9.63582271
37.132391 -8.47020478
37.231148 -7.70631548
37.329904 -7.74126657
37.428660 -8.46804717
37.527417 -9.27899289
37.626173 -9.30639407
37.724929 -8.10402481
37.823686 -6.04407879
37.922442 -3.84892054
38.021199 -1.98734681
38.119955 -0.59491519
38.218711 0.34214943
38.317468 0.86883578
38.416224 1.02861611
38.514980 0.87602476
38.613737 0.56356800
38.712493 0.42425058
38.811249 0.69124595
38.910006 1.18949863
39.008762 1.66419381
39.107519 2.03711464
39.206275 2.31944697
39.305031 2.53263742
39.403788 2.69327963
39.502544 2.81361001
39.601300 2.90226856
39.700057 2.96525768
39.798813 3.00640076
39.897569 3.02815227
39.996326 3.03341882
40.095082 3.03421146
40.193838 3.03439221
40.292595 3.03442673
40.391351 3.03440490
40.490108 3.03435532
40.588864 3.03429018
40.687620 3.03421549
40.786377 3.03413458
40.885133 3.03404946
40.983889 3.03396141
41.082646 3.03387127
41.181402 3.03377961
41.280158 3.03368685
41.378915 3.03359328
41.477671 3.03349921
41.576428 3.03340502
41.675184 3.03331142
41.773940 3.03321995
41.872697 3.03313434
41.971453 3.03306525
42.070209 3.03305215
42.168966 3.03327512
42.267722 3.03443016
42.366478 3.03648428
42.465235 3.03899513
42.563991 3.04125172
42.662747 3.04217248
42.761504 3.04013873
42.860260 3.03273435
42.959017 3.01637583
43.057773 2.98584377
43.156529 2.93341167
43.255286 2.84847282
43.354042 2.71964331
43.452798 2.54345417
43.551555 2.34549376
43.650311 2.19311539
43.749067 2.15853736
43.847824 2.25134378
43.946580 2.40792371
44.045337 2.55221137
44.144093 2.64318781
44.242849 2.67219427
44.341606 2.64300327
44.440362 2.56018777
44.539118 2.42753873
44.637875 2.25272342
44.736631 2.06002552
44.835387 1.90231342
44.934144 1.83735293
45.032900 1.86944743
45.131656 1.93274574
45.230413 1.94223643
45.329169 1.84040876
45.427926 1.61309991
45.526682 1.31496817
45.625438 1.08559901
45.724195 1.07457699
45.822951 1.30717718
45.921707 1.66341024
46.020464 1.99919473
46.119220 2.24034101
46.217976 2.37635435
46.316733 2.42003329
46.415489 2.38342774
46.514246 2.27228771
46.613002 2.08652944
46.711758 1.82368023
46.810515 1.49158249
46.909271 1.13691615
47.008027 0.86449979
47.106784 0.78106439
47.205540 0.89394340
47.304296 1.12409258
47.403053 1.39816129
47.501809 1.65275532
47.600565 1.85358482
47.699322 2.03667127
47.798078 2.23604865
47.896835 2.42591519
47.995591 2.57813955
48.094347 2.69181975
48.193104 2.77568425
48.291860 2.83774847
48.390616 2.88388342
48.489373 2.91808758
48.588129 2.94306616
48.686885 2.96054811
48.785642 2.97168233
48.884398 2.97699239
48.983155 2.97823877
49.081911 2.97845643
49.180667 2.97847477
49.279424 2.97843315
49.378180 2.97836622
49.476936 2.97828659
49.575693 2.97820001
49.674449 2.97810939
49.773205 2.97801633
49.871962 2.97792175
49.970718 2.97782620
50.069474 2.97773003
50.168231 2.97763345
50.266987 2.97753660
50.365744 2.97743957
50.464500 2.97734242
50.563256 2.97724518
50.662013 2.97714789
50.760769 2.97705073
50.859525 2.97695527
50.958282 2.97686169
51.057038 2.97676999
51.155794 2.97668018
51.254551 2.97659226
51.353307 2.97650623
51.452064 2.97642210
51.550820 2.97633986
51.649576 2.97625951
51.748333 2.97618106
51.847089 2.97610451
51.945845 2.97602985
52.044602 2.97595708
52.143358 2.97588622
52.242114 2.97581724
52.340871 2.97575017
52.439627 2.97568499
52.538383 2.97562170
52.637140 2.97556031
52.735896 2.97550082
52.834653 2.97544322
52.933409 2.97538752
53.032165 2.97533372
53.130922 2.97528181
53.229678 2.97523179
53.328434 2.97518368
53.427191 2.97513745
53.525947 2.97509313
53.624703 2.97505069
53.723460 2.97501016
53.822216 2.97497152
53.920973 2.97493477
54.019729 2.97489992
54.118485 2.97486697
54.217242 2.97483591
54.315998 2.97480675
54.414754 2.97477948
54.513511 2.97475411
54.612267 2.97473063
54.711023 2.97470905
54.809780 2.97468936
54.908536 2.97467157
55.007292 2.97465567
55.106049 2.97464167
55.204805 2.97462956
55.303562 2.97461935
55.402318 2.97461103
55.501074 2.97460461
55.599831 2.97460008
55.698587 2.97459745
55.797343 2.97459671
55.896100 2.97459787
55.994856 2.97460092
56.093612 2.97460587
56.192369 2.97461271
56.291125 2.97462145
56.389882 2.97463208
56.488638 2.97464461
56.587394 2.97465903
56.686151 2.97467534
56.784907 2.97469355
56.883663 2.97471366
56.982420 2.97473565
57.081176 2.97475955
57.179932 2.97478534
57.278689 2.97481302
57.377445 2.97484259
57.476201 2.97487407
57.574958 2.97490743
57.673714 2.97494269
57.772471 2.97497985
57.871227 2.97501889
57.969983 2.97505984
58.068740 2.97510267
58.167496 2.97514741
58.266252 2.97519403
58.365009 2.97524255
58.463765 2.97529297
58.562521 2.97534527
58.661278 2.97539948
58.760034 2.97545557
58.858791 2.97551357
58.957547 2.97557345
59.056303 2.97563523
59.155060 2.97569890
59.253816 2.97576447
59.352572 2.97583193
59.451329 2.97590129
59.550085 2.97597254
59.648841 2.97604568
59.747598 2.97612072
59.846354 2.97619765
59.945110 2.97627648
60.043867 2.97635720
60.142623 2.97643981
60.241380 2.97652432
60.340136 2.97661072
60.438892 2.97669901
60.537649 2.97678920
60.636405 2.97688129
60.735161 2.97697526
60.833918 2.97707114
60.932674 2.97716890
61.031430 2.97726856
61.130187 2.97737011
61.228943 2.97747356
61.327700 2.97757890
61.426456 2.97768613
61.525212 2.97779526
61.623969 2.97790628
61.722725 2.97801920
61.821481 2.97813401
61.920238 2.97825071
62.018994 2.97836931
62.117750 2.97848980
62.216507 2.97861218
62.315263 2.97873646
62.414019 2.97886263
62.512776 2.97899070
62.611532 2.97912066
62.710289 2.97925251
62.809045 2.97938626
62.907801 2.97952190
63.006558 2.97965943
63.105314 2.97979886
63.204070 2.97994018
63.302827 2.98008340
63.401583 2.98022850
63.500339 2.98037551
63.599096 2.98052440
63.697852 2.98067519
63.796609 2.98082788
63.895365 2.98098245
63.994121 2.98113893
64.092878 2.98129729
64.191634 2.98145755
64.290390 2.98161970
64.389147 2.98178375
64.487903 2.98194969
64.586659 2.98211752
64.685416 2.98228725
64.784172 2.98245887
64.882928 2.98263238
64.981685 2.98280779
65.080441 2.98298509
65.179198 2.98316428
65.277954 2.98334537
65.376710 2.98352835
65.475467 2.98371323
65.574223 2.98390000
65.672979 2.98408866
65.771736 2.98427922
65.870492 2.98447167
65.969248 2.98466601
66.068005 2.98486225
66.166761 2.98506038
66.265518 2.98526041
66.364274 2.98546233
66.463030 2.98566614
66.561787 2.98587185
66.660543 2.98607945
66.759299 2.98628894
66.858056 2.98650033
66.956812 2.98671361
67.055568 2.98692878
67.154325 2.98714585
67.253081 2.98736481
67.351837 2.98758567
67.450594 2.98780842
67.549350 2.98803306
67.648107 2.98825959
67.746863 2.98848802
67.845619 2.98871835
67.944376 2.98895057
68.043132 2.98918468
68.141888 2.98942068
68.240645 2.98965858
68.339401 2.98989837
68.438157 2.99014006
68.536914 2.99038364
68.635670 2.99062911
68.734427 2.99087648
68.833183 2.99112574
68.931939 2.99137690
69.030696 2.99162994
69.129452 2.99188489
69.228208 2.99214172
69.326965 2.99240045
69.425721 2.99266108
69.524477 2.99292359
69.623234 2.99318800
69.721990 2.99345431
69.820746 2.99372251
69.919503 2.99399260
70.018259 2.99426458
70.117016 2.99453846
70.215772 2.99481424
70.314528 2.99509191
70.413285 2.99537147
70.512041 2.99565292
70.610797 2.99593627
70.709554 2.99622151
70.808310 2.99650865
70.907066 2.99679768
71.005823 2.99708861
71.104579 2.99738142
71.203336 2.99767614
71.302092 2.99797274
71.400848 2.99827124
71.499605 2.99857164
71.598361 2.99887392
71.697117 2.99917794
71.795874 2.99948212
71.894630 2.99978631
71.993386 3.00009049
72.092143 3.00039467
72.190899 3.00069885
72.289655 3.00100303
72.388412 3.00130724
72.487168 3.00161162
72.585925 3.00191562
