0.098756 1.64876072
0.197513 1.64876369
0.296269 1.64876055
0.395025 1.64876025
0.493782 1.64876030
0.592538 1.64876036
0.691295 1.64876041
0.790051 1.64876045
0.888807 1.64876049
0.987564 1.64876052
1.086320 1.64876055
1.185076 1.64876056
1.283833 1.64876057
1.382589 1.64876057
1.481345 1.64876055
1.580102 1.64876053
1.678858 1.64876049
1.777614 1.64876044
1.876371 1.64876038
1.975127 1.64876030
2.073884 1.64876021
2.172640 1.64876010
2.271396 1.64875997
2.370153 1.64875983
2.468909 1.64875967
2.567665 1.64875949
2.666422 1.64875929
2.765178 1.64875907
2.863934 1.64875883
2.962691 1.64875857
3.061447 1.64875828
3.160204 1.64875797
3.258960 1.64875764
3.357716 1.64875728
3.456473 1.64875689
3.555229 1.64875648
3.653985 1.64875604
3.752742 1.64875558
3.851498 1.64875508
3.950254 1.64875456
4.049011 1.64875400
4.147767 1.64875342
4.246523 1.64875280
4.345280 1.64875215
4.444036 1.64875146
4.542793 1.64875075
4.641549 1.64874999
4.740305 1.64874921
4.839062 1.64874838
4.937818 1.64874752
5.036574 1.64874662
5.135331 1.64874568
5.234087 1.64874470
5.332843 1.64874368
5.431600 1.64874262
5.530356 1.64874152
5.629113 1.64874038
5.727869 1.64873919
5.826625 1.64873796
5.925382 1.64873669
6.024138 1.64873536
6.122894 1.64873400
6.221651 1.64873258
6.320407 1.64873112
6.419163 1.64872961
6.517920 1.64872805
6.616676 1.64872644
6.715432 1.64872479
6.814189 1.64872307
6.912945 1.64872131
7.011702 1.64871949
7.110458 1.64871763
7.209214 1.64871570
7.307971 1.64871373
7.406727 1.64871169
7.505483 1.64870960
7.604240 1.64870746
7.702996 1.64870526
7.801752 1.64870299
7.900509 1.64870067
7.999265 1.64869829
8.098022 1.64869585
8.196778 1.64869335
8.295534 1.64869079
8.394291 1.64868817
8.493047 1.64868548
8.591803 1.64868273
8.690560 1.64867992
8.789316 1.64867704
8.888072 1.64867409
8.986829 1.64867109
9.085585 1.64866801
9.184341 1.64866487
9.283098 1.64866166
9.381854 1.64865838
9.480611 1.64865504
9.579367 1.64865162
9.678123 1.64864814
9.776880 1.64864458
9.875636 1.64864096
9.974392 1.64863726
10.073149 1.64863349
10.171905 1.64862966
10.270661 1.64862574
10.369418 1.64862176
10.468174 1.64861770
10.566931 1.64861357
10.665687 1.64860936
10.764443 1.64860508
10.863200 1.64860072
10.961956 1.64859629
11.060712 1.64859177
11.159469 1.64858719
11.258225 1.64858252
11.356981 1.64857778
11.455738 1.64857295
11.554494 1.64856806
11.653250 1.64856307
11.752007 1.64855802
11.850763 1.64855287
11.949520 1.64854765
12.048276 1.64854234
12.147032 1.64853695
12.245789 1.64853147
12.344545 1.64852592
12.443301 1.64852026
12.542058 1.64851453
12.640814 1.64850870
12.739570 1.64850279
12.838327 1.64849678
12.937083 1.64849068
13.035840 1.64848447
13.134596 1.64847818
13.233352 1.64847177
13.332109 1.64846527
13.430865 1.64845864
13.529621 1.64845192
13.628378 1.64844506
13.727134 1.64843809
13.825890 1.64843097
13.924647 1.64842375
14.023403 1.64841635
14.122159 1.64840882
14.220916 1.64840110
14.319672 1.64839324
14.418429 1.64838515
14.517185 1.64837690
14.615941 1.64836839
14.714698 1.64835968
14.813454 1.64835068
14.912210 1.64834142
15.010967 1.64833181
15.109723 1.64832190
15.208479 1.64831157
15.307236 1.64830085
15.405992 1.64828963
15.504749 1.64827793
15.603505 1.64826561
15.702261 1.64825269
15.801018 1.64823900
15.899774 1.64822456
15.998530 1.64820916
16.097287 1.64819280
16.196043 1.64817525
16.294799 1.64815647
16.393556 1.64813621
16.492312 1.64811438
16.591068 1.64809068
16.689825 1.64806499
16.788581 1.64803695
16.887338 1.64800636
16.986094 1.64797281
17.084850 1.64793602
17.183607 1.64789548
17.282363 1.64785082
17.381119 1.64780142
17.479876 1.64774679
17.578632 1.64768616
17.677388 1.64761890
17.776145 1.64754404
17.874901 1.64746078
17.973658 1.64736794
18.072414 1.64726446
18.171170 1.64714889
18.269927 1.64701987
18.368683 1.64687563
18.467439 1.64671444
18.566196 1.64653409
18.664952 1.64633239
18.763708 1.64610665
18.862465 1.64585409
18.961221 1.64557138
19.059977 1.64525507
19.158734 1.64490104
19.257490 1.64450496
19.356247 1.64406179
19.455003 1.64356615
19.553759 1.64301182
19.652516 1.64239215
19.751272 1.64169950
19.850028 1.64092567
19.948785 1.64006130
20.047541 1.63909626
20.146297 1.63801912
20.245054 1.63681745
20.343810 1.63547729
20.442567 1.63398339
20.541323 1.63231875
20.640079 1.63046474
20.738836 1.62840067
20.837592 1.62610382
20.936348 1.62354908
21.035105 1.62070880
21.133861 1.61755255
21.232617 1.61404679
21.331374 1.61015466
21.430130 1.60583555
21.528886 1.60104491
21.627643 1.59573358
21.726399 1.58984767
21.825156 1.58332768
21.923912 1.57610829
22.022668 1.56811713
22.121425 1.55927455
22.220181 1.54949180
22.318937 1.53867050
22.417694 1.52670005
22.516450 1.51345641
22.615206 1.49879814
22.713963 1.48256382
22.812719 1.46456584
22.911476 1.44458491
23.010232 1.42235984
23.108988 1.39757660
23.207745 1.36985053
23.306501 1.33870471
23.405257 1.30353794
23.504014 1.26358243
23.602770 1.21784436
23.701526 1.16502118
23.800283 1.10338913
23.899039 1.03064238
23.997795 0.94367717
24.096552 0.83828228
24.195308 0.70872304
24.294065 0.54717017
24.392821 0.34287802
24.491577 0.08124469
24.590334 -0.25770624
24.689090 -0.69926372
24.787846 -1.26144986
24.886603 -1.88608833
24.985359 -2.33177608
25.084115 -2.37351061
25.182872 -2.16935552
25.281628 -2.03554972
25.380385 -2.12315153
25.479141 -2.48500045
25.577897 -3.17478754
25.676654 -4.26445319
25.775410 -5.80592893
25.874166 -7.71729162
25.972923 -9.59869558
26.071679 -10.74714626
26.170435 -10.70491648
26.269192 -9.81429797
26.367948 -8.92345369
26.466704 -8.68825963
26.565461 -9.27785563
26.664217 -10.35385233
26.762974 -11.13287040
26.861730 -10.84135355
26.960486 -9.40286786
27.059243 -7.44369246
27.157999 -5.61991345
27.256755 -4.22934322
27.355512 -3.31088368
27.454268 -2.81959600
27.553024 -2.71281570
27.651781 -2.98036625
27.750537 -3.64894635
27.849294 -4.76980038
27.948050 -6.37038756
28.046806 -8.32760378
28.145563 -10.18592939
28.244319 -11.22332069
28.343075 -11.04800838
28.441832 -10.08952773
28.540588 -9.20993104
28.639344 -9.02092614
28.738101 -9.64022086
28.836857 -10.67748678
28.935613 -11.32144846
29.034370 -10.84995943
29.133126 -9.28441601
29.231883 -7.28953535
29.330639 -5.48856148
29.429395 -4.13958060
29.528152 -3.26371354
29.626908 -2.81270337
29.725664 -2.74580550
29.824421 -3.05627793
29.923177 -3.77381477
30.021933 -4.94974530
30.120690 -6.60253181
30.219446 -8.57957409
30.318203 -10.38208620
30.416959 -11.28728332
30.515715 -10.98338328
30.614472 -9.98299071
30.713228 -9.15007624
30.811984 -9.04567394
30.910741 -9.73213161
31.009497 -10.76396398
31.108253 -11.30504546
31.207010 -10.69102697
31.305766 -9.03797811
31.404522 -7.03932430
31.503279 -5.28213477
31.602035 -3.98750037
31.700792 -3.16160716
31.799548 -2.75438633
31.898304 -2.72785630
31.997061 -3.07922763
32.095817 -3.84139214
32.194573 -5.06548621
32.293330 -6.75968669
32.392086 -8.73984679
32.490842 -10.46570154
32.589599 -11.22330517
32.688355 -10.78729459
32.787112 -9.74601574
32.885868 -8.95540122
32.984624 -8.92270361
33.083381 -9.65378535
33.182137 -10.64769546
33.280893 -11.04982593
33.379650 -10.26187091
33.478406 -8.49174941
33.577162 -6.45345096
33.675919 -4.69812576
33.774675 -3.41769761
33.873431 -2.61277836
33.972188 -2.23966320
34.070944 -2.26830844
34.169701 -2.70033464
34.268457 -3.56718995
34.367213 -4.91224608
34.465970 -6.72491360
34.564726 -8.78209254
34.663482 -10.50113165
34.762239 -11.18508915
34.860995 -10.70019849
34.959751 -9.70433455
35.058508 -9.03926878
35.157264 -9.15919980
35.256021 -10.01553235
35.354777 -11.05501502
35.453533 -11.41411846
35.552290 -10.56893354
35.651046 -8.81271202
35.749802 -6.86456209
35.848559 -5.22586147
35.947315 -4.04459635
36.046071 -3.29815539
36.144828 -2.93389982
36.243584 -2.92311560
36.342340 -3.27669308
36.441097 -4.03926586
36.539853 -5.26394993
36.638610 -6.93536555
36.737366 -8.80024972
36.836122 -10.24255530
36.934879 -10.59444613
37.033635 -9.81716954
37.132391 -8.62769911
37.231148 -7.84319445
37.329904 -7.85986575
37.428660 -8.56987194
37.527417 -9.36481006
37.626173 -9.37639519
37.724929 -8.15818802
37.823686 -6.08262260
37.922442 -3.87262285
38.021199 -1.99759745
38.119955 -0.59327358
38.218711 0.35423223
38.317468 0.89007965
38.416224 1.05799310
38.514980 0.91276460
38.613737 0.60712705
38.712493 0.47429763
38.811249 0.74759538
38.910006 1.25204168
39.008762 1.73281150
39.107519 2.11163885
39.206275 2.39959491
39.305031 2.61794816
39.403788 2.78316914
39.502544 2.90745363
39.601300 2.99943715
39.700057 3.06511434
39.798813 3.10828580
39.897569 3.13138672
39.996326 3.13736119
40.095082 3.13865347
40.193838 3.13929164
40.292595 3.13976702
40.391351 3.14017738
40.490108 3.14055511
40.588864 3.14091438
40.687620 3.14126238
40.786377 3.14160311
40.885133 3.14193900
40.983889 3.14227156
41.082646 3.14260181
41.181402 3.14293044
41.280158 3.14325793
41.378915 3.14358469
41.477671 3.14391110
41.576428 3.14423767
41.675184 3.14456525
41.773940 3.14489562
41.872697 3.14523282
41.971453 3.14558799
42.070209 3.14600147
42.168966 3.14665570
42.267722 3.14825477
42.366478 3.15076664
42.465235 3.15374726
42.563991 3.15648377
42.662747 3.15789264
42.761504 3.15635317
42.860260 3.14944709
42.959017 3.13358887
43.057773 3.10355706
43.156529 3.05162355
43.255286 2.96718039
43.354042 2.83884318
43.452798 2.66314306
43.551555 2.46566822
43.650311 2.31377085
43.749067 2.27966781
43.847824 2.37294306
43.946580 2.52998759
44.045337 2.67473916
44.144093 2.76618284
44.242849 2.79566382
44.341606 2.76695822
44.440362 2.68464139
44.539118 2.55250495
44.637875 2.37821526
44.736631 2.18605332
44.835387 2.02888327
44.934144 1.96446581
45.032900 1.99709910
45.131656 2.06092762
45.230413 2.07093762
45.329169 1.96961853
45.427926 1.74281055
45.526682 1.44517694
45.625438 1.21630958
45.724195 1.20579797
45.822951 1.43891647
45.921707 1.79567134
46.020464 2.13197749
46.119220 2.37364443
46.217976 2.51017938
46.316733 2.55438373
46.415489 2.51830946
46.514246 2.40770779
46.613002 2.22249525
46.711758 1.96019818
46.810515 1.62865645
46.909271 1.27454602
47.008027 1.00268022
47.106784 0.91978590
47.205540 1.03319647
47.304296 1.26387103
47.403053 1.53846419
47.501809 1.79358727
47.600565 1.99495528
47.699322 2.17859341
47.798078 2.37853754
47.896835 2.56898568
47.995591 2.72180430
48.094347 2.83608793
48.193104 2.92056044
48.291860 2.98323220
48.390616 3.02996867
48.489373 3.06476227
48.588129 3.09031146
48.686885 3.10833763
48.785642 3.11998361
48.884398 3.12576695
48.983155 3.12745525
49.081911 3.12810356
49.180667 3.12854839
49.279424 3.12893092
49.378180 3.12928665
49.476936 3.12962869
49.575693 3.12996310
49.674449 3.13029300
49.773205 3.13062014
49.871962 3.13094554
49.970718 3.13126981
50.069474 3.13159335
50.168231 3.13191640
50.266987 3.13223912
50.365744 3.13256161
50.464500 3.13288395
50.563256 3.13320619
50.662013 3.13352836
50.760769 3.13385047
50.859525 3.13417242
50.958282 3.13449421
51.057038 3.13481586
51.155794 3.13513736
51.254551 3.13545872
51.353307 3.13577994
51.452064 3.13610103
51.550820 3.13642199
51.649576 3.13674281
51.748333 3.13706350
51.847089 3.13738406
51.945845 3.13770449
52.044602 3.13802479
52.143358 3.13834495
52.242114 3.13866498
52.340871 3.13898489
52.439627 3.13930466
52.538383 3.13962430
52.637140 3.13994382
52.735896 3.14026320
52.834653 3.14058245
52.933409 3.14090157
53.032165 3.14122056
53.130922 3.14153941
53.229678 3.14185814
53.328434 3.14217674
53.427191 3.14249520
53.525947 3.14281354
53.624703 3.14313174
53.723460 3.14344982
53.822216 3.14376776
53.920973 3.14408557
54.019729 3.14440325
54.118485 3.14472080
54.217242 3.14503822
54.315998 3.14535551
54.414754 3.14567267
54.513511 3.14598969
54.612267 3.14630659
54.711023 3.14662335
54.809780 3.14693998
54.908536 3.14725648
55.007292 3.14757285
55.106049 3.14788909
55.204805 3.14820520
55.303562 3.14852117
55.402318 3.14883701
55.501074 3.14915273
55.599831 3.14946831
55.698587 3.14978376
55.797343 3.15009907
55.896100 3.15041426
55.994856 3.15072931
56.093612 3.15104424
56.192369 3.15135903
56.291125 3.15167368
56.389882 3.15198821
56.488638 3.15230261
56.587394 3.15261687
56.686151 3.15293100
56.784907 3.15324500
56.883663 3.15355887
56.982420 3.15387261
57.081176 3.15418621
57.179932 3.15449968
57.278689 3.15481302
57.377445 3.15512623
57.476201 3.15543930
57.574958 3.15575225
57.673714 3.15606506
57.772471 3.15637774
57.871227 3.15669028
57.969983 3.15700270
58.068740 3.15731498
58.167496 3.15762713
58.266252 3.15793915
58.365009 3.15825103
58.463765 3.15856279
58.562521 3.15887441
58.661278 3.15918590
58.760034 3.15949725
58.858791 3.15980847
58.957547 3.16011956
59.056303 3.16043052
59.155060 3.16074135
59.253816 3.16105204
59.352572 3.16136260
59.451329 3.16167303
59.550085 3.16198333
59.648841 3.16229349
59.747598 3.16260352
59.846354 3.16291342
59.945110 3.16322318
60.043867 3.16353281
60.142623 3.16384231
60.241380 3.16415168
60.340136 3.16446091
60.438892 3.16477001
60.537649 3.16507898
60.636405 3.16538782
60.735161 3.16569652
60.833918 3.16600509
60.932674 3.16631352
61.031430 3.16662183
61.130187 3.16693000
61.228943 3.16723804
61.327700 3.16754594
61.426456 3.16785371
61.525212 3.16816135
61.623969 3.16846886
61.722725 3.16877623
61.821481 3.16908347
61.920238 3.16939058
62.018994 3.16969755
62.117750 3.17000440
62.216507 3.17031110
62.315263 3.17061768
62.414019 3.17092412
62.512776 3.17123043
62.611532 3.17153661
62.710289 3.17184265
62.809045 3.17214856
62.907801 3.17245433
63.006558 3.17275998
63.105314 3.17306549
63.204070 3.17337086
63.302827 3.17367611
63.401583 3.17398122
63.500339 3.17428620
63.599096 3.17459104
63.697852 3.17489575
63.796609 3.17520033
63.895365 3.17550478
63.994121 3.17580909
64.092878 3.17611326
64.191634 3.17641731
64.290390 3.17672122
64.389147 3.17702500
64.487903 3.17732865
64.586659 3.17763216
64.685416 3.17793554
64.784172 3.17823878
64.882928 3.17854190
64.981685 3.17884487
65.080441 3.17914772
65.179198 3.17945043
65.277954 3.17975301
65.376710 3.18005546
65.475467 3.18035777
65.574223 3.18065995
65.672979 3.18096200
65.771736 3.18126391
65.870492 3.18156569
65.969248 3.18186734
66.068005 3.18216885
66.166761 3.18247023
66.265518 3.18277148
66.364274 3.18307259
66.463030 3.18337357
66.561787 3.18367442
66.660543 3.18397513
66.759299 3.18427571
66.858056 3.18457616
66.956812 3.18487647
67.055568 3.18517665
67.154325 3.18547670
67.253081 3.18577661
67.351837 3.18607639
67.450594 3.18637604
67.549350 3.18667555
67.648107 3.18697493
67.746863 3.18727418
67.845619 3.18757329
67.944376 3.18787227
68.043132 3.18817112
68.141888 3.18846983
68.240645 3.18876842
68.339401 3.18906686
68.438157 3.18936518
68.536914 3.18966336
68.635670 3.18996141
68.734427 3.19025932
68.833183 3.19055710
68.931939 3.19085475
69.030696 3.19115226
69.129452 3.19144964
69.228208 3.19174689
69.326965 3.19204401
69.425721 3.19234099
69.524477 3.19263784
69.623234 3.19293455
69.721990 3.19323113
69.820746 3.19352758
69.919503 3.19382390
70.018259 3.19412008
70.117016 3.19441613
70.215772 3.19471205
70.314528 3.19500783
70.413285 3.19530348
70.512041 3.19559899
70.610797 3.19589438
70.709554 3.19618963
70.808310 3.19648474
70.907066 3.19677973
71.005823 3.19707458
71.104579 3.19736929
71.203336 3.19766388
71.302092 3.19795833
71.400848 3.19825264
71.499605 3.19854683
71.598361 3.19884088
71.697117 3.19913481
71.795874 3.19942873
71.894630 3.19972265
71.993386 3.20001656
72.092143 3.20031048
72.190899 3.20060440
72.289655 3.20089832
72.388412 3.20119226
72.487168 3.20148636
72.585925 3.20178011
