0.098756 1.65390566
0.197513 1.65390727
0.296269 1.65390555
0.395025 1.65390536
0.493782 1.65390538
0.592538 1.65390539
0.691295 1.65390542
0.790051 1.65390544
0.888807 1.65390547
0.987564 1.65390550
1.086320 1.65390555
1.185076 1.65390559
1.283833 1.65390564
1.382589 1.65390570
1.481345 1.65390577
1.580102 1.65390584
1.678858 1.65390592
1.777614 1.65390601
1.876371 1.65390611
1.975127 1.65390622
2.073884 1.65390634
2.172640 1.65390647
2.271396 1.65390662
2.370153 1.65390677
2.468909 1.65390695
2.567665 1.65390713
2.666422 1.65390732
2.765178 1.65390753
2.863934 1.65390776
2.962691 1.65390800
3.061447 1.65390826
3.160204 1.65390853
3.258960 1.65390883
3.357716 1.65390914
3.456473 1.65390947
3.555229 1.65390981
3.653985 1.65391018
3.752742 1.65391057
3.851498 1.65391098
3.950254 1.65391141
4.049011 1.65391186
4.147767 1.65391233
4.246523 1.65391284
4.345280 1.65391336
4.444036 1.65391391
4.542793 1.65391448
4.641549 1.65391508
4.740305 1.65391570
4.839062 1.65391636
4.937818 1.65391703
5.036574 1.65391775
5.135331 1.65391848
5.234087 1.65391926
5.332843 1.65392005
5.431600 1.65392089
5.530356 1.65392174
5.629113 1.65392264
5.727869 1.65392357
5.826625 1.65392454
5.925382 1.65392553
6.024138 1.65392657
6.122894 1.65392763
6.221651 1.65392875
6.320407 1.65392989
6.419163 1.65393107
6.517920 1.65393229
6.616676 1.65393356
6.715432 1.65393486
6.814189 1.65393621
6.912945 1.65393759
7.011702 1.65393903
7.110458 1.65394050
7.209214 1.65394202
7.307971 1.65394358
7.406727 1.65394520
7.505483 1.65394685
7.604240 1.65394856
7.702996 1.65395031
7.801752 1.65395212
7.900509 1.65395397
7.999265 1.65395588
8.098022 1.65395783
8.196778 1.65395985
8.295534 1.65396191
8.394291 1.65396403
8.493047 1.65396620
8.591803 1.65396844
8.690560 1.65397072
8.789316 1.65397307
8.888072 1.65397547
8.986829 1.65397794
9.085585 1.65398046
9.184341 1.65398306
9.283098 1.65398570
9.381854 1.65398842
9.480611 1.65399119
9.579367 1.65399404
9.678123 1.65399694
9.776880 1.65399992
9.875636 1.65400296
9.974392 1.65400608
10.073149 1.65400925
10.171905 1.65401251
10.270661 1.65401583
10.369418 1.65401923
10.468174 1.65402269
10.566931 1.65402624
10.665687 1.65402985
10.764443 1.65403355
10.863200 1.65403732
10.961956 1.65404117
11.060712 1.65404509
11.159469 1.65404910
11.258225 1.65405318
11.356981 1.65405734
11.455738 1.65406159
11.554494 1.65406592
11.653250 1.65407032
11.752007 1.65407482
11.850763 1.65407939
11.949520 1.65408405
12.048276 1.65408879
12.147032 1.65409362
12.245789 1.65409853
12.344545 1.65410353
12.443301 1.65410861
12.542058 1.65411378
12.640814 1.65411903
12.739570 1.65412437
12.838327 1.65412978
12.937083 1.65413528
13.035840 1.65414086
13.134596 1.65414652
13.233352 1.65415226
13.332109 1.65415807
13.430865 1.65416395
13.529621 1.65416991
13.628378 1.65417592
13.727134 1.65418200
13.825890 1.65418814
13.924647 1.65419432
14.023403 1.65420055
14.122159 1.65420681
14.220916 1.65421309
14.319672 1.65421939
14.418429 1.65422569
14.517185 1.65423198
14.615941 1.65423824
14.714698 1.65424445
14.813454 1.65425060
14.912210 1.65425665
15.010967 1.65426259
15.109723 1.65426837
15.208479 1.65427398
15.307236 1.65427935
15.405992 1.65428445
15.504749 1.65428923
15.603505 1.65429363
15.702261 1.65429758
15.801018 1.65430101
15.899774 1.65430382
15.998530 1.65430593
16.097287 1.65430722
16.196043 1.65430757
16.294799 1.65430684
16.393556 1.65430487
16.492312 1.65430148
16.591068 1.65429647
16.689825 1.65428960
16.788581 1.65428063
16.887338 1.65426925
16.986094 1.65425515
17.084850 1.65423794
17.183607 1.65421722
17.282363 1.65419250
17.381119 1.65416328
17.479876 1.65412893
17.578632 1.65408882
17.677388 1.65404216
17.776145 1.65398815
17.874901 1.65392579
17.973658 1.65385407
18.072414 1.65377175
18.171170 1.65367754
18.269927 1.65356990
18.368683 1.65344720
18.467439 1.65330753
18.566196 1.65314884
18.664952 1.65296873
18.763708 1.65276466
18.862465 1.65253365
18.961221 1.65227251
19.059977 1.65197757
19.158734 1.65164483
19.257490 1.65126978
19.356247 1.65084745
19.455003 1.65037225
19.553759 1.64983805
19.652516 1.64923796
19.751272 1.64856443
19.850028 1.64780896
19.948785 1.64696226
20.047541 1.64601392
20.146297 1.64495253
20.245054 1.64376533
20.343810 1.64243834
20.442567 1.64095599
20.541323 1.63930118
20.640079 1.63745492
20.738836 1.63539637
20.837592 1.63310241
20.936348 1.63054769
21.035105 1.62770414
21.133861 1.62454099
21.232617 1.62102422
21.331374 1.61711655
21.430130 1.61277681
21.528886 1.60795992
21.627643 1.60261612
21.726399 1.59669087
21.825156 1.59012399
21.923912 1.58284940
22.022668 1.57479403
22.121425 1.56587731
22.220181 1.55600977
22.318937 1.54509203
22.417694 1.53301276
22.516450 1.51964682
22.615206 1.50485209
22.713963 1.48846602
22.812719 1.47030037
22.911476 1.45013473
23.010232 1.42770745
23.108988 1.40270345
23.207745 1.37473775
23.306501 1.34333256
23.405257 1.30788666
23.504014 1.26763161
23.602770 1.22157386
23.701526 1.16841055
23.800283 1.10641855
23.899039 1.03329200
23.997795 0.94592804
24.096552 0.84011556
24.195308 0.71012079
24.294065 0.54811435
24.392821 0.34335085
24.491577 0.08122732
24.590334 -0.25823382
24.689090 -0.70032448
24.787846 -1.26306965
24.886603 -1.88829740
24.985359 -2.33460702
25.084115 -2.37564615
25.182872 -2.17085165
25.281628 -2.03647304
25.380385 -2.12358614
25.479141 -2.48503596
25.577897 -3.17449701
25.676654 -4.26388025
25.775410 -5.80508617
25.874166 -7.71617124
25.972923 -9.59729181
26.071679 -10.74547209
26.170435 -10.70300701
26.269192 -9.81219979
26.367948 -8.92121782
26.466704 -8.68593334
26.565461 -9.27547877
26.664217 -10.35145286
26.762974 -11.13046416
26.861730 -10.83894244
26.960486 -9.40044401
27.059243 -7.44123892
27.157999 -5.61740246
27.256755 -4.22673246
27.355512 -3.30812497
27.454268 -2.81665047
27.553024 -2.70966732
27.651781 -2.97702524
27.750537 -3.64544243
27.849294 -4.76616831
27.948050 -6.36665818
28.046806 -8.32380595
28.145563 -10.18210277
28.244319 -11.21952682
28.343075 -11.04432430
28.441832 -10.08602338
28.540588 -9.20665207
28.639344 -9.01788869
28.738101 -9.63740871
28.836857 -10.67484910
28.935613 -11.31890064
29.034370 -10.84739392
29.133126 -9.28172803
29.231883 -7.28664262
29.330639 -5.48540364
29.429395 -4.13611179
29.528152 -3.25990703
29.626908 -2.80856291
29.725664 -2.74137357
29.824421 -3.05163607
29.923177 -3.76907409
30.021933 -4.94502981
30.120690 -6.59796565
30.219446 -8.57527855
30.318203 -10.37818446
30.416959 -11.28390161
30.515715 -10.98063074
30.614472 -9.98092817
30.713228 -9.14869965
30.811984 -9.04491974
30.910741 -9.73188403
31.009497 -10.76406328
31.108253 -11.30530223
31.207010 -10.69124946
31.305766 -9.03801113
31.404522 -7.03907070
31.503279 -5.28155108
31.602035 -3.98658344
31.700792 -3.16039368
31.799548 -2.75295773
31.898304 -2.72633768
31.997061 -3.07777682
32.095817 -3.84017868
32.194573 -5.06466343
32.293330 -6.75936844
32.392086 -8.74009191
32.490842 -10.46650513
32.589599 -11.22458454
32.688355 -10.78886323
32.787112 -9.74756042
32.885868 -8.95647114
32.984624 -8.92271294
33.083381 -9.65202229
33.182137 -10.64333163
33.280893 -11.04195841
33.379650 -10.24964149
33.478406 -8.47450539
33.577162 -6.43083554
33.675919 -4.67004596
33.774675 -3.38422566
33.873431 -2.57404869
33.972188 -2.19574190
34.070944 -2.21901396
34.169701 -2.64513118
34.268457 -3.50552167
34.367213 -4.84346601
34.465970 -6.64804626
34.564726 -8.69571951
34.663482 -10.40332729
34.762239 -11.07338419
34.860995 -10.57161228
34.959751 -9.55546376
35.058508 -8.86632836
35.157264 -8.95800203
35.256021 -9.78145171
35.354777 -10.78303212
35.453533 -11.09913256
35.552290 -10.20659805
35.651046 -8.40101200
35.749802 -6.40601624
35.848559 -4.72964796
35.947315 -3.52728105
36.046071 -2.78183206
36.144828 -2.44198915
36.243584 -2.47565758
36.342340 -2.88726171
36.441097 -3.71444609
36.539853 -5.00473575
36.638610 -6.73907578
36.737366 -8.66197934
36.836122 -10.15605368
36.934879 -10.55277012
37.033635 -9.81353828
37.132391 -8.65639792
37.231148 -7.90021652
37.329904 -7.94338889
37.428660 -8.68051633
37.527417 -9.50579362
37.626173 -9.55320877
37.724929 -8.37707881
37.823686 -6.34847644
37.922442 -4.18765126
38.021199 -2.36155744
38.119955 -1.00491138
38.218711 -0.10375202
38.317468 0.38721272
38.416224 0.51114005
38.514980 0.32185566
38.613737 -0.02894135
38.712493 -0.20908157
38.811249 0.01395020
38.910006 0.46472514
39.008762 0.88840820
39.107519 1.20695190
39.206275 1.43195408
39.305031 1.58545005
39.403788 1.68456935
39.502544 1.74228061
39.601300 1.76890238
39.700057 1.77389422
39.798813 1.76668676
39.897569 1.75654540
39.996326 1.75164784
40.095082 1.76421587
40.193838 1.79690789
40.292595 1.84496449
40.391351 1.90158512
40.490108 1.96072505
40.588864 2.01836726
40.687620 2.07246915
40.786377 2.12231246
40.885133 2.16778695
40.983889 2.20895684
41.082646 2.24592626
41.181402 2.27874196
41.280158 2.30744485
41.378915 2.33204309
41.477671 2.35253621
41.576428 2.36892367
41.675184 2.38121341
41.773940 2.38946711
41.872697 2.39399485
41.971453 2.39601800
42.070209 2.39730485
42.168966 2.39871040
42.267722 2.40089401
42.366478 2.40387319
42.465235 2.40727249
42.563991 2.41040832
42.662747 2.41220562
42.761504 2.41104433
42.860260 2.40450413
42.959017 2.38899709
43.057773 2.35930053
43.156529 2.30768666
43.255286 2.22355017
43.354042 2.09551113
43.452798 1.92010597
43.551555 1.72292510
43.650311 1.57131552
43.749067 1.53748490
43.847824 1.63101133
43.946580 1.78828727
44.045337 1.93325773
44.144093 2.02491620
44.242849 2.05461570
44.341606 2.02613943
44.440362 1.94406795
44.539118 1.81219539
44.637875 1.63818774
44.736631 1.44632235
44.835387 1.28945629
44.934144 1.22534165
45.032900 1.25826847
45.131656 1.32237536
45.230413 1.33264595
45.329169 1.23157079
45.427926 1.00499473
45.526682 0.70758791
45.625438 0.47894998
45.724195 0.46867592
45.822951 0.70203937
45.921707 1.05904151
46.020464 1.39559293
46.119220 1.63750161
46.217976 1.77427607
46.316733 1.81872013
46.415489 1.78288775
46.514246 1.67253156
46.613002 1.48756884
46.711758 1.22552551
46.810515 0.89423955
46.909271 0.54038346
47.008027 0.26876571
47.106784 0.18610922
47.205540 0.29974729
47.304296 0.53064230
47.403053 0.80545359
47.501809 1.06079735
47.600565 1.26239254
47.699322 1.44626733
47.798078 1.64645915
47.896835 1.83716591
47.995591 1.99025245
48.094347 2.10481081
48.193104 2.18956170
48.291860 2.25251192
48.390616 2.29952325
48.489373 2.33458400
48.588129 2.36038825
48.686885 2.37865241
48.785642 2.39051541
48.884398 2.39649100
48.983155 2.39835189
49.081911 2.39916648
49.180667 2.39977569
49.279424 2.40032167
49.378180 2.40084027
49.476936 2.40134479
49.575693 2.40184142
49.674449 2.40233335
49.773205 2.40282240
49.871962 2.40330960
49.970718 2.40379562
50.069474 2.40428085
50.168231 2.40476555
50.266987 2.40524989
50.365744 2.40573400
50.464500 2.40621793
50.563256 2.40670175
50.662013 2.40718549
50.760769 2.40766909
50.859525 2.40815192
50.958282 2.40863390
51.057038 2.40911505
51.155794 2.40959537
51.254551 2.41007487
51.353307 2.41055355
51.452064 2.41103141
51.550820 2.41150846
51.649576 2.41198468
51.748333 2.41246010
51.847089 2.41293470
51.945845 2.41340849
52.044602 2.41388146
52.143358 2.41435363
52.242114 2.41482498
52.340871 2.41529551
52.439627 2.41576524
52.538383 2.41623415
52.637140 2.41670225
52.735896 2.41716954
52.834653 2.41763602
52.933409 2.41810168
53.032165 2.41856654
53.130922 2.41903058
53.229678 2.41949381
53.328434 2.41995623
53.427191 2.42041784
53.525947 2.42087863
53.624703 2.42133861
53.723460 2.42179779
53.822216 2.42225615
53.920973 2.42271369
54.019729 2.42317043
54.118485 2.42362636
54.217242 2.42408147
54.315998 2.42453577
54.414754 2.42498926
54.513511 2.42544194
54.612267 2.42589381
54.711023 2.42634486
54.809780 2.42679511
54.908536 2.42724454
55.007292 2.42769316
55.106049 2.42814097
55.204805 2.42858797
55.303562 2.42903415
55.402318 2.42947953
55.501074 2.42992409
55.599831 2.43036784
55.698587 2.43081078
55.797343 2.43125291
55.896100 2.43169423
55.994856 2.43213473
56.093612 2.43257442
56.192369 2.43301331
56.291125 2.43345138
56.389882 2.43388864
56.488638 2.43432508
56.587394 2.43476072
56.686151 2.43519554
56.784907 2.43562956
56.883663 2.43606276
56.982420 2.43649515
57.081176 2.43692672
57.179932 2.43735749
57.278689 2.43778745
57.377445 2.43821659
57.476201 2.43864492
57.574958 2.43907244
57.673714 2.43949915
57.772471 2.43992505
57.871227 2.44035013
57.969983 2.44077441
58.068740 2.44119787
58.167496 2.44162052
58.266252 2.44204236
58.365009 2.44246339
58.463765 2.44288360
58.562521 2.44330301
58.661278 2.44372160
58.760034 2.44413938
58.858791 2.44455635
58.957547 2.44497251
59.056303 2.44538785
59.155060 2.44580239
59.253816 2.44621611
59.352572 2.44662902
59.451329 2.44704112
59.550085 2.44745241
59.648841 2.44786289
59.747598 2.44827255
59.846354 2.44868141
59.945110 2.44908945
60.043867 2.44949668
60.142623 2.44990310
60.241380 2.45030870
60.340136 2.45071350
60.438892 2.45111748
60.537649 2.45152065
60.636405 2.45192301
60.735161 2.45232456
60.833918 2.45272530
60.932674 2.45312522
61.031430 2.45352434
61.130187 2.45392264
61.228943 2.45432013
61.327700 2.45471680
61.426456 2.45511267
61.525212 2.45550773
61.623969 2.45590197
61.722725 2.45629540
61.821481 2.45668802
61.920238 2.45707983
62.018994 2.45747082
62.117750 2.45786101
62.216507 2.45825038
62.315263 2.45863894
62.414019 2.45902669
62.512776 2.45941362
62.611532 2.45979975
62.710289 2.46018506
62.809045 2.46056956
62.907801 2.46095325
63.006558 2.46133613
63.105314 2.46171820
63.204070 2.46209945
63.302827 2.46247989
63.401583 2.46285952
63.500339 2.46323834
63.599096 2.46361635
63.697852 2.46399354
63.796609 2.46436993
63.895365 2.46474550
63.994121 2.46512026
64.092878 2.46549420
64.191634 2.46586734
64.290390 2.46623966
64.389147 2.46661117
64.487903 2.46698187
64.586659 2.46735176
64.685416 2.46772084
64.784172 2.46808910
64.882928 2.46845655
64.981685 2.46882319
65.080441 2.46918902
65.179198 2.46955404
65.277954 2.46991824
65.376710 2.47028164
65.475467 2.47064422
65.574223 2.47100599
65.672979 2.47136694
65.771736 2.47172709
65.870492 2.47208642
65.969248 2.47244494
66.068005 2.47280265
66.166761 2.47315955
66.265518 2.47351563
66.364274 2.47387090
66.463030 2.47422536
66.561787 2.47457901
66.660543 2.47493185
66.759299 2.47528387
66.858056 2.47563509
66.956812 2.47598549
67.055568 2.47633508
67.154325 2.47668385
67.253081 2.47703182
67.351837 2.47737897
67.450594 2.47772531
67.549350 2.47807084
67.648107 2.47841556
67.746863 2.47875946
67.845619 2.47910255
67.944376 2.47944484
68.043132 2.47978630
68.141888 2.48012696
68.240645 2.48046680
68.339401 2.48080584
68.438157 2.48114406
68.536914 2.48148146
68.635670 2.48181806
68.734427 2.48215384
68.833183 2.48248882
68.931939 2.48282298
69.030696 2.48315632
69.129452 2.48348886
69.228208 2.48382058
69.326965 2.48415150
69.425721 2.48448159
69.524477 2.48481088
69.623234 2.48513936
69.721990 2.48546702
69.820746 2.48579387
69.919503 2.48611991
70.018259 2.48644514
70.117016 2.48676955
70.215772 2.48709315
70.314528 2.48741594
70.413285 2.48773792
70.512041 2.48805909
70.610797 2.48837944
70.709554 2.48869898
70.808310 2.48901771
70.907066 2.48933563
71.005823 2.48965274
71.104579 2.48996903
71.203336 2.49028451
71.302092 2.49059918
71.400848 2.49091304
71.499605 2.49122608
71.598361 2.49153831
71.697117 2.49184980
71.795874 2.49216122
71.894630 2.49247264
71.993386 2.49278406
72.092143 2.49309549
72.190899 2.49340691
72.289655 2.49371833
72.388412 2.49402977
72.487168 2.49434142
72.585925 2.49465263
