0.098756 1.64702876
0.197513 1.64703039
0.296269 1.64702865
0.395025 1.64702849
0.493782 1.64702853
0.592538 1.64702856
0.691295 1.64702858
0.790051 1.64702861
0.888807 1.64702863
0.987564 1.64702864
1.086320 1.64702865
1.185076 1.64702866
1.283833 1.64702865
1.382589 1.64702865
1.481345 1.64702863
1.580102 1.64702860
1.678858 1.64702857
1.777614 1.64702853
1.876371 1.64702848
1.975127 1.64702842
2.073884 1.64702834
2.172640 1.64702826
2.271396 1.64702816
2.370153 1.64702806
2.468909 1.64702794
2.567665 1.64702781
2.666422 1.64702766
2.765178 1.64702750
2.863934 1.64702732
2.962691 1.64702713
3.061447 1.64702692
3.160204 1.64702669
3.258960 1.64702645
3.357716 1.64702619
3.456473 1.64702591
3.555229 1.64702561
3.653985 1.64702529
3.752742 1.64702495
3.851498 1.64702459
3.950254 1.64702421
4.049011 1.64702381
4.147767 1.64702339
4.246523 1.64702293
4.345280 1.64702246
4.444036 1.64702196
4.542793 1.64702144
4.641549 1.64702089
4.740305 1.64702032
4.839062 1.64701972
4.937818 1.64701909
5.036574 1.64701843
5.135331 1.64701775
5.234087 1.64701703
5.332843 1.64701628
5.431600 1.64701550
5.530356 1.64701470
5.629113 1.64701385
5.727869 1.64701298
5.826625 1.64701207
5.925382 1.64701113
6.024138 1.64701015
6.122894 1.64700914
6.221651 1.64700808
6.320407 1.64700700
6.419163 1.64700587
6.517920 1.64700471
6.616676 1.64700350
6.715432 1.64700226
6.814189 1.64700097
6.912945 1.64699965
7.011702 1.64699827
7.110458 1.64699686
7.209214 1.64699540
7.307971 1.64699390
7.406727 1.64699235
7.505483 1.64699076
7.604240 1.64698912
7.702996 1.64698743
7.801752 1.64698569
7.900509 1.64698391
7.999265 1.64698206
8.098022 1.64698018
8.196778 1.64697823
8.295534 1.64697624
8.394291 1.64697419
8.493047 1.64697209
8.591803 1.64696993
8.690560 1.64696772
8.789316 1.64696544
8.888072 1.64696311
8.986829 1.64696072
9.085585 1.64695827
9.184341 1.64695575
9.283098 1.64695318
9.381854 1.64695054
9.480611 1.64694785
9.579367 1.64694507
9.678123 1.64694225
9.776880 1.64693934
9.875636 1.64693638
9.974392 1.64693334
10.073149 1.64693024
10.171905 1.64692706
10.270661 1.64692381
10.369418 1.64692049
10.468174 1.64691710
10.566931 1.64691362
10.665687 1.64691008
10.764443 1.64690645
10.863200 1.64690275
10.961956 1.64689896
11.060712 1.64689510
11.159469 1.64689115
11.258225 1.64688712
11.356981 1.64688300
11.455738 1.64687881
11.554494 1.64687451
11.653250 1.64687014
11.752007 1.64686567
11.850763 1.64686111
11.949520 1.64685645
12.048276 1.64685171
12.147032 1.64684686
12.245789 1.64684192
12.344545 1.64683687
12.443301 1.64683172
12.542058 1.64682646
12.640814 1.64682110
12.739570 1.64681562
12.838327 1.64681004
12.937083 1.64680433
13.035840 1.64679851
13.134596 1.64679256
13.233352 1.64678649
13.332109 1.64678028
13.430865 1.64677394
13.529621 1.64676745
13.628378 1.64676082
13.727134 1.64675402
13.825890 1.64674708
13.924647 1.64673995
14.023403 1.64673266
14.122159 1.64672516
14.220916 1.64671748
14.319672 1.64670957
14.418429 1.64670145
14.517185 1.64669307
14.615941 1.64668444
14.714698 1.64667551
14.813454 1.64666629
14.912210 1.64665674
15.010967 1.64664683
15.109723 1.64663651
15.208479 1.64662578
15.307236 1.64661457
15.405992 1.64660284
15.504749 1.64659054
15.603505 1.64657761
15.702261 1.64656397
15.801018 1.64654957
15.899774 1.64653429
15.998530 1.64651806
16.097287 1.64650074
16.196043 1.64648224
16.294799 1.64646240
16.393556 1.64644106
16.492312 1.64641804
16.591068 1.64639315
16.689825 1.64636615
16.788581 1.64633680
16.887338 1.64630479
16.986094 1.64626981
17.084850 1.64623148
17.183607 1.64618940
17.282363 1.64614309
17.381119 1.64609205
17.479876 1.64603568
17.578632 1.64597332
17.677388 1.64590422
17.776145 1.64582758
17.874901 1.64574243
17.973658 1.64564775
18.072414 1.64554235
18.171170 1.64542494
18.269927 1.64529402
18.368683 1.64514797
18.467439 1.64498494
18.566196 1.64480288
18.664952 1.64459948
18.763708 1.64437220
18.862465 1.64411816
18.961221 1.64383418
19.059977 1.64351671
19.158734 1.64316180
19.257490 1.64276503
19.356247 1.64232153
19.455003 1.64182583
19.553759 1.64127190
19.652516 1.64065302
19.751272 1.63996174
19.850028 1.63918980
19.948785 1.63832804
20.047541 1.63736631
20.146297 1.63629339
20.245054 1.63509683
20.343810 1.63376288
20.442567 1.63227636
20.541323 1.63062044
20.640079 1.62877660
20.738836 1.62672434
20.837592 1.62444111
20.936348 1.62190198
21.035105 1.61907952
21.133861 1.61594347
21.232617 1.61246060
21.331374 1.60859420
21.430130 1.60430404
21.528886 1.59954568
21.627643 1.59427043
21.726399 1.58842451
21.825156 1.58194891
21.923912 1.57477838
22.022668 1.56684114
22.121425 1.55805752
22.220181 1.54833942
22.318937 1.53758834
22.417694 1.52569436
22.516450 1.51253317
22.615206 1.49796406
22.713963 1.48182516
22.812719 1.46392951
22.911476 1.44405715
23.010232 1.42194749
23.108988 1.39728550
23.207745 1.36968686
23.306501 1.33867328
23.405257 1.30364359
23.504014 1.26382801
23.602770 1.21823217
23.701526 1.16555080
23.800283 1.10405871
23.899039 1.03144625
23.997795 0.94460691
24.096552 0.83932416
24.195308 0.70985875
24.294065 0.54837415
24.392821 0.34411768
24.491577 0.08247793
24.590334 -0.25653113
24.689090 -0.69821007
24.787846 -1.26059224
24.886603 -1.88551311
24.985359 -2.33157861
25.084115 -2.37246752
25.182872 -2.16757733
25.281628 -2.03316160
25.380385 -2.12030079
25.479141 -2.48184399
25.577897 -3.17146780
25.676654 -4.26108469
25.775410 -5.80259209
25.874166 -7.71403927
25.972923 -9.59556958
26.071679 -10.74418973
26.170435 -10.70216874
26.269192 -9.81176814
26.367948 -8.92110854
26.466704 -8.68602063
26.565461 -9.27560684
26.664217 -10.35144586
26.762974 -11.13014040
26.861730 -10.83813748
26.960486 -9.39904018
27.059243 -7.43918650
27.157999 -5.61471986
27.256755 -4.22349388
27.355512 -3.30444854
27.454268 -2.81268374
27.553024 -2.70557468
27.651781 -2.97297693
27.750537 -3.64160454
27.849294 -4.76269219
27.948050 -6.36366531
28.046806 -8.32137105
28.145563 -10.18023504
28.244319 -11.21815450
28.343075 -11.04329607
28.441832 -10.08513326
28.540588 -9.20566747
28.639344 -9.01657216
28.738101 -9.63553718
28.836857 -10.67223390
28.935613 -11.31540845
29.034370 -10.84295937
29.133126 -9.27634461
29.231883 -7.28034579
29.330639 -5.47826528
29.429395 -4.12823919
29.528152 -3.25143764
29.626908 -2.79965627
29.725664 -2.73220245
29.824421 -3.04237590
29.923177 -3.75989280
30.021933 -4.93607800
30.120690 -6.58936401
30.219446 -8.56710414
30.318203 -10.37045757
30.416959 -11.27658134
30.515715 -10.97364127
30.614472 -9.97421180
30.713228 -9.14227326
30.811984 -9.03892470
30.910741 -9.72662475
31.009497 -10.76003991
31.108253 -11.30320792
31.207010 -10.69187350
31.305766 -9.04205092
31.404522 -7.04696644
31.503279 -5.29347228
31.602035 -4.00251464
31.700792 -3.18022551
31.799548 -2.77659082
31.898304 -2.75380216
31.997061 -3.10933552
32.095817 -3.87641296
32.194573 -5.10651658
32.293330 -6.80813627
32.392086 -8.79739968
32.490842 -10.53429621
32.589599 -11.30513458
32.688355 -10.88476284
32.787112 -9.86165068
32.885868 -9.09188614
32.984624 -9.08305400
33.083381 -9.84153189
33.182137 -10.86703246
33.280893 -11.30565364
33.379650 -10.55957753
33.478406 -8.83657235
33.577162 -6.84930783
33.675919 -5.14585028
33.774675 -3.91282142
33.873431 -3.14370610
33.972188 -2.78761049
34.070944 -2.80981803
34.169701 -3.21180323
34.268457 -4.02974097
34.367213 -5.31411984
34.465970 -7.06109942
34.564726 -9.05245104
34.663482 -10.70823541
34.762239 -11.33251614
34.860995 -10.79133417
34.959751 -9.74162136
35.058508 -9.02389448
35.157264 -9.09101734
35.256021 -9.89307893
35.354777 -10.87568416
35.453533 -11.17462709
35.552290 -10.26635854
35.651046 -8.44631544
35.749802 -6.43819766
35.848559 -4.75011418
35.947315 -3.53735377
36.046071 -2.78259380
36.144828 -2.43417252
36.243584 -2.45960623
36.342340 -2.86298987
36.441097 -3.68175425
36.539853 -4.96334683
36.638610 -6.68882044
36.737366 -8.60300914
36.836122 -10.08898321
36.934879 -10.47866922
37.033635 -9.73368836
37.132391 -8.57193857
37.231148 -7.81183519
37.329904 -7.85102922
37.428660 -8.58317439
37.527417 -9.40135953
37.626173 -9.43854245
37.724929 -8.24865436
37.823686 -6.20331233
37.922442 -4.02384243
38.021199 -2.17804258
38.119955 -0.80078587
38.218711 0.12213046
38.317468 0.63585800
38.416224 0.78376077
38.514980 0.62016109
38.613737 0.29734563
38.712493 0.14807917
38.811249 0.40536977
38.910006 0.89406975
39.008762 1.35939488
39.107519 1.72320555
39.206275 1.99686543
39.305031 2.20209578
39.403788 2.35567972
39.502544 2.46991899
39.601300 2.55346090
39.700057 2.61232195
39.798813 2.65036099
39.897569 2.67006445
39.996326 2.67427945
40.095082 2.67434354
40.193838 2.67385993
40.292595 2.67325466
40.391351 2.67260562
40.490108 2.67193588
40.588864 2.67125462
40.687620 2.67056620
40.786377 2.66987298
40.885133 2.66917641
40.983889 2.66847742
41.082646 2.66777662
41.181402 2.66707446
41.280158 2.66637122
41.378915 2.66566713
41.477671 2.66496237
41.576428 2.66425722
41.675184 2.66355221
41.773940 2.66284865
41.872697 2.66214993
41.971453 2.66146616
42.070209 2.66083587
42.168966 2.66043645
42.267722 2.66095458
42.366478 2.66235564
42.465235 2.66419875
42.563991 2.66577486
42.662747 2.66600446
42.761504 2.66327120
42.860260 2.65516148
42.959017 2.63809426
43.057773 2.60685271
43.156529 2.55371232
43.255286 2.46806805
43.354042 2.33853665
43.452798 2.16164917
43.551555 1.96299432
43.650311 1.80992700
43.749067 1.77466745
43.847824 1.86680003
43.946580 2.02271116
44.045337 2.16633037
44.144093 2.25663339
44.242849 2.28495616
44.341606 2.25506639
44.440362 2.17153391
44.539118 2.03814873
44.637875 1.86257941
44.736631 1.66911323
44.835387 1.51062428
44.934144 1.44488528
45.032900 1.47620666
45.131656 1.53874303
45.230413 1.54748619
45.329169 1.44492511
45.427926 1.21689296
45.526682 0.91804132
45.625438 0.68794698
45.724195 0.67618782
45.822951 0.90803992
45.921707 1.26352001
46.020464 1.59855156
46.119220 1.83894599
46.217976 1.97420580
46.316733 2.01712554
46.415489 1.97975224
46.514246 1.86783427
46.613002 1.68128751
46.711758 1.41764073
46.810515 1.08473985
46.909271 0.72927045
47.008027 0.45605841
47.106784 0.37184041
47.205540 0.48394997
47.304296 0.71333804
47.403053 0.98664669
47.501809 1.24047384
47.600565 1.44052286
47.699322 1.62281001
47.798078 1.82136659
47.896835 2.01039121
47.995591 2.16175570
48.094347 2.27456309
48.193104 2.35754828
48.291860 2.41873399
48.390616 2.46399900
48.489373 2.49735049
48.588129 2.52150319
48.686885 2.53819685
48.785642 2.54858900
48.884398 2.55321175
48.983155 2.55381559
49.081911 2.55340690
49.180667 2.55280497
49.279424 2.55214649
49.378180 2.55146488
49.476936 2.55077204
49.575693 2.55007323
49.674449 2.54937106
49.773205 2.54866693
49.871962 2.54796160
49.970718 2.54725554
50.069474 2.54654902
50.168231 2.54584220
50.266987 2.54513521
50.365744 2.54442809
50.464500 2.54372089
50.563256 2.54301364
50.662013 2.54230637
50.760769 2.54159949
50.859525 2.54089704
50.958282 2.54019942
51.057038 2.53950665
51.155794 2.53881873
51.254551 2.53813566
51.353307 2.53745743
51.452064 2.53678405
51.550820 2.53611553
51.649576 2.53545185
51.748333 2.53479302
51.847089 2.53413905
51.945845 2.53348992
52.044602 2.53284564
52.143358 2.53220621
52.242114 2.53157164
52.340871 2.53094191
52.439627 2.53031703
52.538383 2.52969700
52.637140 2.52908182
52.735896 2.52847149
52.834653 2.52786601
52.933409 2.52726538
53.032165 2.52666960
53.130922 2.52607867
53.229678 2.52549258
53.328434 2.52491135
53.427191 2.52433496
53.525947 2.52376343
53.624703 2.52319674
53.723460 2.52263490
53.822216 2.52207792
53.920973 2.52152578
54.019729 2.52097849
54.118485 2.52043605
54.217242 2.51989845
54.315998 2.51936571
54.414754 2.51883782
54.513511 2.51831477
54.612267 2.51779658
54.711023 2.51728323
54.809780 2.51677473
54.908536 2.51627108
55.007292 2.51577228
55.106049 2.51527833
55.204805 2.51478922
55.303562 2.51430497
55.402318 2.51382556
55.501074 2.51335101
55.599831 2.51288130
55.698587 2.51241644
55.797343 2.51195643
55.896100 2.51150126
55.994856 2.51105095
56.093612 2.51060548
56.192369 2.51016487
56.291125 2.50972910
56.389882 2.50929818
56.488638 2.50887210
56.587394 2.50845088
56.686151 2.50803451
56.784907 2.50762298
56.883663 2.50721630
56.982420 2.50681447
57.081176 2.50641749
57.179932 2.50602535
57.278689 2.50563807
57.377445 2.50525563
57.476201 2.50487804
57.574958 2.50450530
57.673714 2.50413741
57.772471 2.50377437
57.871227 2.50341617
57.969983 2.50306282
58.068740 2.50271432
58.167496 2.50237067
58.266252 2.50203186
58.365009 2.50169791
58.463765 2.50136880
58.562521 2.50104454
58.661278 2.50072513
58.760034 2.50041056
58.858791 2.50010085
58.957547 2.49979598
59.056303 2.49949596
59.155060 2.49920079
59.253816 2.49891046
59.352572 2.49862499
59.451329 2.49834436
59.550085 2.49806858
59.648841 2.49779764
59.747598 2.49753156
59.846354 2.49727032
59.945110 2.49701393
60.043867 2.49676239
60.142623 2.49651569
60.241380 2.49627384
60.340136 2.49603685
60.438892 2.49580469
60.537649 2.49557739
60.636405 2.49535493
60.735161 2.49513732
60.833918 2.49492456
60.932674 2.49471665
61.031430 2.49451358
61.130187 2.49431536
61.228943 2.49412199
61.327700 2.49393347
61.426456 2.49374979
61.525212 2.49357097
61.623969 2.49339699
61.722725 2.49322785
61.821481 2.49306357
61.920238 2.49290413
62.018994 2.49274954
62.117750 2.49259979
62.216507 2.49245490
62.315263 2.49231485
62.414019 2.49217965
62.512776 2.49204929
62.611532 2.49192379
62.710289 2.49180313
62.809045 2.49168731
62.907801 2.49157635
63.006558 2.49147023
63.105314 2.49136896
63.204070 2.49127254
63.302827 2.49118096
63.401583 2.49109424
63.500339 2.49101235
63.599096 2.49093532
63.697852 2.49086313
63.796609 2.49079579
63.895365 2.49073330
63.994121 2.49067566
64.092878 2.49062286
64.191634 2.49057491
64.290390 2.49053181
64.389147 2.49049355
64.487903 2.49046014
64.586659 2.49043158
64.685416 2.49040787
64.784172 2.49038900
64.882928 2.49037498
64.981685 2.49036581
65.080441 2.49036148
65.179198 2.49036200
65.277954 2.49036737
65.376710 2.49037759
65.475467 2.49039265
65.574223 2.49041256
65.672979 2.49043731
65.771736 2.49046692
65.870492 2.49050137
65.969248 2.49054067
66.068005 2.49058481
66.166761 2.49063381
66.265518 2.49068764
66.364274 2.49074633
66.463030 2.49080986
66.561787 2.49087824
66.660543 2.49095147
66.759299 2.49102955
66.858056 2.49111247
66.956812 2.49120024
67.055568 2.49129285
67.154325 2.49139031
67.253081 2.49149262
67.351837 2.49159978
67.450594 2.49171178
67.549350 2.49182863
67.648107 2.49195033
67.746863 2.49207688
67.845619 2.49220827
67.944376 2.49234451
68.043132 2.49248559
68.141888 2.49263152
68.240645 2.49278230
68.339401 2.49293793
68.438157 2.49309840
68.536914 2.49326372
68.635670 2.49343389
68.734427 2.49360890
68.833183 2.49378876
68.931939 2.49397347
69.030696 2.49416303
69.129452 2.49435743
69.228208 2.49455668
69.326965 2.49476077
69.425721 2.49496972
69.524477 2.49518351
69.623234 2.49540214
69.721990 2.49562563
69.820746 2.49585396
69.919503 2.49608713
70.018259 2.49632516
70.117016 2.49656803
70.215772 2.49681575
70.314528 2.49706831
70.413285 2.49732572
70.512041 2.49758798
70.610797 2.49785509
70.709554 2.49812704
70.808310 2.49840384
70.907066 2.49868548
71.005823 2.49897198
71.104579 2.49926332
71.203336 2.49955950
71.302092 2.49986054
71.400848 2.50016642
71.499605 2.50047715
71.598361 2.50079272
71.697117 2.50111273
71.795874 2.50143315
71.894630 2.50175358
71.993386 2.50207400
72.092143 2.50239442
72.190899 2.50271484
72.289655 2.50303526
72.388412 2.50335571
72.487168 2.50367636
72.585925 2.50399657
