0.098756 1.65084565
0.197513 1.65084768
0.296269 1.65084557
0.395025 1.65084537
0.493782 1.65084540
0.592538 1.65084544
0.691295 1.65084548
0.790051 1.65084551
0.888807 1.65084554
0.987564 1.65084556
1.086320 1.65084557
1.185076 1.65084558
1.283833 1.65084558
1.382589 1.65084558
1.481345 1.65084557
1.580102 1.65084554
1.678858 1.65084551
1.777614 1.65084547
1.876371 1.65084542
1.975127 1.65084536
2.073884 1.65084528
2.172640 1.65084520
2.271396 1.65084510
2.370153 1.65084499
2.468909 1.65084486
2.567665 1.65084472
2.666422 1.65084456
2.765178 1.65084439
2.863934 1.65084420
2.962691 1.65084400
3.061447 1.65084377
3.160204 1.65084353
3.258960 1.65084327
3.357716 1.65084299
3.456473 1.65084269
3.555229 1.65084237
3.653985 1.65084203
3.752742 1.65084167
3.851498 1.65084128
3.950254 1.65084087
4.049011 1.65084043
4.147767 1.65083997
4.246523 1.65083949
4.345280 1.65083898
4.444036 1.65083844
4.542793 1.65083788
4.641549 1.65083728
4.740305 1.65083666
4.839062 1.65083601
4.937818 1.65083533
5.036574 1.65083462
5.135331 1.65083388
5.234087 1.65083310
5.332843 1.65083230
5.431600 1.65083145
5.530356 1.65083058
5.629113 1.65082967
5.727869 1.65082872
5.826625 1.65082774
5.925382 1.65082672
6.024138 1.65082566
6.122894 1.65082457
6.221651 1.65082343
6.320407 1.65082225
6.419163 1.65082103
6.517920 1.65081978
6.616676 1.65081847
6.715432 1.65081713
6.814189 1.65081573
6.912945 1.65081430
7.011702 1.65081282
7.110458 1.65081130
7.209214 1.65080972
7.307971 1.65080810
7.406727 1.65080643
7.505483 1.65080471
7.604240 1.65080293
7.702996 1.65080111
7.801752 1.65079923
7.900509 1.65079731
7.999265 1.65079532
8.098022 1.65079329
8.196778 1.65079119
8.295534 1.65078904
8.394291 1.65078683
8.493047 1.65078457
8.591803 1.65078224
8.690560 1.65077985
8.789316 1.65077740
8.888072 1.65077490
8.986829 1.65077232
9.085585 1.65076968
9.184341 1.65076698
9.283098 1.65076421
9.381854 1.65076137
9.480611 1.65075847
9.579367 1.65075549
9.678123 1.65075245
9.776880 1.65074933
9.875636 1.65074615
9.974392 1.65074289
10.073149 1.65073956
10.171905 1.65073614
10.270661 1.65073266
10.369418 1.65072909
10.468174 1.65072546
10.566931 1.65072173
10.665687 1.65071793
10.764443 1.65071404
10.863200 1.65071008
10.961956 1.65070602
11.060712 1.65070189
11.159469 1.65069766
11.258225 1.65069335
11.356981 1.65068895
11.455738 1.65068446
11.554494 1.65067987
11.653250 1.65067520
11.752007 1.65067042
11.850763 1.65066555
11.949520 1.65066058
12.048276 1.65065551
12.147032 1.65065034
12.245789 1.65064507
12.344545 1.65063968
12.443301 1.65063419
12.542058 1.65062859
12.640814 1.65062288
12.739570 1.65061705
12.838327 1.65061110
12.937083 1.65060503
13.035840 1.65059884
13.134596 1.65059251
13.233352 1.65058606
13.332109 1.65057946
13.430865 1.65057273
13.529621 1.65056585
13.628378 1.65055882
13.727134 1.65055162
13.825890 1.65054426
13.924647 1.65053672
14.023403 1.65052900
14.122159 1.65052108
14.220916 1.65051296
14.319672 1.65050461
14.418429 1.65049604
14.517185 1.65048722
14.615941 1.65047813
14.714698 1.65046874
14.813454 1.65045906
14.912210 1.65044902
15.010967 1.65043863
15.109723 1.65042784
15.208479 1.65041661
15.307236 1.65040490
15.405992 1.65039267
15.504749 1.65037985
15.603505 1.65036639
15.702261 1.65035223
15.801018 1.65033728
15.899774 1.65032145
15.998530 1.65030465
16.097287 1.65028677
16.196043 1.65026768
16.294799 1.65024723
16.393556 1.65022528
16.492312 1.65020163
16.591068 1.65017609
16.689825 1.65014842
16.788581 1.65011836
16.887338 1.65008563
16.986094 1.65004988
17.084850 1.65001076
17.183607 1.64996784
17.282363 1.64992065
17.381119 1.64986867
17.479876 1.64981130
17.578632 1.64974787
17.677388 1.64967762
17.776145 1.64959973
17.874901 1.64951323
17.973658 1.64941708
18.072414 1.64931008
18.171170 1.64919089
18.269927 1.64905803
18.368683 1.64890982
18.467439 1.64874440
18.566196 1.64855967
18.664952 1.64835331
18.763708 1.64812270
18.862465 1.64786495
18.961221 1.64757680
19.059977 1.64725466
19.158734 1.64689448
19.257490 1.64649181
19.356247 1.64604163
19.455003 1.64553844
19.553759 1.64497606
19.652516 1.64434767
19.751272 1.64364567
19.850028 1.64286166
19.948785 1.64198631
20.047541 1.64100929
20.146297 1.63991914
20.245054 1.63870323
20.343810 1.63734752
20.442567 1.63583657
20.541323 1.63415323
20.640079 1.63227865
20.738836 1.63019194
20.837592 1.62787015
20.936348 1.62528788
21.035105 1.62241724
21.133861 1.61922742
21.232617 1.61568461
21.331374 1.61175149
21.430130 1.60738713
21.528886 1.60254642
21.627643 1.59717986
21.726399 1.59123289
21.825156 1.58464564
21.923912 1.57735200
22.022668 1.56927924
22.121425 1.56034681
22.220181 1.55046560
22.318937 1.53953623
22.417694 1.52744779
22.516450 1.51407514
22.615206 1.49927663
22.713963 1.48288970
22.812719 1.46472661
22.911476 1.44456695
23.010232 1.42214958
23.108988 1.39715940
23.207745 1.36921198
23.306501 1.33782949
23.405257 1.30241127
23.504014 1.26218882
23.602770 1.21616917
23.701526 1.16304940
23.800283 1.10110697
23.899039 1.02803605
23.997795 0.94073443
24.096552 0.83499118
24.195308 0.70507338
24.294065 0.54315217
24.392821 0.33848338
24.491577 0.07646519
24.590334 -0.26287810
24.689090 -0.70483639
24.787846 -1.26743207
24.886603 -1.89249041
24.985359 -2.33860803
25.084115 -2.37982429
25.182872 -2.17517319
25.281628 -2.04089895
25.380385 -2.12806885
25.479141 -2.48952358
25.577897 -3.17893894
25.676654 -4.26823169
25.775410 -5.80931011
25.874166 -7.72023879
25.972923 -9.60117930
26.071679 -10.74915916
26.170435 -10.70647915
26.269192 -9.81545423
26.367948 -8.92426791
26.466704 -8.68880967
26.565461 -9.27822881
26.664217 -10.35414071
26.762974 -11.13316762
26.861730 -10.84174402
26.960486 -9.40341489
27.059243 -7.44442419
27.157999 -5.62082024
27.256755 -4.23037996
27.355512 -3.31198153
27.454268 -2.82067862
27.553024 -2.71381393
27.651781 -2.98122411
27.750537 -3.64961923
27.849294 -4.77024790
27.948050 -6.37057099
28.046806 -8.32749194
28.145563 -10.18551301
28.244319 -11.22262652
28.343075 -11.04709983
28.441832 -10.08849182
28.540588 -9.20886280
28.639344 -9.01991887
28.738101 -9.63935650
28.836857 -10.67682661
28.935613 -11.32102424
29.034370 -10.84976939
29.133126 -9.28443383
29.231883 -7.28971887
29.330639 -5.48885403
29.429395 -4.13991122
29.528152 -3.26400633
29.626908 -2.81289150
29.725664 -2.74584232
29.824421 -3.05614213
29.923177 -3.77350883
30.021933 -4.94928948
30.120690 -6.60196143
30.219446 -8.57894402
30.318203 -10.38148015
30.416959 -11.28682028
30.515715 -10.98320088
30.614472 -9.98321366
30.713228 -9.15079186
30.811984 -9.04692682
30.910741 -9.73391902
31.009497 -10.76623237
31.108253 -11.30769255
31.207010 -10.69391796
31.305766 -9.04098074
31.404522 -7.04233266
31.503279 -5.28507032
31.602035 -3.99030339
31.700792 -3.16423901
31.799548 -2.75683504
31.898304 -2.73013781
31.997061 -3.08137910
32.095817 -3.84345749
32.194573 -5.06749710
32.293330 -6.76164879
32.392086 -8.74173269
32.490842 -10.46744782
32.589599 -11.22480483
32.688355 -10.78838032
32.787112 -9.74644742
32.885868 -8.95484634
32.984624 -8.92071638
33.083381 -9.64979324
33.182137 -10.64099116
33.280893 -11.03959432
33.379650 -10.24729860
33.478406 -8.47218818
33.577162 -6.42852095
33.675919 -4.66768946
33.774675 -3.38175578
33.873431 -2.57136031
33.972188 -2.19269187
34.070944 -2.21542177
34.169701 -2.64078633
34.268457 -3.50019740
34.367213 -4.83693978
34.465970 -6.64012805
34.564726 -8.68628095
34.663482 -10.39232179
34.762239 -11.06085760
34.860995 -10.55769996
34.959751 -9.54037388
35.058508 -8.85028442
35.157264 -8.94115784
35.256021 -9.76382217
35.354777 -10.76443269
35.453533 -11.07915989
35.552290 -10.18471812
35.651046 -8.37673460
35.749802 -6.37902591
35.848559 -4.69979654
35.947315 -3.49450040
36.046071 -2.74606671
36.144828 -2.40314805
36.243584 -2.43359001
36.342340 -2.84176664
36.441097 -3.66530649
36.539853 -4.95176999
36.638610 -6.68221877
36.737366 -8.60137914
36.836122 -10.09213591
36.934879 -10.48623078
37.033635 -9.74521958
37.132391 -8.58710059
37.231148 -7.83050204
37.329904 -7.87337396
37.428660 -8.60971607
37.527417 -9.43297708
37.626173 -9.47640641
37.724929 -8.29396778
37.823686 -6.25696385
37.922442 -4.08619266
38.021199 -2.24896108
38.119955 -0.87981868
38.218711 0.03562348
38.317468 0.54257259
38.416224 0.68431300
38.514980 0.51503484
38.613737 0.18688887
38.712493 0.03249220
38.811249 0.28474999
38.910006 0.76845651
39.008762 1.22884206
39.107519 1.58781078
39.206275 1.85682760
39.305031 2.05776897
39.403788 2.20752745
39.502544 2.31844530
39.601300 2.39917992
39.700057 2.45576036
39.798813 2.49206515
39.897569 2.51058299
39.996326 2.51406251
40.095082 2.51322050
40.193838 2.51043631
40.292595 2.50415330
40.391351 2.49408599
40.490108 2.48024853
40.588864 2.46265669
40.687620 2.44131659
40.786377 2.41622949
40.885133 2.38738984
40.983889 2.35479307
41.082646 2.31841455
41.181402 2.27819796
41.280158 2.23407281
41.378915 2.18605583
41.477671 2.13448014
41.576428 2.08058842
41.675184 2.02727609
41.773940 1.97961478
41.872697 1.94447034
41.971453 1.92869685
42.070209 1.93646028
42.168966 1.96727549
42.267722 2.01614243
42.366478 2.07565119
42.465235 2.13853479
42.563991 2.19918358
42.662747 2.25373399
42.761504 2.29932295
42.860260 2.33313737
42.959017 2.35156302
43.057773 2.34960430
43.156529 2.31997884
43.255286 2.25278210
43.354042 2.13747680
43.452798 1.97155378
43.551555 1.78145005
43.650311 1.63504307
43.749067 1.60480862
43.847824 1.70052731
43.946580 1.85889660
44.045337 2.00422855
44.144093 2.09583439
44.242849 2.12535209
44.341606 2.09684377
44.440362 2.01514415
44.539118 1.88423554
44.637875 1.71187088
44.736631 1.52226477
44.835387 1.36803729
44.934144 1.30661205
45.032900 1.34195910
45.131656 1.40798276
45.230413 1.41957648
45.329169 1.31929609
45.427926 1.09318886
45.526682 0.79620060
45.625438 0.56821609
45.724195 0.55902384
45.822951 0.79386937
45.921707 1.15256885
46.020464 1.49085703
46.119220 1.73444882
46.217976 1.87284599
46.316733 1.91888461
46.415489 1.88465051
46.514246 1.77592497
46.613002 1.59264487
46.711758 1.33233036
46.810515 1.00277843
46.909271 0.65058142
47.008027 0.38042722
47.106784 0.29894125
47.205540 0.41346012
47.304296 0.64503802
47.403053 0.92046213
47.501809 1.17647033
47.600565 1.37887666
47.699322 1.56377865
47.798078 1.76524930
47.896835 1.95748407
47.995591 2.11231556
48.094347 2.22878658
48.193104 2.31555724
48.291860 2.38057029
48.390616 2.42962282
48.489373 2.46663556
48.588129 2.49423223
48.686885 2.51405308
48.785642 2.52717686
48.884398 2.53406326
48.983155 2.53656338
49.081911 2.53793766
49.180667 2.53908739
49.279424 2.54016658
49.378180 2.54121468
49.476936 2.54224660
49.575693 2.54326933
49.674449 2.54428656
49.773205 2.54530037
49.871962 2.54631199
49.970718 2.54732219
50.069474 2.54833145
50.168231 2.54934006
50.266987 2.55034825
50.365744 2.55135613
50.464500 2.55236381
50.563256 2.55337134
50.662013 2.55437877
50.760769 2.55538584
50.859525 2.55638987
50.958282 2.55739059
51.057038 2.55838799
51.155794 2.55938211
51.254551 2.56037293
51.353307 2.56136047
51.452064 2.56234472
51.550820 2.56332569
51.649576 2.56430338
51.748333 2.56527780
51.847089 2.56624893
51.945845 2.56721679
52.044602 2.56818137
52.143358 2.56914267
52.242114 2.57010070
52.340871 2.57105545
52.439627 2.57200693
52.538383 2.57295513
52.637140 2.57390005
52.735896 2.57484170
52.834653 2.57578008
52.933409 2.57671518
53.032165 2.57764700
53.130922 2.57857555
53.229678 2.57950082
53.328434 2.58042281
53.427191 2.58134154
53.525947 2.58225698
53.624703 2.58316915
53.723460 2.58407805
53.822216 2.58498367
53.920973 2.58588601
54.019729 2.58678508
54.118485 2.58768088
54.217242 2.58857339
54.315998 2.58946264
54.414754 2.59034861
54.513511 2.59123130
54.612267 2.59211072
54.711023 2.59298686
54.809780 2.59385973
54.908536 2.59472932
55.007292 2.59559563
55.106049 2.59645868
55.204805 2.59731844
55.303562 2.59817493
55.402318 2.59902815
55.501074 2.59987809
55.599831 2.60072475
55.698587 2.60156814
55.797343 2.60240826
55.896100 2.60324509
55.994856 2.60407866
56.093612 2.60490895
56.192369 2.60573596
56.291125 2.60655970
56.389882 2.60738016
56.488638 2.60819734
56.587394 2.60901126
56.686151 2.60982189
56.784907 2.61062925
56.883663 2.61143334
56.982420 2.61223415
57.081176 2.61303168
57.179932 2.61382594
57.278689 2.61461693
57.377445 2.61540464
57.476201 2.61618907
57.574958 2.61697023
57.673714 2.61774811
57.772471 2.61852272
57.871227 2.61929405
57.969983 2.62006211
58.068740 2.62082689
58.167496 2.62158840
58.266252 2.62234663
58.365009 2.62310159
58.463765 2.62385327
58.562521 2.62460167
58.661278 2.62534680
58.760034 2.62608866
58.858791 2.62682724
58.957547 2.62756254
59.056303 2.62829457
59.155060 2.62902332
59.253816 2.62974880
59.352572 2.63047100
59.451329 2.63118993
59.550085 2.63190558
59.648841 2.63261796
59.747598 2.63332706
59.846354 2.63403289
59.945110 2.63473544
60.043867 2.63543471
60.142623 2.63613071
60.241380 2.63682344
60.340136 2.63751289
60.438892 2.63819906
60.537649 2.63888196
60.636405 2.63956159
60.735161 2.64023793
60.833918 2.64091101
60.932674 2.64158081
61.031430 2.64224733
61.130187 2.64291058
61.228943 2.64357055
61.327700 2.64422724
61.426456 2.64488066
61.525212 2.64553081
61.623969 2.64617768
61.722725 2.64682128
61.821481 2.64746160
61.920238 2.64809864
62.018994 2.64873241
62.117750 2.64936290
62.216507 2.64999012
62.315263 2.65061407
62.414019 2.65123473
62.512776 2.65185213
62.611532 2.65246624
62.710289 2.65307709
62.809045 2.65368465
62.907801 2.65428894
63.006558 2.65488996
63.105314 2.65548770
63.204070 2.65608217
63.302827 2.65667336
63.401583 2.65726127
63.500339 2.65784591
63.599096 2.65842727
63.697852 2.65900536
63.796609 2.65958017
63.895365 2.66015171
63.994121 2.66071997
64.092878 2.66128496
64.191634 2.66184667
64.290390 2.66240511
64.389147 2.66296027
64.487903 2.66351216
64.586659 2.66406077
64.685416 2.66460610
64.784172 2.66514816
64.882928 2.66568694
64.981685 2.66622245
65.080441 2.66675469
65.179198 2.66728364
65.277954 2.66780933
65.376710 2.66833173
65.475467 2.66885087
65.574223 2.66936672
65.672979 2.66987930
65.771736 2.67038861
65.870492 2.67089464
65.969248 2.67139739
66.068005 2.67189687
66.166761 2.67239308
66.265518 2.67288600
66.364274 2.67337566
66.463030 2.67386203
66.561787 2.67434514
66.660543 2.67482496
66.759299 2.67530151
66.858056 2.67577479
66.956812 2.67624479
67.055568 2.67671151
67.154325 2.67717496
67.253081 2.67763514
67.351837 2.67809204
67.450594 2.67854566
67.549350 2.67899601
67.648107 2.67944308
67.746863 2.67988687
67.845619 2.68032740
67.944376 2.68076464
68.043132 2.68119861
68.141888 2.68162931
68.240645 2.68205672
68.339401 2.68248087
68.438157 2.68290174
68.536914 2.68331933
68.635670 2.68373365
68.734427 2.68414469
68.833183 2.68455245
68.931939 2.68495694
69.030696 2.68535816
69.129452 2.68575610
69.228208 2.68615076
69.326965 2.68654215
69.425721 2.68693026
69.524477 2.68731510
69.623234 2.68769666
69.721990 2.68807495
69.820746 2.68844996
69.919503 2.68882169
70.018259 2.68919015
70.117016 2.68955533
70.215772 2.68991724
70.314528 2.69027587
70.413285 2.69063123
70.512041 2.69098331
70.610797 2.69133212
70.709554 2.69167765
70.808310 2.69201990
70.907066 2.69235888
71.005823 2.69269458
71.104579 2.69302701
71.203336 2.69335616
71.302092 2.69368204
71.400848 2.69400464
71.499605 2.69432396
71.598361 2.69464001
71.697117 2.69495306
71.795874 2.69526583
71.894630 2.69557861
71.993386 2.69589138
72.092143 2.69620415
72.190899 2.69651693
72.289655 2.69682970
72.388412 2.69714250
72.487168 2.69745549
72.585925 2.69776806
