0.098756 1.65110536
0.197513 1.65110831
0.296269 1.65110517
0.395025 1.65110486
0.493782 1.65110490
0.592538 1.65110495
0.691295 1.65110500
0.790051 1.65110504
0.888807 1.65110508
0.987564 1.65110513
1.086320 1.65110517
1.185076 1.65110521
1.283833 1.65110524
1.382589 1.65110528
1.481345 1.65110531
1.580102 1.65110534
1.678858 1.65110536
1.777614 1.65110539
1.876371 1.65110541
1.975127 1.65110542
2.073884 1.65110543
2.172640 1.65110544
2.271396 1.65110545
2.370153 1.65110545
2.468909 1.65110545
2.567665 1.65110544
2.666422 1.65110542
2.765178 1.65110541
2.863934 1.65110538
2.962691 1.65110536
3.061447 1.65110532
3.160204 1.65110528
3.258960 1.65110523
3.357716 1.65110518
3.456473 1.65110512
3.555229 1.65110506
3.653985 1.65110498
3.752742 1.65110490
3.851498 1.65110481
3.950254 1.65110471
4.049011 1.65110461
4.147767 1.65110450
4.246523 1.65110437
4.345280 1.65110424
4.444036 1.65110410
4.542793 1.65110395
4.641549 1.65110379
4.740305 1.65110362
4.839062 1.65110344
4.937818 1.65110325
5.036574 1.65110304
5.135331 1.65110283
5.234087 1.65110260
5.332843 1.65110236
5.431600 1.65110211
5.530356 1.65110185
5.629113 1.65110156
5.727869 1.65110128
5.826625 1.65110097
5.925382 1.65110065
6.024138 1.65110031
6.122894 1.65109996
6.221651 1.65109959
6.320407 1.65109921
6.419163 1.65109881
6.517920 1.65109839
6.616676 1.65109795
6.715432 1.65109751
6.814189 1.65109703
6.912945 1.65109654
7.011702 1.65109603
7.110458 1.65109550
7.209214 1.65109495
7.307971 1.65109438
7.406727 1.65109378
7.505483 1.65109317
7.604240 1.65109253
7.702996 1.65109187
7.801752 1.65109118
7.900509 1.65109048
7.999265 1.65108974
8.098022 1.65108898
8.196778 1.65108819
8.295534 1.65108738
8.394291 1.65108653
8.493047 1.65108567
8.591803 1.65108476
8.690560 1.65108384
8.789316 1.65108287
8.888072 1.65108189
8.986829 1.65108086
9.085585 1.65107981
9.184341 1.65107871
9.283098 1.65107760
9.381854 1.65107643
9.480611 1.65107524
9.579367 1.65107401
9.678123 1.65107274
9.776880 1.65107143
9.875636 1.65107009
9.974392 1.65106869
10.073149 1.65106727
10.171905 1.65106580
10.270661 1.65106429
10.369418 1.65106272
10.468174 1.65106113
10.566931 1.65105947
10.665687 1.65105778
10.764443 1.65105603
10.863200 1.65105425
10.961956 1.65105239
11.060712 1.65105051
11.159469 1.65104855
11.258225 1.65104655
11.356981 1.65104448
11.455738 1.65104238
11.554494 1.65104019
11.653250 1.65103797
11.752007 1.65103566
11.850763 1.65103331
11.949520 1.65103088
12.048276 1.65102839
12.147032 1.65102583
12.245789 1.65102320
12.344545 1.65102049
12.443301 1.65101772
12.542058 1.65101486
12.640814 1.65101193
12.739570 1.65100891
12.838327 1.65100581
12.937083 1.65100261
13.035840 1.65099933
13.134596 1.65099594
13.233352 1.65099247
13.332109 1.65098887
13.430865 1.65098518
13.529621 1.65098136
13.628378 1.65097743
13.727134 1.65097336
13.825890 1.65096917
13.924647 1.65096481
14.023403 1.65096032
14.122159 1.65095564
14.220916 1.65095081
14.319672 1.65094577
14.418429 1.65094055
14.517185 1.65093508
14.615941 1.65092939
14.714698 1.65092342
14.813454 1.65091719
14.912210 1.65091063
15.010967 1.65090375
15.109723 1.65089648
15.208479 1.65088881
15.307236 1.65088067
15.405992 1.65087206
15.504749 1.65086286
15.603505 1.65085307
15.702261 1.65084256
15.801018 1.65083132
15.899774 1.65081920
15.998530 1.65080616
16.097287 1.65079202
16.196043 1.65077672
16.294799 1.65076006
16.393556 1.65074194
16.492312 1.65072211
16.591068 1.65070043
16.689825 1.65067660
16.788581 1.65065044
16.887338 1.65062158
16.986094 1.65058975
17.084850 1.65055452
17.183607 1.65051554
17.282363 1.65047226
17.381119 1.65042423
17.479876 1.65037078
17.578632 1.65031130
17.677388 1.65024498
17.776145 1.65017103
17.874901 1.65008845
17.973658 1.64999624
18.072414 1.64989313
18.171170 1.64977786
18.269927 1.64964887
18.368683 1.64950454
18.467439 1.64934294
18.566196 1.64916205
18.664952 1.64895946
18.763708 1.64873263
18.862465 1.64847857
18.961221 1.64819412
19.059977 1.64787557
19.158734 1.64751898
19.257490 1.64711980
19.356247 1.64667309
19.455003 1.64617325
19.553759 1.64561418
19.652516 1.64498898
19.751272 1.64429012
19.850028 1.64350911
19.948785 1.64263669
20.047541 1.64166245
20.146297 1.64057501
20.245054 1.63936163
20.343810 1.63800837
20.442567 1.63649968
20.541323 1.63481849
20.640079 1.63294588
20.738836 1.63086102
20.837592 1.62854089
20.936348 1.62596016
21.035105 1.62309088
21.133861 1.61990229
21.232617 1.61636055
21.331374 1.61242838
21.430130 1.60806487
21.528886 1.60322490
21.627643 1.59785904
21.726399 1.59191274
21.825156 1.58532619
21.923912 1.57803332
22.022668 1.56996150
22.121425 1.56103022
22.220181 1.55115051
22.318937 1.54022306
22.417694 1.52813715
22.516450 1.51476770
22.615206 1.49997337
22.713963 1.48359166
22.812719 1.46543521
22.911476 1.44528372
23.010232 1.42287654
23.108988 1.39789873
23.207745 1.36996648
23.306501 1.33860218
23.405257 1.30320600
23.504014 1.26300977
23.602770 1.21702157
23.701526 1.16393904
23.800283 1.10204103
23.899039 1.02902259
23.997795 0.94178337
24.096552 0.83611392
24.195308 0.70628389
24.294065 0.54446675
24.392821 0.33992190
24.491577 0.07805105
24.590334 -0.26111669
24.689090 -0.70286640
24.787846 -1.26521478
24.886603 -1.88998180
24.985359 -2.33575957
25.084115 -2.37752524
25.182872 -2.17336263
25.281628 -2.03950736
25.380385 -2.12701102
25.479141 -2.48870868
25.577897 -3.17828503
25.676654 -4.26767629
25.775410 -5.80881271
25.874166 -7.71977762
25.972923 -9.60073918
26.071679 -10.74872216
26.170435 -10.70602654
26.269192 -9.81497664
26.367948 -8.92377313
26.466704 -8.68832379
26.565461 -9.27779562
26.664217 -10.35381942
26.762974 -11.13302868
26.861730 -10.84185938
26.960486 -9.40384368
27.059243 -7.44520177
27.157999 -5.62196066
27.256755 -4.23188229
27.355512 -3.31382997
27.454268 -2.82283656
27.553024 -2.71622068
27.651781 -2.98379634
27.750537 -3.65226083
27.849294 -4.77286458
27.948050 -6.37308408
28.046806 -8.32984500
28.145563 -10.18767183
28.244319 -11.22457833
28.343075 -11.04885625
28.441832 -10.09009057
28.540588 -9.21036586
28.639344 -9.02140571
28.738101 -9.64091784
28.836857 -10.67855674
28.935613 -11.32301254
29.034370 -10.85208951
29.133126 -9.28713532
29.231883 -7.29282427
29.330639 -5.49236437
29.429395 -4.14381137
29.528152 -3.26826455
29.626908 -2.81745316
29.725664 -2.75062718
29.824421 -3.06104758
29.923177 -3.77842164
30.021933 -4.95410235
30.120690 -6.60658747
30.219446 -8.58332478
30.318203 -10.38558631
30.416959 -11.29065313
30.515715 -10.98679174
30.614472 -9.98662113
30.713228 -9.15409356
30.811984 -9.05021045
30.910741 -9.73727219
31.009497 -10.76973519
31.108253 -11.31140792
31.207010 -10.69788649
31.305766 -9.04521789
31.404522 -7.04683528
31.503279 -5.28982170
31.602035 -3.99527618
31.700792 -3.16938969
31.799548 -2.76209618
31.898304 -2.73541349
31.997061 -3.08654782
32.095817 -3.84838184
32.194573 -5.07203731
32.293330 -6.76567651
32.392086 -8.74513950
32.490842 -10.47014873
32.589599 -11.22674258
32.688355 -10.78954104
32.787112 -9.74688267
32.885868 -8.95466948
32.984624 -8.92007403
33.083381 -9.64883957
33.182137 -10.63986738
33.280893 -11.03841326
33.379650 -10.24612949
33.478406 -8.47105559
33.577162 -6.42741662
33.675919 -4.66658152
33.774675 -3.38057907
33.873431 -2.57000407
33.972188 -2.19098805
34.070944 -2.21314447
34.169701 -2.63766144
34.268457 -3.49592512
34.367213 -4.83122536
34.465970 -6.63272313
34.564726 -8.67701904
34.663482 -10.38114221
34.762239 -11.04781124
34.860995 -10.54294437
34.959751 -9.52414485
35.058508 -8.83282516
35.157264 -8.92260909
35.256021 -9.74413780
35.354777 -10.74330598
35.453533 -11.05600263
35.552290 -10.15877868
35.651046 -8.34732176
35.749802 -6.34568078
35.848559 -4.66228588
35.947315 -3.45270990
36.046071 -2.69991170
36.144828 -2.35250715
36.243584 -2.37826476
36.342340 -2.78148457
36.441097 -3.59975231
36.539853 -4.88063975
36.638610 -6.60530518
36.737366 -8.51867975
36.836122 -10.00391600
36.934879 -10.39300589
37.033635 -9.64759510
37.132391 -8.48555017
37.231148 -7.72516003
37.329904 -7.76384630
37.428660 -8.49495209
37.527417 -9.31118058
37.626173 -9.34511820
37.724929 -8.15056260
37.823686 -6.09936701
37.922442 -3.91333570
38.021199 -2.06074707
38.119955 -0.67682044
38.218711 0.25241305
38.317468 0.77199743
38.416224 0.92532078
38.514980 0.76677934
38.613737 0.44873771
38.712493 0.30404881
38.811249 0.56578081
38.910006 1.05882209
39.008762 1.52837583
39.107519 1.89627255
39.206275 2.17380360
39.305031 2.38257456
39.403788 2.53928991
39.502544 2.65622458
39.601300 2.74202626
39.700057 2.80270680
39.798813 2.84210636
39.897569 2.86267800
39.996326 2.86722520
40.095082 2.86713321
40.193838 2.86504620
40.292595 2.85945487
40.391351 2.85008371
40.490108 2.83694908
40.588864 2.82006714
40.687620 2.79944388
40.786377 2.77508035
40.885133 2.74697074
40.983889 2.71511024
41.082646 2.67947386
41.181402 2.64000489
41.280158 2.59663233
41.378915 2.54937231
41.477671 2.49855725
41.576428 2.44542908
41.675184 2.39288235
41.773940 2.34598777
41.872697 2.31161027
41.971453 2.29660307
42.070209 2.30513126
42.168966 2.33670878
42.267722 2.38633456
42.366478 2.44659747
42.465235 2.51022916
42.563991 2.57161855
42.662747 2.62690062
42.761504 2.67321104
42.860260 2.70773582
42.959017 2.72686032
43.057773 2.72558941
43.156529 2.69664199
43.255286 2.63011560
43.354042 2.51547518
43.452798 2.35021372
43.551555 2.16076948
43.650311 2.01501982
43.749067 1.98543992
43.847824 2.08181059
43.946580 2.24083129
44.045337 2.38681765
44.144093 2.47908510
44.242849 2.50927593
44.341606 2.48145623
44.440362 2.40046310
44.539118 2.27027913
44.637875 2.09865550
44.736631 1.90980289
44.835387 1.75633564
44.934144 1.69567073
45.032900 1.73177189
45.131656 1.79853863
45.230413 1.81086218
45.329169 1.71129913
45.427926 1.48590082
45.526682 1.18961942
45.625438 0.96234784
45.724195 0.95388079
45.822951 1.18946261
45.921707 1.54890360
46.020464 1.88793369
46.119220 2.13226677
46.217976 2.27140725
46.316733 2.31819491
46.415489 2.28471825
46.514246 2.17675990
46.613002 1.99425694
46.711758 1.73472797
46.810515 1.40596652
46.909271 1.05455963
47.008027 0.78518841
47.106784 0.70447319
47.205540 0.81975071
47.304296 1.05207988
47.403053 1.32825490
47.501809 1.58502106
47.600565 1.78819889
47.699322 1.97389071
47.798078 2.17617199
47.896835 2.36923761
47.995591 2.52491705
48.094347 2.64224819
48.193104 2.72988487
48.291860 2.79576280
48.390616 2.84567151
48.489373 2.88352343
48.588129 2.91193306
48.686885 2.93253030
48.785642 2.94638557
48.884398 2.95395040
48.983155 2.95708557
49.081911 2.95907914
49.180667 2.96084222
49.279424 2.96253140
49.378180 2.96418734
49.476936 2.96582565
49.575693 2.96745379
49.674449 2.96907576
49.773205 2.97069384
49.871962 2.97230941
49.970718 2.97392332
50.069474 2.97553612
50.168231 2.97714817
50.266987 2.97875970
50.365744 2.98037086
50.464500 2.98198177
50.563256 2.98359251
50.662013 2.98520311
50.760769 2.98681308
50.859525 2.98841732
50.958282 2.99001531
51.057038 2.99160706
51.155794 2.99319258
51.254551 2.99477188
51.353307 2.99634497
51.452064 2.99791184
51.550820 2.99947250
51.649576 3.00102696
51.748333 3.00257520
51.847089 3.00411725
51.945845 3.00565309
52.044602 3.00718273
52.143358 3.00870616
52.242114 3.01022339
52.340871 3.01173442
52.439627 3.01323925
52.538383 3.01473788
52.637140 3.01623031
52.735896 3.01771653
52.834653 3.01919655
52.933409 3.02067037
53.032165 3.02213800
53.130922 3.02359942
53.229678 3.02505463
53.328434 3.02650365
53.427191 3.02794647
53.525947 3.02938309
53.624703 3.03081350
53.723460 3.03223772
53.822216 3.03365573
53.920973 3.03506754
54.019729 3.03647316
54.118485 3.03787257
54.217242 3.03926578
54.315998 3.04065279
54.414754 3.04203360
54.513511 3.04340821
54.612267 3.04477662
54.711023 3.04613882
54.809780 3.04749483
54.908536 3.04884464
55.007292 3.05018824
55.106049 3.05152565
55.204805 3.05285685
55.303562 3.05418185
55.402318 3.05550066
55.501074 3.05681326
55.599831 3.05811966
55.698587 3.05941986
55.797343 3.06071386
55.896100 3.06200166
55.994856 3.06328326
56.093612 3.06455866
56.192369 3.06582785
56.291125 3.06709085
56.389882 3.06834765
56.488638 3.06959824
56.587394 3.07084264
56.686151 3.07208083
56.784907 3.07331283
56.883663 3.07453862
56.982420 3.07575822
57.081176 3.07697161
57.179932 3.07817880
57.278689 3.07937979
57.377445 3.08057458
57.476201 3.08176317
57.574958 3.08294556
57.673714 3.08412175
57.772471 3.08529174
57.871227 3.08645553
57.969983 3.08761312
58.068740 3.08876451
58.167496 3.08990970
58.266252 3.09104868
58.365009 3.09218147
58.463765 3.09330805
58.562521 3.09442844
58.661278 3.09554263
58.760034 3.09665061
58.858791 3.09775240
58.957547 3.09884798
59.056303 3.09993736
59.155060 3.10102055
59.253816 3.10209753
59.352572 3.10316831
59.451329 3.10423290
59.550085 3.10529128
59.648841 3.10634346
59.747598 3.10738944
59.846354 3.10842922
59.945110 3.10946280
60.043867 3.11049018
60.142623 3.11151136
60.241380 3.11252635
60.340136 3.11353513
60.438892 3.11453770
60.537649 3.11553408
60.636405 3.11652426
60.735161 3.11750824
60.833918 3.11848602
60.932674 3.11945760
61.031430 3.12042298
61.130187 3.12138216
61.228943 3.12233514
61.327700 3.12328191
61.426456 3.12422249
61.525212 3.12515687
61.623969 3.12608505
61.722725 3.12700702
61.821481 3.12792280
61.920238 3.12883238
62.018994 3.12973576
62.117750 3.13063293
62.216507 3.13152391
62.315263 3.13240869
62.414019 3.13328726
62.512776 3.13415964
62.611532 3.13502582
62.710289 3.13588579
62.809045 3.13673957
62.907801 3.13758715
63.006558 3.13842853
63.105314 3.13926370
63.204070 3.14009268
63.302827 3.14091546
63.401583 3.14173203
63.500339 3.14254241
63.599096 3.14334659
63.697852 3.14414456
63.796609 3.14493634
63.895365 3.14572192
63.994121 3.14650130
64.092878 3.14727447
64.191634 3.14804145
64.290390 3.14880223
64.389147 3.14955681
64.487903 3.15030518
64.586659 3.15104736
64.685416 3.15178334
64.784172 3.15251312
64.882928 3.15323670
64.981685 3.15395408
65.080441 3.15466526
65.179198 3.15537024
65.277954 3.15606901
65.376710 3.15676159
65.475467 3.15744797
65.574223 3.15812815
65.672979 3.15880213
65.771736 3.15946992
65.870492 3.16013150
65.969248 3.16078688
66.068005 3.16143606
66.166761 3.16207904
66.265518 3.16271582
66.364274 3.16334641
66.463030 3.16397079
66.561787 3.16458897
66.660543 3.16520096
66.759299 3.16580674
66.858056 3.16640632
66.956812 3.16699971
67.055568 3.16758689
67.154325 3.16816788
67.253081 3.16874266
67.351837 3.16931125
67.450594 3.16987364
67.549350 3.17042982
67.648107 3.17097981
67.746863 3.17152360
67.845619 3.17206119
67.944376 3.17259258
68.043132 3.17311777
68.141888 3.17363675
68.240645 3.17414955
68.339401 3.17465614
68.438157 3.17515653
68.536914 3.17565072
68.635670 3.17613871
68.734427 3.17662050
68.833183 3.17709610
68.931939 3.17756549
69.030696 3.17802869
69.129452 3.17848568
69.228208 3.17893648
69.326965 3.17938107
69.425721 3.17981947
69.524477 3.18025167
69.623234 3.18067766
69.721990 3.18109746
69.820746 3.18151106
69.919503 3.18191846
70.018259 3.18231966
70.117016 3.18271466
70.215772 3.18310346
70.314528 3.18348607
70.413285 3.18386247
70.512041 3.18423267
70.610797 3.18459668
70.709554 3.18495448
70.808310 3.18530609
70.907066 3.18565150
71.005823 3.18599070
71.104579 3.18632371
71.203336 3.18665052
71.302092 3.18697113
71.400848 3.18728554
71.499605 3.18759374
71.598361 3.18789576
71.697117 3.18819210
71.795874 3.18848791
71.894630 3.18878372
71.993386 3.18907953
72.092143 3.18937534
72.190899 3.18967115
72.289655 3.18996697
72.388412 3.19026280
72.487168 3.19055880
72.585925 3.19085444
