0.098756 1.65325729
0.197513 1.65325813
0.296269 1.65325721
0.395025 1.65325713
0.493782 1.65325714
0.592538 1.65325715
0.691295 1.65325716
0.790051 1.65325717
0.888807 1.65325719
0.987564 1.65325720
1.086320 1.65325721
1.185076 1.65325723
1.283833 1.65325724
1.382589 1.65325726
1.481345 1.65325728
1.580102 1.65325729
1.678858 1.65325731
1.777614 1.65325733
1.876371 1.65325735
1.975127 1.65325737
2.073884 1.65325739
2.172640 1.65325742
2.271396 1.65325744
2.370153 1.65325746
2.468909 1.65325749
2.567665 1.65325751
2.666422 1.65325754
2.765178 1.65325757
2.863934 1.65325760
2.962691 1.65325763
3.061447 1.65325766
3.160204 1.65325770
3.258960 1.65325773
3.357716 1.65325777
3.456473 1.65325780
3.555229 1.65325784
3.653985 1.65325788
3.752742 1.65325792
3.851498 1.65325796
3.950254 1.65325801
4.049011 1.65325805
4.147767 1.65325810
4.246523 1.65325815
4.345280 1.65325820
4.444036 1.65325825
4.542793 1.65325830
4.641549 1.65325835
4.740305 1.65325841
4.839062 1.65325846
4.937818 1.65325852
5.036574 1.65325858
5.135331 1.65325864
5.234087 1.65325870
5.332843 1.65325876
5.431600 1.65325882
5.530356 1.65325889
5.629113 1.65325895
5.727869 1.65325902
5.826625 1.65325909
5.925382 1.65325916
6.024138 1.65325922
6.122894 1.65325930
6.221651 1.65325936
6.320407 1.65325944
6.419163 1.65325951
6.517920 1.65325958
6.616676 1.65325965
6.715432 1.65325973
6.814189 1.65325980
6.912945 1.65325988
7.011702 1.65325995
7.110458 1.65326003
7.209214 1.65326010
7.307971 1.65326018
7.406727 1.65326025
7.505483 1.65326032
7.604240 1.65326040
7.702996 1.65326047
7.801752 1.65326054
7.900509 1.65326062
7.999265 1.65326068
8.098022 1.65326076
8.196778 1.65326082
8.295534 1.65326089
8.394291 1.65326096
8.493047 1.65326102
8.591803 1.65326108
8.690560 1.65326115
8.789316 1.65326120
8.888072 1.65326126
8.986829 1.65326132
9.085585 1.65326137
9.184341 1.65326142
9.283098 1.65326147
9.381854 1.65326151
9.480611 1.65326155
9.579367 1.65326158
9.678123 1.65326162
9.776880 1.65326164
9.875636 1.65326167
9.974392 1.65326169
10.073149 1.65326171
10.171905 1.65326171
10.270661 1.65326172
10.369418 1.65326172
10.468174 1.65326172
10.566931 1.65326170
10.665687 1.65326168
10.764443 1.65326166
10.863200 1.65326163
10.961956 1.65326158
11.060712 1.65326154
11.159469 1.65326148
11.258225 1.65326142
11.356981 1.65326134
11.455738 1.65326126
11.554494 1.65326116
11.653250 1.65326106
11.752007 1.65326094
11.850763 1.65326081
11.949520 1.65326067
12.048276 1.65326051
12.147032 1.65326034
12.245789 1.65326015
12.344545 1.65325994
12.443301 1.65325972
12.542058 1.65325948
12.640814 1.65325922
12.739570 1.65325892
12.838327 1.65325861
12.937083 1.65325827
13.035840 1.65325790
13.134596 1.65325749
13.233352 1.65325706
13.332109 1.65325658
13.430865 1.65325606
13.529621 1.65325548
13.628378 1.65325486
13.727134 1.65325418
13.825890 1.65325344
13.924647 1.65325262
14.023403 1.65325172
14.122159 1.65325073
14.220916 1.65324965
14.319672 1.65324845
14.418429 1.65324713
14.517185 1.65324567
14.615941 1.65324405
14.714698 1.65324225
14.813454 1.65324026
14.912210 1.65323804
15.010967 1.65323558
15.109723 1.65323283
15.208479 1.65322976
15.307236 1.65322633
15.405992 1.65322250
15.504749 1.65321821
15.603505 1.65321340
15.702261 1.65320801
15.801018 1.65320196
15.899774 1.65319516
15.998530 1.65318753
16.097287 1.65317894
16.196043 1.65316928
16.294799 1.65315840
16.393556 1.65314616
16.492312 1.65313236
16.591068 1.65311682
16.689825 1.65309929
16.788581 1.65307954
16.887338 1.65305726
16.986094 1.65303213
17.084850 1.65300379
17.183607 1.65297183
17.282363 1.65293577
17.381119 1.65289510
17.479876 1.65284922
17.578632 1.65279749
17.677388 1.65273914
17.776145 1.65267335
17.874901 1.65259919
17.973658 1.65251559
18.072414 1.65242139
18.171170 1.65231525
18.269927 1.65219571
18.368683 1.65206110
18.467439 1.65190957
18.566196 1.65173904
18.664952 1.65154721
18.763708 1.65133148
18.862465 1.65108897
18.961221 1.65081646
19.059977 1.65051035
19.158734 1.65016666
19.257490 1.64978092
19.356247 1.64934818
19.455003 1.64886293
19.553759 1.64831904
19.652516 1.64770972
19.751272 1.64702742
19.850028 1.64626374
19.948785 1.64540941
20.047541 1.64445412
20.146297 1.64338647
20.245054 1.64219385
20.343810 1.64086226
20.442567 1.63937628
20.541323 1.63771882
20.640079 1.63587104
20.738836 1.63381210
20.837592 1.63151905
20.936348 1.62896652
21.035105 1.62612662
21.133861 1.62296855
21.232617 1.61945846
21.331374 1.61555902
21.430130 1.61122926
21.528886 1.60642397
21.627643 1.60109358
21.726399 1.59518339
21.825156 1.58863337
21.923912 1.58137720
22.022668 1.57334192
22.121425 1.56444665
22.220181 1.55460195
22.318937 1.54370802
22.417694 1.53165347
22.516450 1.51831262
22.615206 1.50354320
22.713963 1.48718196
22.812719 1.46904040
22.911476 1.44889726
23.010232 1.42649046
23.108988 1.40150389
23.207745 1.37355203
23.306501 1.34215581
23.405257 1.30671332
23.504014 1.26645460
23.602770 1.22038524
23.701526 1.16720063
23.800283 1.10517658
23.899039 1.03200526
23.997795 0.94458246
24.096552 0.83869493
24.195308 0.70860719
24.294065 0.54648747
24.392821 0.34158815
24.491577 0.07930346
24.590334 -0.26034727
24.689090 -0.70265952
24.787846 -1.26566272
24.886603 -1.89118967
24.985359 -2.33784500
25.084115 -2.37853192
25.182872 -2.17345224
25.281628 -2.03886778
25.380385 -2.12587203
25.479141 -2.48732044
25.577897 -3.17688545
25.676654 -4.26646691
25.775410 -5.80794626
25.874166 -7.71935689
25.972923 -9.60083403
26.071679 -10.74938205
26.170435 -10.70727528
26.269192 -9.81678999
26.367948 -8.92606482
26.466704 -8.69094277
26.565461 -9.28053047
26.664217 -10.35640198
26.762974 -11.13514734
26.861730 -10.84319576
26.960486 -9.40413299
27.059243 -7.44428368
27.157999 -5.61977794
27.256755 -4.22845649
27.355512 -3.30925302
27.454268 -2.81727262
27.553024 -2.70990588
27.651781 -2.97702846
27.750537 -3.64537296
27.849294 -4.76618672
27.948050 -6.36690520
28.046806 -8.32438923
28.145563 -10.18308768
28.244319 -11.22092815
28.343075 -11.04610048
28.441832 -10.08807871
28.540588 -9.20884809
28.639344 -9.02005998
28.738101 -9.63937923
28.836857 -10.67645025
28.935613 -11.31999041
29.034370 -10.84787541
29.133126 -9.28155457
29.231883 -7.28581381
29.330639 -5.48395651
29.429395 -4.13411234
29.528152 -3.25744642
29.626908 -2.80575677
29.725664 -2.73835994
29.824421 -3.04856634
29.923177 -3.76609607
30.021933 -4.94226628
30.120690 -6.59549274
30.219446 -8.57311093
30.318203 -10.37626628
30.416959 -11.28210296
30.515715 -10.97876392
30.614472 -9.97878609
30.713228 -9.14608733
30.811984 -9.04167226
30.910741 -9.72788084
31.009497 -10.75924281
31.108253 -11.29967183
31.207010 -10.68487947
31.305766 -9.03100588
31.404522 -7.03153851
31.503279 -5.27359332
31.602035 -3.97829673
31.700792 -3.15187500
31.799548 -2.74431186
31.898304 -2.71768310
31.997061 -3.06924628
32.095817 -3.83191592
32.194573 -5.05681785
32.293330 -6.75208651
32.392086 -8.73351187
32.490842 -10.46075558
32.589599 -11.21979019
32.688355 -10.78515165
32.787112 -9.74506622
32.885868 -8.95536205
32.984624 -8.92323683
33.083381 -9.65454211
33.182137 -10.64835002
33.280893 -11.05010696
33.379650 -10.26159172
33.478406 -8.49082210
33.577162 -6.45186990
33.675919 -4.69595416
33.774675 -3.41507717
33.873431 -2.60995020
33.972188 -2.23698216
34.070944 -2.26623720
34.169701 -2.69941770
34.268457 -3.56801758
34.367213 -4.91539691
34.465970 -6.73088447
34.564726 -8.79124089
34.663482 -10.51364525
34.762239 -11.20097277
34.860995 -10.71926997
34.959751 -9.72624600
35.058508 -9.06363989
35.157264 -9.18583348
35.256021 -10.04458986
35.354777 -11.08716906
35.453533 -11.45060161
35.552290 -10.61129861
35.651046 -8.86237747
35.749802 -6.92246197
35.848559 -5.29245962
35.947315 -4.12010493
36.046071 -3.38271725
36.144828 -3.02772609
36.243584 -3.02656916
36.342340 -3.39028537
36.441097 -4.16359709
36.539853 -5.39960952
36.638610 -7.08276699
36.737366 -8.95943089
36.836122 -10.41306365
36.934879 -10.77538681
37.033635 -10.00750647
37.132391 -8.82668277
37.231148 -8.05080117
37.329904 -8.07724255
37.428660 -8.79963477
37.527417 -9.61126354
37.626173 -9.64535671
37.724929 -8.45585440
37.823686 -6.41392406
37.922442 -4.24013133
38.021199 -2.40146487
38.119955 -1.03196295
38.218711 -0.11679302
38.317468 0.38952980
38.416224 0.53044630
38.514980 0.36023933
38.613737 0.03112461
38.712493 -0.12423734
38.811249 0.12708920
38.910006 0.60991189
39.008762 1.06947154
39.107519 1.42767625
39.206275 1.69599902
39.305031 1.89633103
39.403788 2.04557223
39.502544 2.15606658
39.601300 2.23646656
39.700057 2.29279873
39.798813 2.32894483
39.897569 2.34741186
39.996326 2.35101001
40.095082 2.35065729
40.193838 2.34979557
40.292595 2.34882654
40.391351 2.34782091
40.490108 2.34679846
40.588864 2.34576670
40.687620 2.34472903
40.786377 2.34368728
40.885133 2.34264260
40.983889 2.34159572
41.082646 2.34054717
41.181402 2.33949732
41.280158 2.33844642
41.378915 2.33739465
41.477671 2.33634218
41.576428 2.33528924
41.675184 2.33423634
41.773940 2.33318469
41.872697 2.33213758
41.971453 2.33110497
42.070209 2.33012504
42.168966 2.32937426
42.267722 2.32953571
42.366478 2.33057369
42.465235 2.33204743
42.563991 2.33324830
42.662747 2.33309746
42.761504 2.32997937
42.860260 2.32148147
42.959017 2.30402376
43.057773 2.27239056
43.156529 2.21885833
43.255286 2.13282283
43.354042 2.00290126
43.452798 1.82562477
43.551555 1.62658233
43.650311 1.47312973
43.749067 1.43748813
43.847824 1.52924199
43.946580 1.68477642
44.045337 1.82801859
44.144093 1.91794159
44.242849 1.94587869
44.341606 1.91559520
44.440362 1.83165934
44.539118 1.69786071
44.637875 1.52186853
44.736631 1.32797195
44.835387 1.16904800
44.934144 1.10287295
45.032900 1.13376089
45.131656 1.19586943
45.230413 1.20419205
45.329169 1.10121761
45.427926 0.87277718
45.526682 0.57351885
45.625438 0.34301478
45.724195 0.33083932
45.822951 0.56226909
45.921707 0.91732402
46.020464 1.25193019
46.119220 1.49189957
46.217976 1.62673312
46.316733 1.66922326
46.415489 1.63141545
46.514246 1.51905722
46.613002 1.33206430
46.711758 1.06796626
46.810515 0.73461103
46.909271 0.37868724
47.008027 0.10502477
47.106784 0.02036337
47.205540 0.13203667
47.304296 0.36099298
47.403053 0.63387043
47.501809 0.88726261
47.600565 1.08686915
47.699322 1.26870344
47.798078 1.46679526
47.896835 1.65534343
47.995591 1.80622148
48.094347 1.91853522
48.193104 2.00102311
48.291860 2.06171188
48.390616 2.10648467
48.489373 2.13935344
48.588129 2.16303825
48.686885 2.17928481
48.785642 2.18925547
48.884398 2.19348708
48.983155 2.19372461
49.081911 2.19295870
49.180667 2.19200301
49.279424 2.19099272
49.378180 2.18996056
49.476936 2.18891800
49.575693 2.18787004
49.674449 2.18681910
49.773205 2.18576646
49.871962 2.18471281
49.970718 2.18365856
50.069474 2.18260394
50.168231 2.18154909
50.266987 2.18049411
50.365744 2.17943904
50.464500 2.17838391
50.563256 2.17732875
50.662013 2.17627358
50.760769 2.17521895
50.859525 2.17417029
50.958282 2.17312816
51.057038 2.17209256
51.155794 2.17106350
51.254551 2.17004097
51.353307 2.16902497
51.452064 2.16801550
51.550820 2.16701257
51.649576 2.16601617
51.748333 2.16502630
51.847089 2.16404297
51.945845 2.16306617
52.044602 2.16209590
52.143358 2.16113216
52.242114 2.16017495
52.340871 2.15922428
52.439627 2.15828014
52.538383 2.15734253
52.637140 2.15641145
52.735896 2.15548690
52.834653 2.15456889
52.933409 2.15365740
53.032165 2.15275245
53.130922 2.15185403
53.229678 2.15096214
53.328434 2.15007678
53.427191 2.14919796
53.525947 2.14832566
53.624703 2.14745990
53.723460 2.14660066
53.822216 2.14574796
53.920973 2.14490179
54.019729 2.14406215
54.118485 2.14322905
54.217242 2.14240247
54.315998 2.14158242
54.414754 2.14076891
54.513511 2.13996192
54.612267 2.13916147
54.711023 2.13836755
54.809780 2.13758016
54.908536 2.13679930
55.007292 2.13602497
55.106049 2.13525717
55.204805 2.13449591
55.303562 2.13374117
55.402318 2.13299297
55.501074 2.13225129
55.599831 2.13151615
55.698587 2.13078754
55.797343 2.13006546
55.896100 2.12934991
55.994856 2.12864089
56.093612 2.12793840
56.192369 2.12724244
56.291125 2.12655301
56.389882 2.12587011
56.488638 2.12519375
56.587394 2.12452391
56.686151 2.12386061
56.784907 2.12320383
56.883663 2.12255359
56.982420 2.12190988
57.081176 2.12127269
57.179932 2.12064204
57.278689 2.12001792
57.377445 2.11940033
57.476201 2.11878927
57.574958 2.11818474
57.673714 2.11758674
57.772471 2.11699527
57.871227 2.11641033
57.969983 2.11583192
58.068740 2.11526005
58.167496 2.11469470
58.266252 2.11413588
58.365009 2.11358360
58.463765 2.11303784
58.562521 2.11249862
58.661278 2.11196592
58.760034 2.11143976
58.858791 2.11092012
58.957547 2.11040702
59.056303 2.10990044
59.155060 2.10940040
59.253816 2.10890689
59.352572 2.10841991
59.451329 2.10793945
59.550085 2.10746553
59.648841 2.10699814
59.747598 2.10653728
59.846354 2.10608295
59.945110 2.10563515
60.043867 2.10519387
60.142623 2.10475913
60.241380 2.10433092
60.340136 2.10390924
60.438892 2.10349409
60.537649 2.10308547
60.636405 2.10268339
60.735161 2.10228783
60.833918 2.10189880
60.932674 2.10151630
61.031430 2.10114033
61.130187 2.10077089
61.228943 2.10040798
61.327700 2.10005161
61.426456 2.09970176
61.525212 2.09935844
61.623969 2.09902165
61.722725 2.09869140
61.821481 2.09836767
61.920238 2.09805047
62.018994 2.09773980
62.117750 2.09743567
62.216507 2.09713806
62.315263 2.09684698
62.414019 2.09656244
62.512776 2.09628442
62.611532 2.09601294
62.710289 2.09574798
62.809045 2.09548956
62.907801 2.09523766
63.006558 2.09499229
63.105314 2.09475346
63.204070 2.09452115
63.302827 2.09429538
63.401583 2.09407613
63.500339 2.09386342
63.599096 2.09365724
63.697852 2.09345758
63.796609 2.09326446
63.895365 2.09307786
63.994121 2.09289780
64.092878 2.09272427
64.191634 2.09255726
64.290390 2.09239679
64.389147 2.09224284
64.487903 2.09209543
64.586659 2.09195455
64.685416 2.09182020
64.784172 2.09169237
64.882928 2.09157108
64.981685 2.09145632
65.080441 2.09134809
65.179198 2.09124638
65.277954 2.09115121
65.376710 2.09106257
65.475467 2.09098046
65.574223 2.09090488
65.672979 2.09083583
65.771736 2.09077331
65.870492 2.09071732
65.969248 2.09066786
66.068005 2.09062493
66.166761 2.09058853
66.265518 2.09055866
66.364274 2.09053532
66.463030 2.09051851
66.561787 2.09050823
66.660543 2.09050448
66.759299 2.09050726
66.858056 2.09051658
66.956812 2.09053242
67.055568 2.09055479
67.154325 2.09058369
67.253081 2.09061913
67.351837 2.09066109
67.450594 2.09070958
67.549350 2.09076461
67.648107 2.09082616
67.746863 2.09089425
67.845619 2.09096886
67.944376 2.09105001
68.043132 2.09113768
68.141888 2.09123189
68.240645 2.09133263
68.339401 2.09143989
68.438157 2.09155369
68.536914 2.09167402
68.635670 2.09180088
68.734427 2.09193426
68.833183 2.09207418
68.931939 2.09222063
69.030696 2.09237361
69.129452 2.09253312
69.228208 2.09269916
69.326965 2.09287173
69.425721 2.09305084
69.524477 2.09323647
69.623234 2.09342863
69.721990 2.09362732
69.820746 2.09383255
69.919503 2.09404430
70.018259 2.09426259
70.117016 2.09448740
70.215772 2.09471875
70.314528 2.09495662
70.413285 2.09520103
70.512041 2.09545197
70.610797 2.09570943
70.709554 2.09597343
70.808310 2.09624396
70.907066 2.09652102
71.005823 2.09680461
71.104579 2.09709473
71.203336 2.09739138
71.302092 2.09769457
71.400848 2.09800428
71.499605 2.09832053
71.598361 2.09864330
71.697117 2.09897205
71.795874 2.09930136
71.894630 2.09963067
71.993386 2.09995997
72.092143 2.10028928
72.190899 2.10061858
72.289655 2.10094788
72.388412 2.10127722
72.487168 2.10160677
72.585925 2.10193585
