0.098756 1.64818899
0.197513 1.64819161
0.296269 1.64818887
0.395025 1.64818860
0.493782 1.64818863
0.592538 1.64818868
0.691295 1.64818872
0.790051 1.64818876
0.888807 1.64818880
0.987564 1.64818884
1.086320 1.64818887
1.185076 1.64818891
1.283833 1.64818894
1.382589 1.64818897
1.481345 1.64818900
1.580102 1.64818902
1.678858 1.64818905
1.777614 1.64818907
1.876371 1.64818908
1.975127 1.64818910
2.073884 1.64818911
2.172640 1.64818912
2.271396 1.64818912
2.370153 1.64818912
2.468909 1.64818912
2.567665 1.64818911
2.666422 1.64818910
2.765178 1.64818908
2.863934 1.64818906
2.962691 1.64818903
3.061447 1.64818900
3.160204 1.64818896
3.258960 1.64818893
3.357716 1.64818888
3.456473 1.64818883
3.555229 1.64818877
3.653985 1.64818871
3.752742 1.64818864
3.851498 1.64818856
3.950254 1.64818848
4.049011 1.64818840
4.147767 1.64818830
4.246523 1.64818820
4.345280 1.64818809
4.444036 1.64818798
4.542793 1.64818786
4.641549 1.64818773
4.740305 1.64818759
4.839062 1.64818745
4.937818 1.64818730
5.036574 1.64818714
5.135331 1.64818697
5.234087 1.64818680
5.332843 1.64818662
5.431600 1.64818643
5.530356 1.64818622
5.629113 1.64818602
5.727869 1.64818580
5.826625 1.64818558
5.925382 1.64818534
6.024138 1.64818510
6.122894 1.64818484
6.221651 1.64818458
6.320407 1.64818431
6.419163 1.64818403
6.517920 1.64818374
6.616676 1.64818344
6.715432 1.64818312
6.814189 1.64818281
6.912945 1.64818247
7.011702 1.64818213
7.110458 1.64818178
7.209214 1.64818142
7.307971 1.64818104
7.406727 1.64818066
7.505483 1.64818027
7.604240 1.64817986
7.702996 1.64817944
7.801752 1.64817902
7.900509 1.64817858
7.999265 1.64817813
8.098022 1.64817766
8.196778 1.64817719
8.295534 1.64817670
8.394291 1.64817620
8.493047 1.64817569
8.591803 1.64817517
8.690560 1.64817464
8.789316 1.64817409
8.888072 1.64817353
8.986829 1.64817296
9.085585 1.64817237
9.184341 1.64817178
9.283098 1.64817116
9.381854 1.64817054
9.480611 1.64816990
9.579367 1.64816925
9.678123 1.64816859
9.776880 1.64816791
9.875636 1.64816722
9.974392 1.64816652
10.073149 1.64816580
10.171905 1.64816507
10.270661 1.64816432
10.369418 1.64816356
10.468174 1.64816278
10.566931 1.64816199
10.665687 1.64816118
10.764443 1.64816036
10.863200 1.64815952
10.961956 1.64815867
11.060712 1.64815780
11.159469 1.64815692
11.258225 1.64815602
11.356981 1.64815510
11.455738 1.64815416
11.554494 1.64815321
11.653250 1.64815224
11.752007 1.64815125
11.850763 1.64815024
11.949520 1.64814921
12.048276 1.64814816
12.147032 1.64814708
12.245789 1.64814599
12.344545 1.64814487
12.443301 1.64814373
12.542058 1.64814256
12.640814 1.64814137
12.739570 1.64814014
12.838327 1.64813889
12.937083 1.64813760
13.035840 1.64813628
13.134596 1.64813492
13.233352 1.64813353
13.332109 1.64813208
13.430865 1.64813059
13.529621 1.64812905
13.628378 1.64812745
13.727134 1.64812579
13.825890 1.64812406
13.924647 1.64812225
14.023403 1.64812036
14.122159 1.64811838
14.220916 1.64811630
14.319672 1.64811410
14.418429 1.64811177
14.517185 1.64810930
14.615941 1.64810667
14.714698 1.64810386
14.813454 1.64810085
14.912210 1.64809761
15.010967 1.64809412
15.109723 1.64809034
15.208479 1.64808624
15.307236 1.64808178
15.405992 1.64807690
15.504749 1.64807157
15.603505 1.64806571
15.702261 1.64805927
15.801018 1.64805216
15.899774 1.64804430
15.998530 1.64803560
16.097287 1.64802593
16.196043 1.64801519
16.294799 1.64800322
16.393556 1.64798987
16.492312 1.64797496
16.591068 1.64795829
16.689825 1.64793963
16.788581 1.64791873
16.887338 1.64789528
16.986094 1.64786898
17.084850 1.64783944
17.183607 1.64780626
17.282363 1.64776896
17.381119 1.64772703
17.479876 1.64767986
17.578632 1.64762681
17.677388 1.64756711
17.776145 1.64749994
17.874901 1.64742436
17.973658 1.64733931
18.072414 1.64724360
18.171170 1.64713593
18.269927 1.64701479
18.368683 1.64687854
18.467439 1.64672532
18.566196 1.64655306
18.664952 1.64635942
18.763708 1.64614185
18.862465 1.64589743
18.961221 1.64562295
19.059977 1.64531483
19.158734 1.64496908
19.257490 1.64458123
19.356247 1.64414635
19.455003 1.64365894
19.553759 1.64311288
19.652516 1.64250139
19.751272 1.64181694
19.850028 1.64105118
19.948785 1.64019485
20.047541 1.63923768
20.146297 1.63816833
20.245054 1.63697422
20.343810 1.63564145
20.442567 1.63415464
20.541323 1.63249682
20.640079 1.63064923
20.738836 1.62859117
20.837592 1.62629981
20.936348 1.62374997
21.035105 1.62091392
21.133861 1.61776109
21.232617 1.61425785
21.331374 1.61036719
21.430130 1.60604838
21.528886 1.60125664
21.627643 1.59594271
21.726399 1.59005241
21.825156 1.58352612
21.923912 1.57629815
22.022668 1.56829603
22.121425 1.55943964
22.220181 1.54964014
22.318937 1.53879858
22.417694 1.52680430
22.516450 1.51353258
22.615206 1.49884194
22.713963 1.48257024
22.812719 1.46452980
22.911476 1.44450055
23.010232 1.42222132
23.108988 1.39737722
23.207745 1.36958365
23.306501 1.33836282
23.405257 1.30311371
23.504014 1.26306768
23.602770 1.21723117
23.701526 1.16430090
23.800283 1.10255354
23.899039 1.02968266
23.997795 0.94258511
24.096552 0.83704926
24.195308 0.70734123
24.294065 0.54563155
24.392821 0.34117539
24.491577 0.07937073
24.590334 -0.25975808
24.689090 -0.70150040
24.787846 -1.26387779
24.886603 -1.88871457
24.985359 -2.33460691
25.084115 -2.37617110
25.182872 -2.17185492
25.281628 -2.03789995
25.380385 -2.12536856
25.479141 -2.48710297
25.577897 -3.17679061
25.676654 -4.26636636
25.775410 -5.80775547
25.874166 -7.71903089
25.972923 -9.60034837
26.071679 -10.74871760
26.170435 -10.70641774
26.269192 -9.81574452
26.367948 -8.92486407
26.466704 -8.68965029
26.565461 -9.27923802
26.664217 -10.35522723
26.762974 -11.13422669
26.861730 -10.84266652
26.960486 -9.40410810
27.059243 -7.44483141
27.157999 -5.62092640
27.256755 -4.23020571
27.355512 -3.31157324
27.454268 -2.82009546
27.553024 -2.71311730
27.651781 -2.98047339
27.750537 -3.64887299
27.849294 -4.76956738
27.948050 -6.37002191
28.046806 -8.32714024
28.145563 -10.18541573
28.244319 -11.22282047
28.343075 -11.04759112
28.441832 -10.08924797
28.540588 -9.20981396
28.639344 -9.02096666
28.738101 -9.64038451
28.836857 -10.67771071
28.935613 -11.32164553
29.034370 -10.85002949
29.133126 -9.28427088
29.231883 -7.28911612
29.330639 -5.48784024
29.429395 -4.13855272
29.528152 -3.26239418
29.626908 -2.81112669
29.725664 -2.74402362
29.824421 -3.05435970
29.923177 -3.77184250
30.021933 -4.94780850
30.120690 -6.60072187
30.219446 -8.57798022
30.318203 -10.38079326
30.416959 -11.28636817
30.515715 -10.98290096
30.614472 -9.98296022
30.713228 -9.15047445
30.811984 -9.04644571
30.910741 -9.73319838
31.009497 -10.76523392
31.108253 -11.30642595
31.207010 -10.69243748
31.305766 -9.03936577
31.404522 -7.04066726
31.503279 -5.28343993
31.602035 -3.98879698
31.700792 -3.16294436
31.799548 -2.75583263
31.898304 -2.72949607
31.997061 -3.08115348
32.095817 -3.84369356
32.194573 -5.06823409
32.293330 -6.76291929
32.392086 -8.74355621
32.490842 -10.46982290
32.589599 -11.22770537
32.688355 -10.79176062
32.787112 -9.75025300
32.885868 -8.95902441
32.984624 -8.92522890
33.083381 -9.65462519
33.182137 -10.64615309
33.280893 -11.04512063
33.379650 -10.25323871
33.478406 -8.47859320
33.577162 -6.43543084
33.675919 -4.67513352
33.774675 -3.38976242
33.873431 -2.57996301
33.972188 -2.20193343
34.070944 -2.22535897
34.169701 -2.65149638
34.268457 -3.51178671
34.367213 -4.84955086
34.465970 -6.65393766
34.564726 -8.70148857
34.663482 -10.40913645
34.762239 -11.07948444
34.860995 -10.57831925
34.959751 -9.56311874
35.058508 -8.87525318
35.157264 -8.96845680
35.256021 -9.79359758
35.354777 -10.79688853
35.453533 -11.11456163
35.552290 -10.22337012
35.651046 -8.41893680
35.749802 -6.42504068
35.848559 -4.74985717
35.947315 -3.54885674
36.046071 -2.80504515
36.144828 -2.46721039
36.243584 -2.50336039
36.342340 -2.91803832
36.441097 -3.74905737
36.539853 -5.04419155
36.638610 -6.78475123
36.737366 -8.71574470
36.836122 -10.22036191
36.934879 -10.63064552
37.033635 -9.90842119
37.132391 -8.77192892
37.231148 -8.04001367
37.329904 -8.11079825
37.428660 -8.87828148
37.527417 -9.73533054
37.626173 -9.81343531
37.724929 -8.66313834
37.823686 -6.65057967
37.922442 -4.49053318
38.021199 -2.64541280
38.119955 -1.24823556
38.218711 -0.28742693
38.317468 0.27633288
38.416224 0.47995148
38.514980 0.37269387
38.613737 0.10392723
38.712493 0.00536804
38.811249 0.31000218
38.910006 0.84307491
39.008762 1.35020555
39.107519 1.75356269
39.206275 2.06463276
39.305031 2.30495774
39.403788 2.49078633
39.502544 2.63359866
39.601300 2.74069042
39.700057 2.81686488
39.798813 2.86638053
39.897569 2.89234696
39.996326 2.89923320
40.095082 2.90095499
40.193838 2.90187246
40.292595 2.90256710
40.391351 2.90316746
40.490108 2.90371925
40.588864 2.90424337
40.687620 2.90475065
40.786377 2.90524720
40.885133 2.90573671
40.983889 2.90622148
41.082646 2.90670305
41.181402 2.90718244
41.280158 2.90766042
41.378915 2.90813760
41.477671 2.90861455
41.576428 2.90909203
41.675184 2.90957115
41.773940 2.91005405
41.872697 2.91054525
41.971453 2.91105658
42.070209 2.91162953
42.168966 2.91244959
42.267722 2.91423005
42.366478 2.91693817
42.465235 2.92012642
42.563991 2.92307869
42.662747 2.92470863
42.761504 2.92339306
42.860260 2.91671145
42.959017 2.90107630
43.057773 2.87126445
43.156529 2.81954665
43.255286 2.73531422
43.354042 2.60718281
43.452798 2.43168411
43.551555 2.23440676
43.650311 2.08270247
43.749067 2.04878721
43.847824 2.14224472
43.946580 2.29946711
44.045337 2.44439439
44.144093 2.53601416
44.242849 2.56567412
44.341606 2.53715265
44.440362 2.45502667
44.539118 2.32308834
44.637875 2.14900362
44.736631 1.95705206
44.835387 1.80009537
44.934144 1.73589129
45.032900 1.76873495
45.131656 1.83276843
45.230413 1.84297663
45.329169 1.74184923
45.427926 1.51522808
45.526682 1.21777925
45.625438 0.98909808
45.724195 0.97877667
45.822951 1.21208912
45.921707 1.56903929
46.020464 1.90554016
46.119220 2.14740064
46.217976 2.28412877
46.316733 2.32852728
46.415489 2.29264915
46.514246 2.18224625
46.613002 1.99723536
46.711758 1.73514249
46.810515 1.40380648
46.909271 1.04990153
47.008027 0.77823865
47.106784 0.69554284
47.205540 0.80914743
47.304296 1.04001306
47.403053 1.31479657
47.501809 1.57011172
47.600565 1.77167549
47.699322 1.95551465
47.798078 2.15566585
47.896835 2.34632703
47.995591 2.49936372
48.094347 2.61386905
48.193104 2.69856505
48.291860 2.76146001
48.390616 2.80841719
48.489373 2.84342653
48.588129 2.86918380
48.686885 2.88740728
48.785642 2.89923738
48.884398 2.90518922
48.983155 2.90703345
49.081911 2.90783335
49.180667 2.90842827
49.279424 2.90896008
49.378180 2.90946458
49.476936 2.90995505
49.575693 2.91043764
49.674449 2.91091556
49.773205 2.91139060
49.871962 2.91186381
49.970718 2.91233584
50.069474 2.91280710
50.168231 2.91327783
50.266987 2.91374820
50.365744 2.91421834
50.464500 2.91468831
50.563256 2.91515816
50.662013 2.91562793
50.760769 2.91609757
50.859525 2.91656643
50.958282 2.91703444
51.057038 2.91750161
51.155794 2.91796794
51.254551 2.91843345
51.353307 2.91889813
51.452064 2.91936199
51.550820 2.91982502
51.649576 2.92028723
51.748333 2.92074863
51.847089 2.92120920
51.945845 2.92166895
52.044602 2.92212789
52.143358 2.92258600
52.242114 2.92304330
52.340871 2.92349978
52.439627 2.92395544
52.538383 2.92441028
52.637140 2.92486430
52.735896 2.92531751
52.834653 2.92576990
52.933409 2.92622147
53.032165 2.92667222
53.130922 2.92712215
53.229678 2.92757127
53.328434 2.92801957
53.427191 2.92846705
53.525947 2.92891372
53.624703 2.92935956
53.723460 2.92980459
53.822216 2.93024880
53.920973 2.93069219
54.019729 2.93113477
54.118485 2.93157653
54.217242 2.93201747
54.315998 2.93245759
54.414754 2.93289690
54.513511 2.93333539
54.612267 2.93377306
54.711023 2.93420991
54.809780 2.93464595
54.908536 2.93508116
55.007292 2.93551556
55.106049 2.93594915
55.204805 2.93638191
55.303562 2.93681386
55.402318 2.93724500
55.501074 2.93767531
55.599831 2.93810481
55.698587 2.93853349
55.797343 2.93896135
55.896100 2.93938839
55.994856 2.93981462
56.093612 2.94024003
56.192369 2.94066462
56.291125 2.94108840
56.389882 2.94151136
56.488638 2.94193350
56.587394 2.94235482
56.686151 2.94277533
56.784907 2.94319502
56.883663 2.94361389
56.982420 2.94403195
57.081176 2.94444919
57.179932 2.94486561
57.278689 2.94528121
57.377445 2.94569600
57.476201 2.94610997
57.574958 2.94652312
57.673714 2.94693546
57.772471 2.94734697
57.871227 2.94775768
57.969983 2.94816756
58.068740 2.94857663
58.167496 2.94898488
58.266252 2.94939231
58.365009 2.94979892
58.463765 2.95020472
58.562521 2.95060970
58.661278 2.95101387
58.760034 2.95141722
58.858791 2.95181975
58.957547 2.95222146
59.056303 2.95262235
59.155060 2.95302243
59.253816 2.95342170
59.352572 2.95382014
59.451329 2.95421777
59.550085 2.95461458
59.648841 2.95501057
59.747598 2.95540575
59.846354 2.95580011
59.945110 2.95619365
60.043867 2.95658638
60.142623 2.95697828
60.241380 2.95736938
60.340136 2.95775965
60.438892 2.95814911
60.537649 2.95853775
60.636405 2.95892557
60.735161 2.95931258
60.833918 2.95969877
60.932674 2.96008414
61.031430 2.96046869
61.130187 2.96085243
61.228943 2.96123535
61.327700 2.96161745
61.426456 2.96199874
61.525212 2.96237921
61.623969 2.96275886
61.722725 2.96313770
61.821481 2.96351572
61.920238 2.96389292
62.018994 2.96426930
62.117750 2.96464487
62.216507 2.96501962
62.315263 2.96539355
62.414019 2.96576666
62.512776 2.96613896
62.611532 2.96651044
62.710289 2.96688111
62.809045 2.96725095
62.907801 2.96761998
63.006558 2.96798820
63.105314 2.96835559
63.204070 2.96872217
63.302827 2.96908793
63.401583 2.96945287
63.500339 2.96981700
63.599096 2.97018031
63.697852 2.97054280
63.796609 2.97090448
63.895365 2.97126534
63.994121 2.97162538
64.092878 2.97198460
64.191634 2.97234300
64.290390 2.97270059
64.389147 2.97305737
64.487903 2.97341332
64.586659 2.97376846
64.685416 2.97412278
64.784172 2.97447628
64.882928 2.97482896
64.981685 2.97518083
65.080441 2.97553188
65.179198 2.97588211
65.277954 2.97623153
65.376710 2.97658013
65.475467 2.97692791
65.574223 2.97727487
65.672979 2.97762102
65.771736 2.97796635
65.870492 2.97831086
65.969248 2.97865455
66.068005 2.97899743
66.166761 2.97933949
66.265518 2.97968073
66.364274 2.98002115
66.463030 2.98036076
66.561787 2.98069955
66.660543 2.98103752
66.759299 2.98137467
66.858056 2.98171101
66.956812 2.98204653
67.055568 2.98238123
67.154325 2.98271511
67.253081 2.98304818
67.351837 2.98338043
67.450594 2.98371186
67.549350 2.98404247
67.648107 2.98437227
67.746863 2.98470124
67.845619 2.98502940
67.944376 2.98535675
68.043132 2.98568327
68.141888 2.98600898
68.240645 2.98633387
68.339401 2.98665794
68.438157 2.98698120
68.536914 2.98730363
68.635670 2.98762525
68.734427 2.98794605
68.833183 2.98826603
68.931939 2.98858520
69.030696 2.98890355
69.129452 2.98922108
69.228208 2.98953779
69.326965 2.98985368
69.425721 2.99016876
69.524477 2.99048302
69.623234 2.99079646
69.721990 2.99110908
69.820746 2.99142088
69.919503 2.99173187
70.018259 2.99204204
70.117016 2.99235139
70.215772 2.99265992
70.314528 2.99296764
70.413285 2.99327453
70.512041 2.99358061
70.610797 2.99388587
70.709554 2.99419031
70.808310 2.99449394
70.907066 2.99479674
71.005823 2.99509873
71.104579 2.99539990
71.203336 2.99570025
71.302092 2.99599979
71.400848 2.99629850
71.499605 2.99659640
71.598361 2.99689348
71.697117 2.99718981
71.795874 2.99748607
71.894630 2.99778233
71.993386 2.99807859
72.092143 2.99837485
72.190899 2.99867112
72.289655 2.99896738
72.388412 2.99926366
72.487168 2.99956012
72.585925 2.99985620
