0.098756 1.65012584
0.197513 1.65012826
0.296269 1.65012571
0.395025 1.65012544
0.493782 1.65012546
0.592538 1.65012550
0.691295 1.65012554
0.790051 1.65012557
0.888807 1.65012561
0.987564 1.65012566
1.086320 1.65012571
1.185076 1.65012576
1.283833 1.65012581
1.382589 1.65012587
1.481345 1.65012594
1.580102 1.65012600
1.678858 1.65012608
1.777614 1.65012616
1.876371 1.65012625
1.975127 1.65012634
2.073884 1.65012644
2.172640 1.65012654
2.271396 1.65012666
2.370153 1.65012678
2.468909 1.65012691
2.567665 1.65012705
2.666422 1.65012720
2.765178 1.65012736
2.863934 1.65012752
2.962691 1.65012770
3.061447 1.65012789
3.160204 1.65012808
3.258960 1.65012830
3.357716 1.65012852
3.456473 1.65012875
3.555229 1.65012899
3.653985 1.65012925
3.752742 1.65012952
3.851498 1.65012981
3.950254 1.65013010
4.049011 1.65013042
4.147767 1.65013074
4.246523 1.65013108
4.345280 1.65013144
4.444036 1.65013181
4.542793 1.65013220
4.641549 1.65013260
4.740305 1.65013302
4.839062 1.65013346
4.937818 1.65013392
5.036574 1.65013439
5.135331 1.65013488
5.234087 1.65013540
5.332843 1.65013593
5.431600 1.65013648
5.530356 1.65013705
5.629113 1.65013764
5.727869 1.65013825
5.826625 1.65013889
5.925382 1.65013954
6.024138 1.65014022
6.122894 1.65014091
6.221651 1.65014164
6.320407 1.65014238
6.419163 1.65014316
6.517920 1.65014395
6.616676 1.65014477
6.715432 1.65014561
6.814189 1.65014648
6.912945 1.65014737
7.011702 1.65014830
7.110458 1.65014924
7.209214 1.65015022
7.307971 1.65015122
7.406727 1.65015226
7.505483 1.65015331
7.604240 1.65015440
7.702996 1.65015552
7.801752 1.65015667
7.900509 1.65015784
7.999265 1.65015906
8.098022 1.65016029
8.196778 1.65016157
8.295534 1.65016287
8.394291 1.65016420
8.493047 1.65016557
8.591803 1.65016697
8.690560 1.65016840
8.789316 1.65016987
8.888072 1.65017137
8.986829 1.65017291
9.085585 1.65017448
9.184341 1.65017609
9.283098 1.65017773
9.381854 1.65017941
9.480611 1.65018113
9.579367 1.65018288
9.678123 1.65018467
9.776880 1.65018650
9.875636 1.65018837
9.974392 1.65019027
10.073149 1.65019222
10.171905 1.65019420
10.270661 1.65019622
10.369418 1.65019828
10.468174 1.65020038
10.566931 1.65020253
10.665687 1.65020471
10.764443 1.65020693
10.863200 1.65020919
10.961956 1.65021150
11.060712 1.65021384
11.159469 1.65021623
11.258225 1.65021866
11.356981 1.65022113
11.455738 1.65022364
11.554494 1.65022619
11.653250 1.65022879
11.752007 1.65023142
11.850763 1.65023410
11.949520 1.65023681
12.048276 1.65023957
12.147032 1.65024237
12.245789 1.65024521
12.344545 1.65024808
12.443301 1.65025099
12.542058 1.65025394
12.640814 1.65025693
12.739570 1.65025995
12.838327 1.65026300
12.937083 1.65026608
13.035840 1.65026920
13.134596 1.65027234
13.233352 1.65027551
13.332109 1.65027869
13.430865 1.65028190
13.529621 1.65028511
13.628378 1.65028834
13.727134 1.65029156
13.825890 1.65029480
13.924647 1.65029801
14.023403 1.65030121
14.122159 1.65030438
14.220916 1.65030753
14.319672 1.65031061
14.418429 1.65031365
14.517185 1.65031659
14.615941 1.65031946
14.714698 1.65032220
14.813454 1.65032483
14.912210 1.65032728
15.010967 1.65032956
15.109723 1.65033160
15.208479 1.65033341
15.307236 1.65033491
15.405992 1.65033608
15.504749 1.65033685
15.603505 1.65033718
15.702261 1.65033697
15.801018 1.65033618
15.899774 1.65033470
15.998530 1.65033246
16.097287 1.65032930
16.196043 1.65032517
16.294799 1.65031985
16.393556 1.65031325
16.492312 1.65030514
16.591068 1.65029536
16.689825 1.65028364
16.788581 1.65026977
16.887338 1.65025341
16.986094 1.65023428
17.084850 1.65021197
17.183607 1.65018612
17.282363 1.65015620
17.381119 1.65012174
17.479876 1.65008210
17.578632 1.65003668
17.677388 1.64998466
17.776145 1.64992528
17.874901 1.64985753
17.973658 1.64978043
18.072414 1.64969272
18.171170 1.64959315
18.269927 1.64948017
18.368683 1.64935220
18.467439 1.64920730
18.566196 1.64904348
18.664952 1.64885834
18.763708 1.64864937
18.862465 1.64841362
18.961221 1.64814794
19.059977 1.64784866
19.158734 1.64751187
19.257490 1.64713304
19.356247 1.64670731
19.455003 1.64622909
19.553759 1.64569236
19.652516 1.64509023
19.751272 1.64441527
19.850028 1.64365902
19.948785 1.64281233
20.047541 1.64186482
20.146297 1.64080523
20.245054 1.63962088
20.343810 1.63829796
20.442567 1.63682098
20.541323 1.63517304
20.640079 1.63333528
20.738836 1.63128706
20.837592 1.62900543
20.936348 1.62646528
21.035105 1.62363874
21.133861 1.62049530
21.232617 1.61700121
21.331374 1.61311945
21.430130 1.60880918
21.528886 1.60402560
21.627643 1.59871933
21.726399 1.59283613
21.825156 1.58631625
21.923912 1.57909391
22.022668 1.57109650
22.121425 1.56224375
22.220181 1.55244669
22.318937 1.54160619
22.417694 1.52961142
22.516450 1.51633744
22.615206 1.50164263
22.713963 1.48536455
22.812719 1.46731539
22.911476 1.44727478
23.010232 1.42498138
23.108988 1.40011999
23.207745 1.37230587
23.306501 1.34106090
23.405257 1.30578396
23.504014 1.26570605
23.602770 1.21983360
23.701526 1.16686299
23.800283 1.10507093
23.899039 1.03215075
23.997795 0.94499936
24.096552 0.83940501
24.195308 0.70963393
24.294065 0.54785661
24.392821 0.34332828
24.491577 0.08144688
24.590334 -0.25776344
24.689090 -0.69959237
24.787846 -1.26206207
24.886603 -1.88699769
24.985359 -2.33299622
25.084115 -2.37449385
25.182872 -2.17012416
25.281628 -2.03613106
25.380385 -2.12357999
25.479141 -2.48531487
25.577897 -3.17502150
25.676654 -4.26463140
25.775410 -5.80606488
25.874166 -7.71739093
25.972923 -9.59876275
26.071679 -10.74718961
26.170435 -10.70494984
26.269192 -9.81433746
26.367948 -8.92351573
26.466704 -8.68835535
26.565461 -9.27798827
26.664217 -10.35401174
26.762974 -11.13303288
26.861730 -10.84148159
26.960486 -9.40292098
27.059243 -7.44363394
27.157999 -5.61971302
27.256755 -4.22897270
27.355512 -3.31031953
27.454268 -2.81882398
27.553024 -2.71183624
27.651781 -2.97919597
27.750537 -3.64761582
27.849294 -4.76834766
27.948050 -6.36885474
28.046806 -8.32603745
28.145563 -10.18438575
28.244319 -11.22186871
28.343075 -11.04671886
28.441832 -10.08845123
28.540588 -9.20908330
28.639344 -9.02028803
28.738101 -9.63974095
28.836857 -10.67708351
28.935613 -11.32101661
29.034370 -10.84938324
29.133126 -9.28359587
29.231883 -7.28840527
29.330639 -5.48709029
29.429395 -4.13776322
29.528152 -3.26156842
29.626908 -2.81027272
29.725664 -2.74315525
29.824421 -3.05349575
29.923177 -3.77100469
30.021933 -4.94701826
30.120690 -6.59999734
30.219446 -8.57733480
30.318203 -10.38023512
30.416959 -11.28590002
30.515715 -10.98251954
30.614472 -9.98265617
30.713228 -9.15023351
30.811984 -9.04625051
30.910741 -9.73303065
31.009497 -10.76507641
31.108253 -11.30626455
31.207010 -10.69226283
31.305766 -9.03917327
31.404522 -7.04045599
31.503279 -5.28321175
31.602035 -3.98855600
31.700792 -3.16269837
31.799548 -2.75559419
31.898304 -2.72928356
31.997061 -3.08099017
32.095817 -3.84360575
32.194573 -5.06824823
32.293330 -6.76305924
32.392086 -8.74384144
32.490842 -10.47026761
32.589599 -11.22831777
32.688355 -10.79254060
32.787112 -9.75118941
32.885868 -8.96009599
32.984624 -8.92640905
33.083381 -9.65588615
33.182137 -10.64747016
33.280893 -11.04647460
33.379650 -10.25461891
33.478406 -8.47999582
33.577162 -6.43685707
33.675919 -4.67658767
33.774675 -3.39125392
33.873431 -2.58150890
33.972188 -2.20356048
34.070944 -2.22710426
34.169701 -2.65340564
34.268457 -3.51391063
34.367213 -4.85193996
34.465970 -6.65663546
34.564726 -8.70452624
34.663482 -10.41252914
34.762239 -11.08323023
34.860995 -10.58239857
34.959751 -9.56749691
35.058508 -8.87989132
35.157264 -8.97332977
35.256021 -9.79870843
35.354777 -10.80228100
35.453533 -11.12032463
35.552290 -10.22961930
35.651046 -8.42577934
35.749802 -6.43254759
35.848559 -4.75806481
35.947315 -3.55778423
36.046071 -2.81470918
36.144828 -2.47763584
36.243584 -2.51458638
36.342340 -2.93011664
36.441097 -3.76204665
36.539853 -5.05814757
36.638610 -6.79971307
36.737366 -8.73171763
36.836122 -10.23730808
36.934879 -10.64848700
37.033635 -9.92706410
37.132391 -8.79129777
37.231148 -8.06008773
37.329904 -8.13164765
37.428660 -8.90009344
37.527417 -9.75842776
37.626173 -9.83826510
37.724929 -8.69018242
37.823686 -6.68022422
37.922442 -4.52298402
38.021199 -2.68070104
38.119955 -1.28627255
38.218711 -0.32804851
38.317468 0.23331849
38.416224 0.43471588
38.514980 0.32536959
38.613737 0.05460669
38.712493 -0.04589902
38.811249 0.25680881
38.910006 0.78796080
39.008762 1.29318350
39.107519 1.69466244
39.206275 2.00391932
39.305031 2.24255012
39.403788 2.42685075
39.502544 2.56833054
39.601300 2.67430962
39.700057 2.74961049
39.798813 2.79848947
39.897569 2.82405046
39.996326 2.83073651
40.095082 2.83232371
40.193838 2.83312020
40.292595 2.83369913
40.391351 2.83418652
40.490108 2.83462687
40.588864 2.83504045
40.687620 2.83543771
40.786377 2.83582458
40.885133 2.83620460
40.983889 2.83658002
41.082646 2.83695230
41.181402 2.83732245
41.280158 2.83769121
41.378915 2.83805916
41.477671 2.83842688
41.576428 2.83879508
41.675184 2.83916486
41.773940 2.83953831
41.872697 2.83991990
41.971453 2.84032137
42.070209 2.84078405
42.168966 2.84149297
42.267722 2.84315974
42.366478 2.84575131
42.465235 2.84882035
42.563991 2.85165110
42.662747 2.85315760
42.761504 2.85171711
42.860260 2.84490958
42.959017 2.82914803
43.057773 2.79920978
43.156529 2.74736594
43.255286 2.66300816
43.354042 2.53475217
43.452798 2.35912959
43.551555 2.16172901
43.650311 2.00990233
43.749067 1.97586580
43.847824 2.06920320
43.946580 2.22630629
44.045337 2.37111434
44.144093 2.46261402
44.242849 2.49215207
44.341606 2.46350598
44.440362 2.38125207
44.539118 2.24918233
44.637875 2.07496293
44.736631 1.88287408
44.835387 1.72577854
44.934144 1.66143531
45.032900 1.69414084
45.131656 1.75803830
45.230413 1.76811319
45.329169 1.66685513
45.427926 1.44010523
45.526682 1.14252826
45.625438 0.91371787
45.724195 0.90326486
45.822951 1.13644349
45.921707 1.49325885
46.020464 1.82962493
46.119220 2.07135088
46.217976 2.20794426
46.316733 2.25220707
46.415489 2.21619178
46.514246 2.10564994
46.613002 1.92049828
46.711758 1.65826304
46.810515 1.32678366
46.909271 0.97273529
47.008027 0.70093012
47.106784 0.61809411
47.205540 0.73156058
47.304296 0.96228941
47.403053 1.23693625
47.501809 1.49211358
47.600565 1.69353729
47.699322 1.87723330
47.798078 2.07723784
47.896835 2.26774892
47.995591 2.42063263
48.094347 2.53498293
48.193104 2.61952294
48.291860 2.68226214
48.390616 2.72906514
48.489373 2.76392334
48.588129 2.78953413
48.686885 2.80761767
48.785642 2.81931585
48.884398 2.82514527
48.983155 2.82687483
49.081911 2.82756289
49.180667 2.82804704
49.279424 2.82846868
49.378180 2.82886340
49.476936 2.82924435
49.575693 2.82961760
49.674449 2.82998629
49.773205 2.83035220
49.871962 2.83071633
49.970718 2.83107932
50.069474 2.83144156
50.168231 2.83180330
50.266987 2.83216470
50.365744 2.83252587
50.464500 2.83288688
50.563256 2.83324778
50.662013 2.83360860
50.760769 2.83396934
50.859525 2.83432978
50.958282 2.83468990
51.057038 2.83504971
51.155794 2.83540921
51.254551 2.83576841
51.353307 2.83612732
51.452064 2.83648592
51.550820 2.83684423
51.649576 2.83720225
51.748333 2.83755998
51.847089 2.83791741
51.945845 2.83827455
52.044602 2.83863139
52.143358 2.83898795
52.242114 2.83934421
52.340871 2.83970019
52.439627 2.84005587
52.538383 2.84041126
52.637140 2.84076636
52.735896 2.84112117
52.834653 2.84147569
52.933409 2.84182991
53.032165 2.84218385
53.130922 2.84253749
53.229678 2.84289085
53.328434 2.84324391
53.427191 2.84359669
53.525947 2.84394917
53.624703 2.84430136
53.723460 2.84465326
53.822216 2.84500488
53.920973 2.84535620
54.019729 2.84570723
54.118485 2.84605797
54.217242 2.84640842
54.315998 2.84675858
54.414754 2.84710844
54.513511 2.84745802
54.612267 2.84780731
54.711023 2.84815631
54.809780 2.84850502
54.908536 2.84885343
55.007292 2.84920156
55.106049 2.84954940
55.204805 2.84989694
55.303562 2.85024420
55.402318 2.85059117
55.501074 2.85093784
55.599831 2.85128423
55.698587 2.85163032
55.797343 2.85197613
55.896100 2.85232164
55.994856 2.85266687
56.093612 2.85301180
56.192369 2.85335645
56.291125 2.85370080
56.389882 2.85404487
56.488638 2.85438864
56.587394 2.85473213
56.686151 2.85507532
56.784907 2.85541823
56.883663 2.85576085
56.982420 2.85610317
57.081176 2.85644521
57.179932 2.85678695
57.278689 2.85712841
57.377445 2.85746957
57.476201 2.85781045
57.574958 2.85815103
57.673714 2.85849133
57.772471 2.85883133
57.871227 2.85917105
57.969983 2.85951047
58.068740 2.85984961
58.167496 2.86018846
58.266252 2.86052701
58.365009 2.86086528
58.463765 2.86120326
58.562521 2.86154094
58.661278 2.86187834
58.760034 2.86221545
58.858791 2.86255227
58.957547 2.86288879
59.056303 2.86322503
59.155060 2.86356098
59.253816 2.86389664
59.352572 2.86423200
59.451329 2.86456708
59.550085 2.86490187
59.648841 2.86523637
59.747598 2.86557058
59.846354 2.86590450
59.945110 2.86623813
60.043867 2.86657147
60.142623 2.86690452
60.241380 2.86723728
60.340136 2.86756975
60.438892 2.86790193
60.537649 2.86823382
60.636405 2.86856542
60.735161 2.86889673
60.833918 2.86922776
60.932674 2.86955849
61.031430 2.86988893
61.130187 2.87021908
61.228943 2.87054895
61.327700 2.87087852
61.426456 2.87120780
61.525212 2.87153679
61.623969 2.87186550
61.722725 2.87219391
61.821481 2.87252203
61.920238 2.87284987
62.018994 2.87317741
62.117750 2.87350467
62.216507 2.87383163
62.315263 2.87415831
62.414019 2.87448469
62.512776 2.87481079
62.611532 2.87513659
62.710289 2.87546211
62.809045 2.87578733
62.907801 2.87611227
63.006558 2.87643692
63.105314 2.87676127
63.204070 2.87708534
63.302827 2.87740911
63.401583 2.87773260
63.500339 2.87805580
63.599096 2.87837870
63.697852 2.87870132
63.796609 2.87902365
63.895365 2.87934569
63.994121 2.87966743
64.092878 2.87998889
64.191634 2.88031006
64.290390 2.88063094
64.389147 2.88095152
64.487903 2.88127182
64.586659 2.88159183
64.685416 2.88191155
64.784172 2.88223097
64.882928 2.88255011
64.981685 2.88286896
65.080441 2.88318752
65.179198 2.88350578
65.277954 2.88382376
65.376710 2.88414145
65.475467 2.88445885
65.574223 2.88477596
65.672979 2.88509277
65.771736 2.88540930
65.870492 2.88572554
65.969248 2.88604149
66.068005 2.88635714
66.166761 2.88667251
66.265518 2.88698759
66.364274 2.88730237
66.463030 2.88761687
66.561787 2.88793108
66.660543 2.88824499
66.759299 2.88855862
66.858056 2.88887196
66.956812 2.88918500
67.055568 2.88949776
67.154325 2.88981023
67.253081 2.89012240
67.351837 2.89043429
67.450594 2.89074588
67.549350 2.89105719
67.648107 2.89136820
67.746863 2.89167892
67.845619 2.89198936
67.944376 2.89229950
68.043132 2.89260935
68.141888 2.89291892
68.240645 2.89322819
68.339401 2.89353717
68.438157 2.89384586
68.536914 2.89415427
68.635670 2.89446238
68.734427 2.89477020
68.833183 2.89507773
68.931939 2.89538497
69.030696 2.89569192
69.129452 2.89599858
69.228208 2.89630494
69.326965 2.89661102
69.425721 2.89691681
69.524477 2.89722231
69.623234 2.89752751
69.721990 2.89783243
69.820746 2.89813705
69.919503 2.89844139
70.018259 2.89874543
70.117016 2.89904919
70.215772 2.89935265
70.314528 2.89965582
70.413285 2.89995870
70.512041 2.90026129
70.610797 2.90056359
70.709554 2.90086560
70.808310 2.90116732
70.907066 2.90146875
71.005823 2.90176989
71.104579 2.90207073
71.203336 2.90237129
71.302092 2.90267156
71.400848 2.90297153
71.499605 2.90327121
71.598361 2.90357061
71.697117 2.90386973
71.795874 2.90416884
71.894630 2.90446794
71.993386 2.90476704
72.092143 2.90506614
72.190899 2.90536524
72.289655 2.90566435
72.388412 2.90596347
72.487168 2.90626278
72.585925 2.90656170
