0.098756 1.64905380
0.197513 1.64905544
0.296269 1.64905371
0.395025 1.64905352
0.493782 1.64905354
0.592538 1.64905356
0.691295 1.64905359
0.790051 1.64905361
0.888807 1.64905364
0.987564 1.64905367
1.086320 1.64905371
1.185076 1.64905374
1.283833 1.64905378
1.382589 1.64905383
1.481345 1.64905388
1.580102 1.64905393
1.678858 1.64905399
1.777614 1.64905405
1.876371 1.64905412
1.975127 1.64905419
2.073884 1.64905427
2.172640 1.64905435
2.271396 1.64905445
2.370153 1.64905454
2.468909 1.64905465
2.567665 1.64905476
2.666422 1.64905488
2.765178 1.64905501
2.863934 1.64905515
2.962691 1.64905530
3.061447 1.64905545
3.160204 1.64905562
3.258960 1.64905579
3.357716 1.64905598
3.456473 1.64905618
3.555229 1.64905638
3.653985 1.64905660
3.752742 1.64905683
3.851498 1.64905707
3.950254 1.64905732
4.049011 1.64905759
4.147767 1.64905787
4.246523 1.64905817
4.345280 1.64905847
4.444036 1.64905880
4.542793 1.64905913
4.641549 1.64905948
4.740305 1.64905985
4.839062 1.64906023
4.937818 1.64906063
5.036574 1.64906105
5.135331 1.64906148
5.234087 1.64906193
5.332843 1.64906240
5.431600 1.64906289
5.530356 1.64906339
5.629113 1.64906392
5.727869 1.64906447
5.826625 1.64906504
5.925382 1.64906562
6.024138 1.64906623
6.122894 1.64906686
6.221651 1.64906752
6.320407 1.64906819
6.419163 1.64906889
6.517920 1.64906961
6.616676 1.64907037
6.715432 1.64907114
6.814189 1.64907194
6.912945 1.64907276
7.011702 1.64907362
7.110458 1.64907449
7.209214 1.64907540
7.307971 1.64907633
7.406727 1.64907730
7.505483 1.64907829
7.604240 1.64907932
7.702996 1.64908037
7.801752 1.64908146
7.900509 1.64908258
7.999265 1.64908373
8.098022 1.64908491
8.196778 1.64908614
8.295534 1.64908739
8.394291 1.64908868
8.493047 1.64909000
8.591803 1.64909137
8.690560 1.64909276
8.789316 1.64909420
8.888072 1.64909568
8.986829 1.64909720
9.085585 1.64909875
9.184341 1.64910035
9.283098 1.64910198
9.381854 1.64910367
9.480611 1.64910539
9.579367 1.64910716
9.678123 1.64910897
9.776880 1.64911084
9.875636 1.64911274
9.974392 1.64911469
10.073149 1.64911669
10.171905 1.64911874
10.270661 1.64912083
10.369418 1.64912299
10.468174 1.64912518
10.566931 1.64912744
10.665687 1.64912974
10.764443 1.64913210
10.863200 1.64913450
10.961956 1.64913698
11.060712 1.64913949
11.159469 1.64914207
11.258225 1.64914470
11.356981 1.64914740
11.455738 1.64915014
11.554494 1.64915296
11.653250 1.64915582
11.752007 1.64915876
11.850763 1.64916174
11.949520 1.64916480
12.048276 1.64916790
12.147032 1.64917108
12.245789 1.64917431
12.344545 1.64917762
12.443301 1.64918097
12.542058 1.64918440
12.640814 1.64918788
12.739570 1.64919143
12.838327 1.64919503
12.937083 1.64919870
13.035840 1.64920241
13.134596 1.64920620
13.233352 1.64921003
13.332109 1.64921393
13.430865 1.64921786
13.529621 1.64922185
13.628378 1.64922588
13.727134 1.64922995
13.825890 1.64923405
13.924647 1.64923819
14.023403 1.64924234
14.122159 1.64924652
14.220916 1.64925068
14.319672 1.64925486
14.418429 1.64925900
14.517185 1.64926313
14.615941 1.64926720
14.714698 1.64927121
14.813454 1.64927513
14.912210 1.64927894
15.010967 1.64928262
15.109723 1.64928613
15.208479 1.64928944
15.307236 1.64929251
15.405992 1.64929529
15.504749 1.64929774
15.603505 1.64929979
15.702261 1.64930138
15.801018 1.64930243
15.899774 1.64930288
15.998530 1.64930259
16.097287 1.64930150
16.196043 1.64929944
16.294799 1.64929631
16.393556 1.64929193
16.492312 1.64928614
16.591068 1.64927872
16.689825 1.64926946
16.788581 1.64925809
16.887338 1.64924434
16.986094 1.64922787
17.084850 1.64920832
17.183607 1.64918526
17.282363 1.64915826
17.381119 1.64912676
17.479876 1.64909020
17.578632 1.64904790
17.677388 1.64899913
17.776145 1.64894304
17.874901 1.64887870
17.973658 1.64880506
18.072414 1.64872094
18.171170 1.64862500
18.269927 1.64851579
18.368683 1.64839163
18.467439 1.64825068
18.566196 1.64809085
18.664952 1.64790984
18.763708 1.64770505
18.862465 1.64747361
18.961221 1.64721229
19.059977 1.64691751
19.158734 1.64658526
19.257490 1.64621111
19.356247 1.64579010
19.455003 1.64531673
19.553759 1.64478489
19.652516 1.64418778
19.751272 1.64351787
19.850028 1.64276681
19.948785 1.64192531
20.047541 1.64098312
20.146297 1.63992887
20.245054 1.63874997
20.343810 1.63743249
20.442567 1.63596105
20.541323 1.63431864
20.640079 1.63248646
20.738836 1.63044380
20.837592 1.62816776
20.936348 1.62563316
21.035105 1.62281215
21.133861 1.61967417
21.232617 1.61618546
21.331374 1.61230897
21.430130 1.60800384
21.528886 1.60322522
21.627643 1.59792369
21.726399 1.59204501
21.825156 1.58552930
21.923912 1.57831081
22.022668 1.57031679
22.121425 1.56146700
22.220181 1.55167226
22.318937 1.54083351
22.417694 1.52883965
22.516450 1.51556585
22.615206 1.50087013
22.713963 1.48459017
22.812719 1.46653776
22.911476 1.44649261
23.010232 1.42419291
23.108988 1.39932356
23.207745 1.37149922
23.306501 1.34024183
23.405257 1.30494955
23.504014 1.26485335
23.602770 1.21895873
23.701526 1.16596189
23.800283 1.10413832
23.899039 1.03118083
23.997795 0.94398476
24.096552 0.83833727
24.195308 0.70850236
24.294065 0.54664864
24.392821 0.34202822
24.491577 0.08003605
24.590334 -0.25930797
24.689090 -0.70129763
24.787846 -1.26396032
24.886603 -1.88912584
24.985359 -2.33539597
25.084115 -2.37644088
25.182872 -2.17167636
25.281628 -2.03735528
25.380385 -2.12455846
25.479141 -2.48613511
25.577897 -3.17576481
25.676654 -4.26536199
25.775410 -5.80682718
25.874166 -7.71820982
25.972923 -9.59965294
26.071679 -10.74816194
26.170435 -10.70601045
26.269192 -9.81547922
26.367948 -8.92471349
26.466704 -8.68956665
26.565461 -9.27915605
26.664217 -10.35506845
26.762974 -11.13390477
26.861730 -10.84210027
26.960486 -9.40323509
27.059243 -7.44362000
27.157999 -5.61937114
27.256755 -4.22832080
27.355512 -3.30939166
27.454268 -2.81767336
27.553024 -2.71053598
27.651781 -2.97783564
27.750537 -3.64629156
27.849294 -4.76714861
27.948050 -6.36784918
28.046806 -8.32526478
28.145563 -10.18385321
28.244319 -11.22155028
28.343075 -11.04655833
28.441832 -10.08837368
28.540588 -9.20900640
28.639344 -9.02013015
28.738101 -9.63942701
28.836857 -10.67655310
28.935613 -11.32023042
29.034370 -10.84832819
29.133126 -9.28227789
29.231883 -7.28684114
29.330639 -5.48530016
29.429395 -4.13576893
29.528152 -3.25939598
29.626908 -2.80795870
29.725664 -2.74075040
29.824421 -3.05106134
29.923177 -3.76860117
30.021933 -4.94469018
30.120690 -6.59776029
30.219446 -8.57516925
30.318203 -10.37808707
30.416959 -11.28368356
30.515715 -10.98012982
30.614472 -9.97998927
30.713228 -9.14720155
30.811984 -9.04278419
30.910741 -9.72908222
31.009497 -10.76062095
31.108253 -11.30130110
31.207010 -10.68681137
31.305766 -9.03326551
31.404522 -7.03412564
31.503279 -5.27648858
31.602035 -3.98146559
31.700792 -3.15526667
31.799548 -2.74785523
31.898304 -2.72128561
31.997061 -3.07279798
32.095817 -3.83529914
32.194573 -5.05991932
32.293330 -6.75481014
32.392086 -8.73578629
32.490842 -10.46253906
32.589599 -11.22107355
32.688355 -10.78596450
32.787112 -9.74548102
32.885868 -8.95548783
32.984624 -8.92320176
33.083381 -9.65447838
33.182137 -10.64838125
33.280893 -11.05033673
33.379650 -10.26209211
33.478406 -8.49162858
33.577162 -6.45298658
33.675919 -4.69735836
33.774675 -3.41671689
33.873431 -2.61173699
33.972188 -2.23878689
34.070944 -2.26789236
34.169701 -2.70072690
34.268457 -3.56876789
34.367213 -4.91537901
34.465970 -6.72991710
34.564726 -8.78919043
34.663482 -10.51043570
34.762239 -11.19659141
34.860995 -10.71377029
34.959751 -9.71974430
35.058508 -9.05626856
35.157264 -9.17766561
35.256021 -10.03557610
35.354777 -11.07708285
35.453533 -11.43902008
35.552290 -10.59768589
35.651046 -8.84624308
35.749802 -6.90348377
35.848559 -5.27047807
35.947315 -4.09504640
36.046071 -3.35452895
36.144828 -2.99632772
36.243584 -2.99182306
36.342340 -3.35199800
36.441097 -4.12154029
36.539853 -5.35355577
36.638610 -7.03254847
36.737366 -8.90500995
36.836122 -10.35457385
36.934879 -10.71311848
37.033635 -9.94180599
37.132391 -8.75780809
37.231148 -7.97876183
37.329904 -8.00163223
37.428660 -8.71951564
37.527417 -9.52507970
37.626173 -9.55099284
37.724929 -8.35104720
37.823686 -6.29686358
37.922442 -4.10986362
38.021199 -2.25791735
38.119955 -0.87568176
38.218711 0.05132648
38.317468 0.56846854
38.416224 0.71928495
38.514980 0.55824054
38.613737 0.23773664
38.712493 0.09063558
38.811249 0.35001266
38.910006 0.84075681
39.008762 1.30808744
39.107519 1.67385214
39.206275 1.94937824
39.305031 2.15632886
39.403788 2.31144566
39.502544 2.42701648
39.601300 2.51168578
39.700057 2.57146623
39.798813 2.61020772
39.897569 2.63038905
39.996326 2.63486822
40.095082 2.63512637
40.193838 2.63482186
40.292595 2.63438957
40.391351 2.63391021
40.490108 2.63340822
40.588864 2.63289357
40.687620 2.63237106
40.786377 2.63184332
40.885133 2.63131196
40.983889 2.63077801
41.082646 2.63024217
41.181402 2.62970492
41.280158 2.62916660
41.378915 2.62862746
41.477671 2.62808776
41.576428 2.62754782
41.675184 2.62700828
41.773940 2.62647057
41.872697 2.62593824
41.971453 2.62542170
42.070209 2.62495993
42.168966 2.62473164
42.267722 2.62542779
42.366478 2.62701406
42.465235 2.62904845
42.563991 2.63082074
42.662747 2.63125031
42.761504 2.62871969
42.860260 2.62081415
42.959017 2.60395160
43.057773 2.57291419
43.156529 2.51997665
43.255286 2.43453334
43.354042 2.30520086
43.452798 2.12851039
43.551555 1.93005067
43.650311 1.77717617
43.749067 1.74210652
43.847824 1.83442597
43.946580 1.99052179
44.045337 2.13432505
44.144093 2.22481328
44.242849 2.25332423
44.341606 2.22362724
44.440362 2.14029322
44.539118 2.00711255
44.637875 1.83175339
44.736631 1.63850187
44.835387 1.48023021
44.934144 1.41470886
45.032900 1.44624596
45.131656 1.50899419
45.230413 1.51794429
45.329169 1.41558532
45.427926 1.18775175
45.526682 0.88909731
45.625438 0.65920155
45.724195 0.64764450
45.822951 0.87970195
45.921707 1.23538869
46.020464 1.57062660
46.119220 1.81122674
46.217976 1.94669242
46.316733 1.98981941
46.415489 1.95265562
46.514246 1.84094997
46.613002 1.65461850
46.711758 1.39118958
46.810515 1.05850816
46.909271 0.70325817
47.008027 0.43026338
47.106784 0.34625877
47.205540 0.45857782
47.304296 0.68817284
47.403053 0.96168795
47.501809 1.21572329
47.600565 1.41598415
47.699322 1.59848828
47.798078 1.79726773
47.896835 1.98652106
47.995591 2.13811922
48.094347 2.25116387
48.193104 2.33438810
48.291860 2.39581263
48.390616 2.44131405
48.489373 2.47489708
48.588129 2.49927382
48.686885 2.51618093
48.785642 2.52677355
48.884398 2.53158136
48.983155 2.53235773
49.081911 2.53211712
49.180667 2.53168165
49.279424 2.53118871
49.378180 2.53067207
49.476936 2.53014381
49.575693 2.52960932
49.674449 2.52907128
49.773205 2.52853115
49.871962 2.52798973
49.970718 2.52744752
50.069474 2.52690479
50.168231 2.52636174
50.266987 2.52581848
50.365744 2.52527508
50.464500 2.52473159
50.563256 2.52418803
50.662013 2.52364444
50.760769 2.52310117
50.859525 2.52256159
50.958282 2.52202606
51.057038 2.52149458
51.155794 2.52096715
51.254551 2.52044377
51.353307 2.51992445
51.452064 2.51940919
51.550820 2.51889798
51.649576 2.51839083
51.748333 2.51788774
51.847089 2.51738871
51.945845 2.51689373
52.044602 2.51640281
52.143358 2.51591595
52.242114 2.51543315
52.340871 2.51495440
52.439627 2.51447971
52.538383 2.51400908
52.637140 2.51354251
52.735896 2.51308000
52.834653 2.51262154
52.933409 2.51216714
53.032165 2.51171680
53.130922 2.51127051
53.229678 2.51082829
53.328434 2.51039012
53.427191 2.50995601
53.525947 2.50952596
53.624703 2.50909997
53.723460 2.50867803
53.822216 2.50826015
53.920973 2.50784633
54.019729 2.50743657
54.118485 2.50703087
54.217242 2.50662922
54.315998 2.50623164
54.414754 2.50583811
54.513511 2.50544864
54.612267 2.50506322
54.711023 2.50468187
54.809780 2.50430457
54.908536 2.50393133
55.007292 2.50356215
55.106049 2.50319703
55.204805 2.50283597
55.303562 2.50247896
55.402318 2.50212601
55.501074 2.50177713
55.599831 2.50143229
55.698587 2.50109152
55.797343 2.50075481
55.896100 2.50042215
55.994856 2.50009355
56.093612 2.49976902
56.192369 2.49944853
56.291125 2.49913211
56.389882 2.49881975
56.488638 2.49851144
56.587394 2.49820719
56.686151 2.49790701
56.784907 2.49761088
56.883663 2.49731880
56.982420 2.49703079
57.081176 2.49674683
57.179932 2.49646694
57.278689 2.49619110
57.377445 2.49591932
57.476201 2.49565160
57.574958 2.49538793
57.673714 2.49512833
57.772471 2.49487278
57.871227 2.49462129
57.969983 2.49437386
58.068740 2.49413049
58.167496 2.49389118
58.266252 2.49365593
58.365009 2.49342473
58.463765 2.49319759
58.562521 2.49297452
58.661278 2.49275550
58.760034 2.49254053
58.858791 2.49232963
58.957547 2.49212279
59.056303 2.49192000
59.155060 2.49172127
59.253816 2.49152660
59.352572 2.49133599
59.451329 2.49114944
59.550085 2.49096694
59.648841 2.49078851
59.747598 2.49061413
59.846354 2.49044381
59.945110 2.49027755
60.043867 2.49011535
60.142623 2.48995721
60.241380 2.48980312
60.340136 2.48965310
60.438892 2.48950713
60.537649 2.48936522
60.636405 2.48922737
60.735161 2.48909357
60.833918 2.48896384
60.932674 2.48883816
61.031430 2.48871655
61.130187 2.48859899
61.228943 2.48848549
61.327700 2.48837604
61.426456 2.48827066
61.525212 2.48816934
61.623969 2.48807207
61.722725 2.48797886
61.821481 2.48788971
61.920238 2.48780462
62.018994 2.48772358
62.117750 2.48764661
62.216507 2.48757369
62.315263 2.48750483
62.414019 2.48744003
62.512776 2.48737929
62.611532 2.48732260
62.710289 2.48726998
62.809045 2.48722141
62.907801 2.48717690
63.006558 2.48713645
63.105314 2.48710006
63.204070 2.48706772
63.302827 2.48703945
63.401583 2.48701523
63.500339 2.48699507
63.599096 2.48697897
63.697852 2.48696693
63.796609 2.48695894
63.895365 2.48695501
63.994121 2.48695515
64.092878 2.48695934
64.191634 2.48696758
64.290390 2.48697989
64.389147 2.48699625
64.487903 2.48701667
64.586659 2.48704115
64.685416 2.48706969
64.784172 2.48710229
64.882928 2.48713894
64.981685 2.48717965
65.080441 2.48722442
65.179198 2.48727325
65.277954 2.48732614
65.376710 2.48738308
65.475467 2.48744409
65.574223 2.48750915
65.672979 2.48757826
65.771736 2.48765144
65.870492 2.48772868
65.969248 2.48780997
66.068005 2.48789532
66.166761 2.48798473
66.265518 2.48807819
66.364274 2.48817571
66.463030 2.48827730
66.561787 2.48838294
66.660543 2.48849263
66.759299 2.48860639
66.858056 2.48872420
66.956812 2.48884607
67.055568 2.48897200
67.154325 2.48910199
67.253081 2.48923603
67.351837 2.48937413
67.450594 2.48951629
67.549350 2.48966251
67.648107 2.48981278
67.746863 2.48996711
67.845619 2.49012550
67.944376 2.49028795
68.043132 2.49045446
68.141888 2.49062502
68.240645 2.49079964
68.339401 2.49097832
68.438157 2.49116105
68.536914 2.49134785
68.635670 2.49153870
68.734427 2.49173361
68.833183 2.49193257
68.931939 2.49213560
69.030696 2.49234268
69.129452 2.49255382
69.228208 2.49276901
69.326965 2.49298826
69.425721 2.49321157
69.524477 2.49343894
69.623234 2.49367037
69.721990 2.49390585
69.820746 2.49414539
69.919503 2.49438899
70.018259 2.49463664
70.117016 2.49488836
70.215772 2.49514413
70.314528 2.49540395
70.413285 2.49566784
70.512041 2.49593578
70.610797 2.49620778
70.709554 2.49648383
70.808310 2.49676394
70.907066 2.49704811
71.005823 2.49733634
71.104579 2.49762863
71.203336 2.49792497
71.302092 2.49822537
71.400848 2.49852982
71.499605 2.49883834
71.598361 2.49915091
71.697117 2.49946719
71.795874 2.49978382
71.894630 2.50010045
71.993386 2.50041708
72.092143 2.50073370
72.190899 2.50105033
72.289655 2.50136696
72.388412 2.50168361
72.487168 2.50200047
72.585925 2.50231689
