0.098756 1.66664566
0.197513 1.66664457
0.296269 1.66664574
0.395025 1.66664586
0.493782 1.66664584
0.592538 1.66664583
0.691295 1.66664581
0.790051 1.66664579
0.888807 1.66664578
0.987564 1.66664576
1.086320 1.66664574
1.185076 1.66664572
1.283833 1.66664570
1.382589 1.66664567
1.481345 1.66664565
1.580102 1.66664563
1.678858 1.66664560
1.777614 1.66664557
1.876371 1.66664554
1.975127 1.66664551
2.073884 1.66664548
2.172640 1.66664545
2.271396 1.66664541
2.370153 1.66664538
2.468909 1.66664534
2.567665 1.66664530
2.666422 1.66664525
2.765178 1.66664521
2.863934 1.66664516
2.962691 1.66664511
3.061447 1.66664506
3.160204 1.66664500
3.258960 1.66664495
3.357716 1.66664489
3.456473 1.66664483
3.555229 1.66664476
3.653985 1.66664469
3.752742 1.66664462
3.851498 1.66664455
3.950254 1.66664447
4.049011 1.66664439
4.147767 1.66664431
4.246523 1.66664423
4.345280 1.66664414
4.444036 1.66664405
4.542793 1.66664395
4.641549 1.66664385
4.740305 1.66664375
4.839062 1.66664364
4.937818 1.66664354
5.036574 1.66664342
5.135331 1.66664331
5.234087 1.66664319
5.332843 1.66664307
5.431600 1.66664294
5.530356 1.66664281
5.629113 1.66664268
5.727869 1.66664254
5.826625 1.66664240
5.925382 1.66664225
6.024138 1.66664210
6.122894 1.66664195
6.221651 1.66664179
6.320407 1.66664163
6.419163 1.66664147
6.517920 1.66664130
6.616676 1.66664113
6.715432 1.66664095
6.814189 1.66664077
6.912945 1.66664059
7.011702 1.66664040
7.110458 1.66664021
7.209214 1.66664001
7.307971 1.66663981
7.406727 1.66663961
7.505483 1.66663940
7.604240 1.66663919
7.702996 1.66663898
7.801752 1.66663876
7.900509 1.66663854
7.999265 1.66663831
8.098022 1.66663808
8.196778 1.66663785
8.295534 1.66663762
8.394291 1.66663738
8.493047 1.66663713
8.591803 1.66663689
8.690560 1.66663664
8.789316 1.66663639
8.888072 1.66663613
8.986829 1.66663587
9.085585 1.66663561
9.184341 1.66663535
9.283098 1.66663508
9.381854 1.66663481
9.480611 1.66663454
9.579367 1.66663427
9.678123 1.66663399
9.776880 1.66663371
9.875636 1.66663343
9.974392 1.66663315
10.073149 1.66663286
10.171905 1.66663258
10.270661 1.66663229
10.369418 1.66663200
10.468174 1.66663171
10.566931 1.66663142
10.665687 1.66663112
10.764443 1.66663083
10.863200 1.66663053
10.961956 1.66663023
11.060712 1.66662993
11.159469 1.66662964
11.258225 1.66662933
11.356981 1.66662903
11.455738 1.66662873
11.554494 1.66662843
11.653250 1.66662812
11.752007 1.66662782
11.850763 1.66662751
11.949520 1.66662720
12.048276 1.66662689
12.147032 1.66662658
12.245789 1.66662626
12.344545 1.66662594
12.443301 1.66662562
12.542058 1.66662529
12.640814 1.66662495
12.739570 1.66662462
12.838327 1.66662426
12.937083 1.66662391
13.035840 1.66662354
13.134596 1.66662316
13.233352 1.66662275
13.332109 1.66662234
13.430865 1.66662189
13.529621 1.66662143
13.628378 1.66662093
13.727134 1.66662040
13.825890 1.66661983
13.924647 1.66661922
14.023403 1.66661854
14.122159 1.66661781
14.220916 1.66661700
14.319672 1.66661612
14.418429 1.66661513
14.517185 1.66661405
14.615941 1.66661283
14.714698 1.66661148
14.813454 1.66660995
14.912210 1.66660825
15.010967 1.66660631
15.109723 1.66660415
15.208479 1.66660170
15.307236 1.66659894
15.405992 1.66659580
15.504749 1.66659226
15.603505 1.66658823
15.702261 1.66658368
15.801018 1.66657850
15.899774 1.66657264
15.998530 1.66656597
16.097287 1.66655842
16.196043 1.66654983
16.294799 1.66654009
16.393556 1.66652902
16.492312 1.66651647
16.591068 1.66650221
16.689825 1.66648605
16.788581 1.66646769
16.887338 1.66644688
16.986094 1.66642326
17.084850 1.66639651
17.183607 1.66636616
17.282363 1.66633179
17.381119 1.66629284
17.479876 1.66624875
17.578632 1.66619882
17.677388 1.66614233
17.776145 1.66607840
17.874901 1.66600613
17.973658 1.66592442
18.072414 1.66583210
18.171170 1.66572781
18.269927 1.66561008
18.368683 1.66547718
18.467439 1.66532729
18.566196 1.66515824
18.664952 1.66496772
18.763708 1.66475306
18.862465 1.66451136
18.961221 1.66423930
19.059977 1.66393324
19.158734 1.66358907
19.257490 1.66320227
19.356247 1.66276773
19.455003 1.66227987
19.553759 1.66173236
19.652516 1.66111828
19.751272 1.66042983
19.850028 1.65965848
19.948785 1.65879463
20.047541 1.65782775
20.146297 1.65674609
20.245054 1.65553669
20.343810 1.65418516
20.442567 1.65267563
20.541323 1.65099049
20.640079 1.64911034
20.738836 1.64701371
20.837592 1.64467693
20.936348 1.64207388
21.035105 1.63917575
21.133861 1.63595081
21.232617 1.63236412
21.331374 1.62837722
21.430130 1.62394778
21.528886 1.61902927
21.627643 1.61357050
21.726399 1.60751522
21.825156 1.60080150
21.923912 1.59336123
22.022668 1.58511930
22.121425 1.57599282
22.220181 1.56588995
22.318937 1.55470871
22.417694 1.54233516
22.516450 1.52864132
22.615206 1.51348227
22.713963 1.49669252
22.812719 1.47808095
22.911476 1.45742424
23.010232 1.43445796
23.108988 1.40886431
23.207745 1.38025591
23.306501 1.34815274
23.405257 1.31195178
23.504014 1.27088321
23.602770 1.22395273
23.701526 1.16985731
23.800283 1.10687450
23.899039 1.03269990
23.997795 0.94423298
24.096552 0.83726593
24.195308 0.70606886
24.294065 0.54281710
24.392821 0.33676983
24.491577 0.07332869
24.590334 -0.26748095
24.689090 -0.71094926
24.787846 -1.27510300
24.886603 -1.90177423
24.985359 -2.34956857
25.084115 -2.38944578
25.182872 -2.18360686
25.281628 -2.04833512
25.380385 -2.13475889
25.479141 -2.49574977
25.577897 -3.18496871
25.676654 -4.27428309
25.775410 -5.81553659
25.874166 -7.72673109
25.972923 -9.60799357
26.071679 -10.75633925
26.170435 -10.71405726
26.269192 -9.82343698
26.367948 -8.93261986
26.466704 -8.69744135
26.565461 -9.28698817
26.664217 -10.36280330
26.762974 -11.14143744
26.861730 -10.84928515
26.960486 -9.40991784
27.059243 -7.44967063
27.157999 -5.62468350
27.256755 -4.23280008
27.355512 -3.31296388
27.454268 -2.82030908
27.553024 -2.71227100
27.651781 -2.97877486
27.750537 -3.64659142
27.849294 -4.76698508
27.948050 -6.36739186
28.046806 -8.32467323
28.145563 -10.18329074
28.244319 -11.22119447
28.343075 -11.04657662
28.441832 -10.08887114
28.540588 -9.20999464
28.639344 -9.02152503
28.738101 -9.64105557
28.836857 -10.67816310
28.935613 -11.32150862
29.034370 -10.84894299
29.133126 -9.28194302
29.231883 -7.28536354
29.330639 -5.48257625
29.429395 -4.13176309
29.528152 -3.25414135
29.626908 -2.80157050
29.725664 -2.73343356
29.824421 -3.04310187
29.923177 -3.76033622
30.021933 -4.93646461
30.120690 -6.58988827
30.219446 -8.56791741
30.318203 -10.37167212
30.416959 -11.27826461
30.515715 -10.97577832
30.614472 -9.97665259
30.713228 -9.14469957
30.811984 -9.04083560
30.910741 -9.72733654
31.009497 -10.75869165
31.108253 -11.29880560
31.207010 -10.68342360
31.305766 -9.02876528
31.404522 -7.02841863
31.503279 -5.26959057
31.602035 -3.97348002
31.700792 -3.14638318
31.799548 -2.73835749
31.898304 -2.71154878
31.997061 -3.06326757
32.095817 -3.82645036
32.194573 -5.05220440
32.293330 -6.74860634
32.392086 -8.73135813
32.490842 -10.46001238
32.589599 -11.22040606
32.688355 -10.78690604
32.787112 -9.74754131
32.885868 -8.95794620
32.984624 -8.92515110
33.083381 -9.65487445
33.182137 -10.64608246
33.280893 -11.04417435
33.379650 -10.25101858
33.478406 -8.47488938
33.577162 -6.43020100
33.675919 -4.66847633
33.774675 -3.38192772
33.873431 -2.57138221
33.972188 -2.19324329
34.070944 -2.21739847
34.169701 -2.64526831
34.268457 -3.50838628
34.367213 -4.85006628
34.465970 -6.65932685
34.564726 -8.71247659
34.663482 -10.42615192
34.762239 -11.10262180
34.860995 -10.60730348
34.959751 -9.59731165
35.058508 -8.91386393
35.157264 -9.01090453
35.256021 -9.83980962
35.354777 -10.84756520
35.453533 -11.17127763
35.552290 -10.28824730
35.651046 -8.49396885
35.749802 -6.51156787
35.848559 -4.84858872
35.947315 -3.66021845
36.046071 -2.92946532
36.144828 -2.60532981
36.243584 -2.65614596
36.342340 -3.08675391
36.441097 -3.93513818
36.539853 -5.24905297
36.638610 -7.00948786
36.737366 -8.96078125
36.836122 -10.48523594
36.934879 -10.91403683
37.033635 -10.20856750
37.132391 -9.08726798
37.231148 -8.36994871
37.329904 -8.45653817
37.428660 -9.24344603
37.527417 -10.12641940
37.626173 -10.23962958
37.724929 -9.13446843
37.823686 -7.17519950
37.922442 -5.07291620
38.021199 -3.28643120
38.119955 -1.94626377
38.218711 -1.03926128
38.317468 -0.52549724
38.416224 -0.36848300
38.514980 -0.51975972
38.613737 -0.83079179
38.712493 -0.97075207
38.811249 -0.70726410
38.910006 -0.21539497
39.008762 0.25063586
39.107519 0.61337016
39.206275 0.88506589
39.305031 1.08845956
39.403788 1.24084470
39.502544 1.35438502
39.601300 1.43695515
39.700057 1.49383622
39.798813 1.52926503
39.897569 1.54624749
39.996326 1.54868112
40.095082 1.54739984
40.193838 1.54561522
40.292595 1.54372418
40.391351 1.54179825
40.490108 1.53985679
40.588864 1.53790662
40.687620 1.53595071
40.786377 1.53399061
40.885133 1.53202730
40.983889 1.53006150
41.082646 1.52809371
41.181402 1.52612434
41.280158 1.52415368
41.378915 1.52218196
41.477671 1.52020942
41.576428 1.51823635
41.675184 1.51626331
41.773940 1.51429159
41.872697 1.51232447
41.971453 1.51037192
42.070209 1.50847189
42.168966 1.50680003
42.267722 1.50603464
42.366478 1.50613561
42.465235 1.50665981
42.563991 1.50689766
42.662747 1.50577044
42.761504 1.50166362
42.860260 1.49216644
42.959017 1.47370106
43.057773 1.44105446
43.156529 1.38650546
43.255286 1.29945214
43.354042 1.16851308
43.452798 0.99022023
43.551555 0.79016370
43.650311 0.63570143
43.749067 0.59905678
43.847824 0.68981427
43.946580 0.84435580
44.045337 0.98660289
44.144093 1.07552219
44.242849 1.10244057
44.341606 1.07111742
44.440362 0.98611715
44.539118 0.85122839
44.637875 0.67412217
44.736631 0.47909234
44.835387 0.31902330
44.934144 0.25170014
45.032900 0.28144613
45.131656 0.34242651
45.230413 0.34963920
45.329169 0.24557283
45.427926 0.01605336
45.526682 -0.28428007
45.625438 -0.51586710
45.724195 -0.52914256
45.822951 -0.29882858
45.921707 0.05510310
46.020464 0.38858522
46.119220 0.62743117
46.217976 0.76113798
46.316733 0.80249240
46.415489 0.76353589
46.514246 0.65001373
46.613002 0.46184122
46.711758 0.19655008
46.810515 -0.13800670
46.909271 -0.49513243
47.008027 -0.76998685
47.106784 -0.85582207
47.205540 -0.74530422
47.304296 -0.51749159
47.403053 -0.24575636
47.501809 0.00648394
47.600565 0.20491915
47.699322 0.38555508
47.798078 0.58241756
47.896835 0.76970586
47.995591 0.91929798
48.094347 1.03030686
48.193104 1.11148028
48.291860 1.17085553
48.390616 1.21432706
48.489373 1.24591945
48.588129 1.26836673
48.686885 1.28343030
48.785642 1.29228514
48.884398 1.29548062
48.983155 1.29474735
49.081911 1.29303454
49.180667 1.29114105
49.279424 1.28919811
49.378180 1.28723659
49.476936 1.28526689
49.575693 1.28329328
49.674449 1.28131772
49.773205 1.27934117
49.871962 1.27736410
49.970718 1.27538678
50.069474 1.27340933
50.168231 1.27143184
50.266987 1.26945433
50.365744 1.26747683
50.464500 1.26549934
50.563256 1.26352187
50.662013 1.26154441
50.760769 1.25956792
50.859525 1.25760151
50.958282 1.25564611
51.057038 1.25370174
51.155794 1.25176838
51.254551 1.24984603
51.353307 1.24793470
51.452064 1.24603437
51.550820 1.24414506
51.649576 1.24226675
51.748333 1.24039946
51.847089 1.23854317
51.945845 1.23669788
52.044602 1.23486361
52.143358 1.23304034
52.242114 1.23122808
52.340871 1.22942682
52.439627 1.22763657
52.538383 1.22585732
52.637140 1.22408908
52.735896 1.22233184
52.834653 1.22058561
52.933409 1.21885039
53.032165 1.21712617
53.130922 1.21541295
53.229678 1.21371074
53.328434 1.21201953
53.427191 1.21033933
53.525947 1.20867014
53.624703 1.20701195
53.723460 1.20536476
53.822216 1.20372858
53.920973 1.20210340
54.019729 1.20048923
54.118485 1.19888606
54.217242 1.19729389
54.315998 1.19571273
54.414754 1.19414258
54.513511 1.19258343
54.612267 1.19103528
54.711023 1.18949814
54.809780 1.18797200
54.908536 1.18645687
55.007292 1.18495274
55.106049 1.18345962
55.204805 1.18197750
55.303562 1.18050639
55.402318 1.17904627
55.501074 1.17759717
55.599831 1.17615907
55.698587 1.17473197
55.797343 1.17331587
55.896100 1.17191078
55.994856 1.17051670
56.093612 1.16913362
56.192369 1.16776154
56.291125 1.16640047
56.389882 1.16505040
56.488638 1.16371134
56.587394 1.16238328
56.686151 1.16106622
56.784907 1.15976017
56.883663 1.15846512
56.982420 1.15718108
57.081176 1.15590804
57.179932 1.15464600
57.278689 1.15339497
57.377445 1.15215495
57.476201 1.15092592
57.574958 1.14970790
57.673714 1.14850089
57.772471 1.14730488
57.871227 1.14611987
57.969983 1.14494587
58.068740 1.14378287
58.167496 1.14263087
58.266252 1.14148988
58.365009 1.14035990
58.463765 1.13924091
58.562521 1.13813293
58.661278 1.13703596
58.760034 1.13594999
58.858791 1.13487502
58.957547 1.13381106
59.056303 1.13275810
59.155060 1.13171614
59.253816 1.13068519
59.352572 1.12966525
59.451329 1.12865630
59.550085 1.12765836
59.648841 1.12667143
59.747598 1.12569550
59.846354 1.12473057
59.945110 1.12377664
60.043867 1.12283372
60.142623 1.12190181
60.241380 1.12098090
60.340136 1.12007099
60.438892 1.11917208
60.537649 1.11828418
60.636405 1.11740729
60.735161 1.11654140
60.833918 1.11568651
60.932674 1.11484262
61.031430 1.11400974
61.130187 1.11318786
61.228943 1.11237699
61.327700 1.11157712
61.426456 1.11078826
61.525212 1.11001040
61.623969 1.10924354
61.722725 1.10848768
61.821481 1.10774284
61.920238 1.10700899
62.018994 1.10628615
62.117750 1.10557431
62.216507 1.10487348
62.315263 1.10418365
62.414019 1.10350482
62.512776 1.10283700
62.611532 1.10218018
62.710289 1.10153437
62.809045 1.10089956
62.907801 1.10027575
63.006558 1.09966295
63.105314 1.09906115
63.204070 1.09847035
63.302827 1.09789056
63.401583 1.09732178
63.500339 1.09676399
63.599096 1.09621721
63.697852 1.09568144
63.796609 1.09515667
63.895365 1.09464290
63.994121 1.09414014
64.092878 1.09364838
64.191634 1.09316763
64.290390 1.09269787
64.389147 1.09223913
64.487903 1.09179139
64.586659 1.09135465
64.685416 1.09092891
64.784172 1.09051418
64.882928 1.09011045
64.981685 1.08971773
65.080441 1.08933601
65.179198 1.08896530
65.277954 1.08860559
65.376710 1.08825688
65.475467 1.08791918
65.574223 1.08759248
65.672979 1.08727679
65.771736 1.08697210
65.870492 1.08667841
65.969248 1.08639573
66.068005 1.08612405
66.166761 1.08586338
66.265518 1.08561371
66.364274 1.08537505
66.463030 1.08514739
66.561787 1.08493073
66.660543 1.08472508
66.759299 1.08453043
66.858056 1.08434679
66.956812 1.08417415
67.055568 1.08401251
67.154325 1.08386188
67.253081 1.08372225
67.351837 1.08359363
67.450594 1.08347601
67.549350 1.08336940
67.648107 1.08327379
67.746863 1.08318918
67.845619 1.08311558
67.944376 1.08305299
68.043132 1.08300139
68.141888 1.08296081
68.240645 1.08293122
68.339401 1.08291264
68.438157 1.08290507
68.536914 1.08290850
68.635670 1.08292293
68.734427 1.08294837
68.833183 1.08298481
68.931939 1.08303226
69.030696 1.08309071
69.129452 1.08316017
69.228208 1.08324063
69.326965 1.08333209
69.425721 1.08343456
69.524477 1.08354804
69.623234 1.08367252
69.721990 1.08380800
69.820746 1.08395449
69.919503 1.08411198
70.018259 1.08428048
70.117016 1.08445998
70.215772 1.08465049
70.314528 1.08485200
70.413285 1.08506451
70.512041 1.08528803
70.610797 1.08552256
70.709554 1.08576809
70.808310 1.08602462
70.907066 1.08629216
71.005823 1.08657070
71.104579 1.08686025
71.203336 1.08716080
71.302092 1.08747236
71.400848 1.08779493
71.499605 1.08812850
71.598361 1.08847308
71.697117 1.08882771
71.795874 1.08918329
71.894630 1.08953888
71.993386 1.08989445
72.092143 1.09025003
72.190899 1.09060561
72.289655 1.09096118
72.388412 1.09131679
72.487168 1.09167267
72.585925 1.09202797
