0.098756 1.64886758
0.197513 1.64887015
0.296269 1.64886741
0.395025 1.64886713
0.493782 1.64886716
0.592538 1.64886720
0.691295 1.64886724
0.790051 1.64886728
0.888807 1.64886732
0.987564 1.64886736
1.086320 1.64886741
1.185076 1.64886746
1.283833 1.64886751
1.382589 1.64886756
1.481345 1.64886762
1.580102 1.64886767
1.678858 1.64886774
1.777614 1.64886780
1.876371 1.64886787
1.975127 1.64886794
2.073884 1.64886802
2.172640 1.64886810
2.271396 1.64886818
2.370153 1.64886828
2.468909 1.64886837
2.567665 1.64886847
2.666422 1.64886857
2.765178 1.64886868
2.863934 1.64886879
2.962691 1.64886892
3.061447 1.64886904
3.160204 1.64886917
3.258960 1.64886931
3.357716 1.64886945
3.456473 1.64886960
3.555229 1.64886976
3.653985 1.64886991
3.752742 1.64887008
3.851498 1.64887026
3.950254 1.64887044
4.049011 1.64887063
4.147767 1.64887082
4.246523 1.64887102
4.345280 1.64887123
4.444036 1.64887145
4.542793 1.64887167
4.641549 1.64887190
4.740305 1.64887214
4.839062 1.64887238
4.937818 1.64887264
5.036574 1.64887289
5.135331 1.64887316
5.234087 1.64887344
5.332843 1.64887372
5.431600 1.64887401
5.530356 1.64887431
5.629113 1.64887461
5.727869 1.64887492
5.826625 1.64887524
5.925382 1.64887557
6.024138 1.64887590
6.122894 1.64887624
6.221651 1.64887659
6.320407 1.64887694
6.419163 1.64887730
6.517920 1.64887768
6.616676 1.64887805
6.715432 1.64887843
6.814189 1.64887882
6.912945 1.64887922
7.011702 1.64887961
7.110458 1.64888003
7.209214 1.64888044
7.307971 1.64888086
7.406727 1.64888128
7.505483 1.64888172
7.604240 1.64888215
7.702996 1.64888260
7.801752 1.64888304
7.900509 1.64888350
7.999265 1.64888395
8.098022 1.64888442
8.196778 1.64888487
8.295534 1.64888535
8.394291 1.64888581
8.493047 1.64888630
8.591803 1.64888677
8.690560 1.64888725
8.789316 1.64888773
8.888072 1.64888822
8.986829 1.64888870
9.085585 1.64888920
9.184341 1.64888968
9.283098 1.64889017
9.381854 1.64889065
9.480611 1.64889115
9.579367 1.64889163
9.678123 1.64889212
9.776880 1.64889260
9.875636 1.64889309
9.974392 1.64889356
10.073149 1.64889405
10.171905 1.64889451
10.270661 1.64889499
10.369418 1.64889544
10.468174 1.64889591
10.566931 1.64889636
10.665687 1.64889681
10.764443 1.64889724
10.863200 1.64889768
10.961956 1.64889810
11.060712 1.64889852
11.159469 1.64889891
11.258225 1.64889932
11.356981 1.64889969
11.455738 1.64890007
11.554494 1.64890041
11.653250 1.64890076
11.752007 1.64890108
11.850763 1.64890140
11.949520 1.64890168
12.048276 1.64890196
12.147032 1.64890221
12.245789 1.64890245
12.344545 1.64890264
12.443301 1.64890283
12.542058 1.64890298
12.640814 1.64890311
12.739570 1.64890320
12.838327 1.64890327
12.937083 1.64890328
13.035840 1.64890328
13.134596 1.64890321
13.233352 1.64890311
13.332109 1.64890295
13.430865 1.64890275
13.529621 1.64890247
13.628378 1.64890214
13.727134 1.64890173
13.825890 1.64890125
13.924647 1.64890068
14.023403 1.64890002
14.122159 1.64889924
14.220916 1.64889837
14.319672 1.64889734
14.418429 1.64889620
14.517185 1.64889487
14.615941 1.64889339
14.714698 1.64889170
14.813454 1.64888981
14.912210 1.64888765
15.010967 1.64888524
15.109723 1.64888251
15.208479 1.64887945
15.307236 1.64887599
15.405992 1.64887212
15.504749 1.64886774
15.603505 1.64886284
15.702261 1.64885731
15.801018 1.64885110
15.899774 1.64884411
15.998530 1.64883625
16.097287 1.64882739
16.196043 1.64881744
16.294799 1.64880623
16.393556 1.64879361
16.492312 1.64877939
16.591068 1.64876340
16.689825 1.64874536
16.788581 1.64872506
16.887338 1.64870217
16.986094 1.64867639
17.084850 1.64864733
17.183607 1.64861459
17.282363 1.64857768
17.381119 1.64853611
17.479876 1.64848925
17.578632 1.64843645
17.677388 1.64837696
17.776145 1.64830994
17.874901 1.64823445
17.973658 1.64814943
18.072414 1.64805369
18.171170 1.64794590
18.269927 1.64782458
18.368683 1.64768807
18.467439 1.64753449
18.566196 1.64736177
18.664952 1.64716757
18.763708 1.64694932
18.862465 1.64670410
18.961221 1.64642869
19.059977 1.64611948
19.158734 1.64577247
19.257490 1.64538318
19.356247 1.64494666
19.455003 1.64445738
19.553759 1.64390921
19.652516 1.64329534
19.751272 1.64260820
19.850028 1.64183942
19.948785 1.64097969
20.047541 1.64001873
20.146297 1.63894512
20.245054 1.63774626
20.343810 1.63640817
20.442567 1.63491545
20.541323 1.63325102
20.640079 1.63139610
20.738836 1.62932987
20.837592 1.62702946
20.936348 1.62446955
21.035105 1.62162237
21.133861 1.61845720
21.232617 1.61494036
21.331374 1.61103465
21.430130 1.60669930
21.528886 1.60188932
21.627643 1.59655541
21.726399 1.59064317
21.825156 1.58409295
21.923912 1.57683880
22.022668 1.56880827
22.121425 1.55992097
22.220181 1.55008811
22.318937 1.53921049
22.417694 1.52717754
22.516450 1.51386434
22.615206 1.49912957
22.713963 1.48281092
22.812719 1.46472100
22.911476 1.44463964
23.010232 1.42230608
23.108988 1.39740545
23.207745 1.36955371
23.306501 1.33827325
23.405257 1.30296377
23.504014 1.26285698
23.602770 1.21696026
23.701526 1.16397087
23.800283 1.10216661
23.899039 1.02924178
23.997795 0.94209450
24.096552 0.83651405
24.195308 0.70676785
24.294065 0.54502737
24.392821 0.34054898
24.491577 0.07873154
24.590334 -0.26039977
24.689090 -0.70213358
24.787846 -1.26449102
24.886603 -1.88929583
24.985359 -2.33514395
25.084115 -2.37663979
25.182872 -2.17224227
25.281628 -2.03819109
25.380385 -2.12554608
25.479141 -2.48714582
25.577897 -3.17667359
25.676654 -4.26605979
25.775410 -5.80722816
25.874166 -7.71825470
25.972923 -9.59930407
26.071679 -10.74739877
26.170435 -10.70483329
26.269192 -9.81391781
26.367948 -8.92283376
26.466704 -8.68746934
26.565461 -9.27697356
26.664217 -10.35296156
26.762974 -11.13205551
26.861730 -10.84068998
26.960486 -9.40241125
27.059243 -7.44346671
27.157999 -5.61991084
27.256755 -4.22952759
27.355512 -3.31119853
27.454268 -2.81997408
27.553024 -2.71318818
27.651781 -2.98066768
27.750537 -3.64911688
27.849294 -4.76978576
27.948050 -6.37014273
28.046806 -8.32709994
28.145563 -10.18516501
28.244319 -11.22233135
28.343075 -11.04686430
28.441832 -10.08831874
28.540588 -9.20874994
28.639344 -9.01985967
28.738101 -9.63934074
28.836857 -10.67684120
28.935613 -11.32105392
29.034370 -10.84979893
29.133126 -9.28445168
29.231883 -7.28972094
29.330639 -5.48884609
29.429395 -4.13990849
29.528152 -3.26402849
29.626908 -2.81295528
29.725664 -2.74595587
29.824421 -3.05630402
29.923177 -3.77371186
30.021933 -4.94952673
30.120690 -6.60223078
30.219446 -8.57924762
30.318203 -10.38182023
30.416959 -11.28719482
30.515715 -10.98360194
30.614472 -9.98362853
30.713228 -9.15120500
30.811984 -9.04732270
30.910741 -9.73428451
31.009497 -10.76655954
31.108253 -11.30798078
31.207010 -10.69417402
31.305766 -9.04121685
31.404522 -7.04256487
31.503279 -5.28531983
31.602035 -3.99059634
31.700792 -3.16460123
31.799548 -2.75728486
31.898304 -2.73068085
31.997061 -3.08200768
32.095817 -3.84415436
32.194573 -5.06824076
32.293330 -6.76241740
32.392086 -8.74250362
32.490842 -10.46819490
32.589599 -11.22549664
32.688355 -10.78898587
32.787112 -9.74694681
32.885868 -8.95523515
32.984624 -8.92100363
33.083381 -9.64999879
33.182137 -10.64114415
33.280893 -11.03973084
33.379650 -10.24745554
33.478406 -8.47239557
33.577162 -6.42879888
33.675919 -4.66804994
33.774675 -3.38220273
33.873431 -2.57188528
33.972188 -2.19326961
34.070944 -2.21600887
34.169701 -2.64132388
34.268457 -3.50061779
34.367213 -4.83717578
34.465970 -6.64012145
34.564726 -8.68598613
34.663482 -10.39170476
34.762239 -11.05989446
34.860995 -10.55637908
34.959751 -9.53869847
35.058508 -8.84826376
35.157264 -8.93879012
35.256021 -9.76108047
35.354777 -10.76125341
35.453533 -11.07543846
35.552290 -10.18032301
35.651046 -8.37153741
35.749802 -6.37292685
35.848559 -4.69272827
35.947315 -3.48641624
36.046071 -2.73692690
36.144828 -2.39290588
36.243584 -2.42218050
36.342340 -2.82910076
36.441097 -3.65126944
36.539853 -4.93622120
36.638610 -6.66499527
36.737366 -8.58229955
36.836122 -10.07100003
36.934879 -10.46281197
37.033635 -9.71924928
37.132391 -8.55825113
37.231148 -7.79838399
37.329904 -7.83754364
37.428660 -8.56969761
37.527417 -9.38830560
37.626173 -9.42669247
37.724929 -8.23898850
37.823686 -6.19677804
37.922442 -4.02126912
38.021199 -2.18034793
38.119955 -0.80937599
38.218711 0.10519926
38.317468 0.60850621
38.416224 0.74380242
38.514980 0.56511784
38.613737 0.22436860
38.712493 0.05396080
38.811249 0.28658238
38.910006 0.74690534
39.008762 1.18008012
39.107519 1.50799128
39.206275 1.74207101
39.305031 1.90409273
39.403788 2.01098991
39.502544 2.07564340
39.601300 2.10833751
39.700057 2.11849119
39.798813 2.11547388
39.897569 2.10848433
39.996326 2.10569010
40.095082 2.11987958
40.193838 2.15402697
40.292595 2.20343880
40.391351 2.26133984
40.490108 2.32169812
40.588864 2.38050357
40.687620 2.43571767
40.786377 2.48662527
40.885133 2.53311841
40.983889 2.57526290
41.082646 2.61316442
41.181402 2.64687084
41.280158 2.67642426
41.378915 2.70183390
41.477671 2.72310039
41.576428 2.74022447
41.675184 2.75321564
41.773940 2.76213798
41.872697 2.76730579
41.971453 2.76995041
42.070209 2.77185278
42.168966 2.77387461
42.267722 2.77668147
42.366478 2.78029371
42.465235 2.78433682
42.563991 2.78812719
42.662747 2.79058898
42.761504 2.79010073
42.860260 2.78424025
42.959017 2.76941760
43.057773 2.74040784
43.156529 2.68948133
43.255286 2.60603114
43.354042 2.47867653
43.452798 2.30395369
43.551555 2.10745247
43.650311 1.95651826
43.749067 1.92335690
43.847824 2.01754623
43.946580 2.17548110
44.045337 2.32111084
44.144093 2.41343392
44.242849 2.44380827
44.341606 2.41602160
44.440362 2.33465742
44.539118 2.20351061
44.637875 2.03024588
44.736631 1.83913709
44.835387 1.68303585
44.934144 1.61968766
45.032900 1.65337586
45.131656 1.71823356
45.230413 1.72924130
45.329169 1.62888992
45.427926 1.40302806
45.526682 1.10633232
45.625438 0.87841068
45.724195 0.86886454
45.822951 1.10296661
45.921707 1.46071212
46.020464 1.79800698
46.119220 2.04065814
46.217976 2.17817687
46.316733 2.22337090
46.415489 2.18829696
46.514246 2.07870925
46.613002 1.89452536
46.711758 1.63326975
46.810515 1.30277692
46.909271 0.94971387
47.008027 0.67888200
47.106784 0.59699871
47.205540 0.71139727
47.304296 0.94304472
47.403053 1.21860755
47.501809 1.47470961
47.600565 1.67707648
47.699322 1.86174143
47.798078 2.06274444
47.896835 2.25428305
47.995591 2.40821896
48.094347 2.52363931
48.193104 2.60925846
48.291860 2.67307608
48.390616 2.72094631
48.489373 2.75684900
48.588129 2.78346884
48.686885 2.80251172
48.785642 2.81510812
48.884398 2.82176340
48.983155 2.82426012
49.081911 2.82569462
49.180667 2.82691774
49.279424 2.82807427
49.378180 2.82920125
49.476936 2.83031272
49.575693 2.83141531
49.674449 2.83251253
49.773205 2.83360639
49.871962 2.83469809
49.970718 2.83578837
50.069474 2.83687770
50.168231 2.83796638
50.266987 2.83905462
50.365744 2.84014255
50.464500 2.84123027
50.563256 2.84231783
50.662013 2.84340529
50.760769 2.84449235
50.859525 2.84557593
50.958282 2.84665574
51.057038 2.84773178
51.155794 2.84880406
51.254551 2.84987259
51.353307 2.85093737
51.452064 2.85199840
51.550820 2.85305569
51.649576 2.85410924
51.748333 2.85515905
51.847089 2.85620511
51.945845 2.85724744
52.044602 2.85828602
52.143358 2.85932087
52.242114 2.86035198
52.340871 2.86137936
52.439627 2.86240299
52.538383 2.86342289
52.637140 2.86443905
52.735896 2.86545147
52.834653 2.86646015
52.933409 2.86746510
53.032165 2.86846631
53.130922 2.86946378
53.229678 2.87045752
53.328434 2.87144752
53.427191 2.87243378
53.525947 2.87341630
53.624703 2.87439509
53.723460 2.87537014
53.822216 2.87634146
53.920973 2.87730903
54.019729 2.87827287
54.118485 2.87923298
54.217242 2.88018934
54.315998 2.88114197
54.414754 2.88209086
54.513511 2.88303602
54.612267 2.88397744
54.711023 2.88491512
54.809780 2.88584907
54.908536 2.88677927
55.007292 2.88770575
55.106049 2.88862848
55.204805 2.88954748
55.303562 2.89046274
55.402318 2.89137427
55.501074 2.89228206
55.599831 2.89318611
55.698587 2.89408642
55.797343 2.89498300
55.896100 2.89587584
55.994856 2.89676495
56.093612 2.89765032
56.192369 2.89853195
56.291125 2.89940985
56.389882 2.90028401
56.488638 2.90115443
56.587394 2.90202112
56.686151 2.90288407
56.784907 2.90374328
56.883663 2.90459876
56.982420 2.90545050
57.081176 2.90629851
57.179932 2.90714278
57.278689 2.90798331
57.377445 2.90882010
57.476201 2.90965316
57.574958 2.91048249
57.673714 2.91130808
57.772471 2.91212993
57.871227 2.91294804
57.969983 2.91376242
58.068740 2.91457306
58.167496 2.91537997
58.266252 2.91618314
58.365009 2.91698257
58.463765 2.91777827
58.562521 2.91857023
58.661278 2.91935846
58.760034 2.92014295
58.858791 2.92092370
58.957547 2.92170072
59.056303 2.92247400
59.155060 2.92324355
59.253816 2.92400936
59.352572 2.92477143
59.451329 2.92552977
59.550085 2.92628437
59.648841 2.92703524
59.747598 2.92778237
59.846354 2.92852576
59.945110 2.92926542
60.043867 2.93000134
60.142623 2.93073353
60.241380 2.93146198
60.340136 2.93218670
60.438892 2.93290768
60.537649 2.93362492
60.636405 2.93433843
60.735161 2.93504820
60.833918 2.93575423
60.932674 2.93645654
61.031430 2.93715510
61.130187 2.93784993
61.228943 2.93854102
61.327700 2.93922838
61.426456 2.93991200
61.525212 2.94059189
61.623969 2.94126804
61.722725 2.94194045
61.821481 2.94260913
61.920238 2.94327408
62.018994 2.94393529
62.117750 2.94459276
62.216507 2.94524650
62.315263 2.94589650
62.414019 2.94654276
62.512776 2.94718529
62.611532 2.94782409
62.710289 2.94845915
62.809045 2.94909047
62.907801 2.94971806
63.006558 2.95034191
63.105314 2.95096203
63.204070 2.95157841
63.302827 2.95219106
63.401583 2.95279997
63.500339 2.95340515
63.599096 2.95400659
63.697852 2.95460429
63.796609 2.95519826
63.895365 2.95578850
63.994121 2.95637499
64.092878 2.95695776
64.191634 2.95753679
64.290390 2.95811208
64.389147 2.95868363
64.487903 2.95925146
64.586659 2.95981554
64.685416 2.96037589
64.784172 2.96093251
64.882928 2.96148539
64.981685 2.96203454
65.080441 2.96257995
65.179198 2.96312162
65.277954 2.96365956
65.376710 2.96419376
65.475467 2.96472423
65.574223 2.96525097
65.672979 2.96577396
65.771736 2.96629323
65.870492 2.96680875
65.969248 2.96732055
66.068005 2.96782860
66.166761 2.96833293
66.265518 2.96883351
66.364274 2.96933036
66.463030 2.96982348
66.561787 2.97031286
66.660543 2.97079851
66.759299 2.97128042
66.858056 2.97175859
66.956812 2.97223303
67.055568 2.97270374
67.154325 2.97317071
67.253081 2.97363394
67.351837 2.97409344
67.450594 2.97454921
67.549350 2.97500124
67.648107 2.97544953
67.746863 2.97589409
67.845619 2.97633491
67.944376 2.97677200
68.043132 2.97720535
68.141888 2.97763497
68.240645 2.97806086
68.339401 2.97848300
68.438157 2.97890142
68.536914 2.97931609
68.635670 2.97972704
68.734427 2.98013424
68.833183 2.98053772
68.931939 2.98093745
69.030696 2.98133346
69.129452 2.98172572
69.228208 2.98211426
69.326965 2.98249905
69.425721 2.98288011
69.524477 2.98325744
69.623234 2.98363103
69.721990 2.98400089
69.820746 2.98436701
69.919503 2.98472940
70.018259 2.98508805
70.117016 2.98544296
70.215772 2.98579415
70.314528 2.98614159
70.413285 2.98648530
70.512041 2.98682528
70.610797 2.98716152
70.709554 2.98749403
70.808310 2.98782280
70.907066 2.98814783
71.005823 2.98846913
71.104579 2.98878670
71.203336 2.98910053
71.302092 2.98941063
71.400848 2.98971699
71.499605 2.99001961
71.598361 2.99031850
71.697117 2.99061397
71.795874 2.99090913
71.894630 2.99120428
71.993386 2.99149944
72.092143 2.99179459
72.190899 2.99208975
72.289655 2.99238490
72.388412 2.99268008
72.487168 2.99297543
72.585925 2.99327041
