0.098756 1.64625524
0.197513 1.64625828
0.296269 1.64625513
0.395025 1.64625482
0.493782 1.64625486
0.592538 1.64625492
0.691295 1.64625497
0.790051 1.64625502
0.888807 1.64625506
0.987564 1.64625510
1.086320 1.64625513
1.185076 1.64625516
1.283833 1.64625518
1.382589 1.64625519
1.481345 1.64625520
1.580102 1.64625519
1.678858 1.64625518
1.777614 1.64625516
1.876371 1.64625513
1.975127 1.64625508
2.073884 1.64625503
2.172640 1.64625497
2.271396 1.64625489
2.370153 1.64625480
2.468909 1.64625470
2.567665 1.64625458
2.666422 1.64625446
2.765178 1.64625431
2.863934 1.64625416
2.962691 1.64625398
3.061447 1.64625379
3.160204 1.64625358
3.258960 1.64625336
3.357716 1.64625312
3.456473 1.64625286
3.555229 1.64625258
3.653985 1.64625229
3.752742 1.64625197
3.851498 1.64625163
3.950254 1.64625127
4.049011 1.64625090
4.147767 1.64625050
4.246523 1.64625008
4.345280 1.64624963
4.444036 1.64624917
4.542793 1.64624868
4.641549 1.64624817
4.740305 1.64624763
4.839062 1.64624708
4.937818 1.64624649
5.036574 1.64624588
5.135331 1.64624524
5.234087 1.64624459
5.332843 1.64624389
5.431600 1.64624318
5.530356 1.64624244
5.629113 1.64624167
5.727869 1.64624087
5.826625 1.64624005
5.925382 1.64623919
6.024138 1.64623832
6.122894 1.64623740
6.221651 1.64623646
6.320407 1.64623549
6.419163 1.64623449
6.517920 1.64623346
6.616676 1.64623240
6.715432 1.64623130
6.814189 1.64623018
6.912945 1.64622902
7.011702 1.64622784
7.110458 1.64622661
7.209214 1.64622537
7.307971 1.64622408
7.406727 1.64622276
7.505483 1.64622141
7.604240 1.64622003
7.702996 1.64621861
7.801752 1.64621716
7.900509 1.64621567
7.999265 1.64621415
8.098022 1.64621259
8.196778 1.64621101
8.295534 1.64620938
8.394291 1.64620773
8.493047 1.64620603
8.591803 1.64620431
8.690560 1.64620254
8.789316 1.64620074
8.888072 1.64619890
8.986829 1.64619704
9.085585 1.64619512
9.184341 1.64619319
9.283098 1.64619120
9.381854 1.64618920
9.480611 1.64618714
9.579367 1.64618506
9.678123 1.64618293
9.776880 1.64618078
9.875636 1.64617858
9.974392 1.64617635
10.073149 1.64617408
10.171905 1.64617178
10.270661 1.64616944
10.369418 1.64616707
10.468174 1.64616465
10.566931 1.64616220
10.665687 1.64615971
10.764443 1.64615720
10.863200 1.64615463
10.961956 1.64615204
11.060712 1.64614940
11.159469 1.64614674
11.258225 1.64614402
11.356981 1.64614129
11.455738 1.64613850
11.554494 1.64613569
11.653250 1.64613282
11.752007 1.64612994
11.850763 1.64612700
11.949520 1.64612404
12.048276 1.64612102
12.147032 1.64611798
12.245789 1.64611488
12.344545 1.64611176
12.443301 1.64610859
12.542058 1.64610538
12.640814 1.64610212
12.739570 1.64609882
12.838327 1.64609547
12.937083 1.64609209
13.035840 1.64608864
13.134596 1.64608515
13.233352 1.64608160
13.332109 1.64607800
13.430865 1.64607432
13.529621 1.64607060
13.628378 1.64606680
13.727134 1.64606293
13.825890 1.64605897
13.924647 1.64605494
14.023403 1.64605080
14.122159 1.64604657
14.220916 1.64604221
14.319672 1.64603775
14.418429 1.64603314
14.517185 1.64602838
14.615941 1.64602345
14.714698 1.64601835
14.813454 1.64601302
14.912210 1.64600748
15.010967 1.64600166
15.109723 1.64599556
15.208479 1.64598913
15.307236 1.64598233
15.405992 1.64597512
15.504749 1.64596745
15.603505 1.64595924
15.702261 1.64595046
15.801018 1.64594100
15.899774 1.64593079
15.998530 1.64591973
16.097287 1.64590771
16.196043 1.64589460
16.294799 1.64588028
16.393556 1.64586457
16.492312 1.64584731
16.591068 1.64582827
16.689825 1.64580724
16.788581 1.64578396
16.887338 1.64575815
16.986094 1.64572946
17.084850 1.64569754
17.183607 1.64566195
17.282363 1.64562226
17.381119 1.64557790
17.479876 1.64552832
17.578632 1.64547281
17.677388 1.64541067
17.776145 1.64534101
17.874901 1.64526292
17.973658 1.64517532
18.072414 1.64507705
18.171170 1.64496675
18.269927 1.64484296
18.368683 1.64470399
18.467439 1.64454800
18.566196 1.64437288
18.664952 1.64417632
18.763708 1.64395571
18.862465 1.64370816
18.961221 1.64343043
19.059977 1.64311894
19.158734 1.64276964
19.257490 1.64237809
19.356247 1.64193930
19.455003 1.64144778
19.553759 1.64089736
19.652516 1.64028125
19.751272 1.63959186
19.850028 1.63882085
19.948785 1.63795888
20.047541 1.63699568
20.146297 1.63591982
20.245054 1.63471872
20.343810 1.63337840
20.442567 1.63188345
20.541323 1.63021680
20.640079 1.62835967
20.738836 1.62629126
20.837592 1.62398869
20.936348 1.62142669
21.035105 1.61857746
21.133861 1.61541034
21.232617 1.61189163
21.331374 1.60798421
21.430130 1.60364728
21.528886 1.59883595
21.627643 1.59350091
21.726399 1.58758789
21.825156 1.58103719
21.923912 1.57378306
22.022668 1.56575301
22.121425 1.55686687
22.220181 1.54703580
22.318937 1.53616090
22.417694 1.52413153
22.516450 1.51082310
22.615206 1.49609427
22.713963 1.47978307
22.812719 1.46170211
22.911476 1.44163161
23.010232 1.41931081
23.108988 1.39442530
23.207745 1.36659102
23.306501 1.33533089
23.405257 1.30004463
23.504014 1.25996454
23.602770 1.21409806
23.701526 1.16114314
23.800283 1.09937773
23.899039 1.02649695
23.997795 0.93939925
24.096552 0.83387491
24.195308 0.70419195
24.294065 0.54252319
24.392821 0.33812598
24.491577 0.07640094
24.590334 -0.26262525
24.689090 -0.70423900
24.787846 -1.26645957
24.886603 -1.89110829
24.985359 -2.33677974
25.084115 -2.37848457
25.182872 -2.17426860
25.281628 -2.04036706
25.380385 -2.12783284
25.479141 -2.48950143
25.577897 -3.17905973
25.676654 -4.26844605
25.775410 -5.80959397
25.874166 -7.72058757
25.972923 -9.60159514
26.071679 -10.74963853
26.170435 -10.70701249
26.269192 -9.81603074
26.367948 -8.92488152
26.466704 -8.68946007
26.565461 -9.27892289
26.664217 -10.35489167
26.762974 -11.13399377
26.861730 -10.84266558
26.960486 -9.40444874
27.059243 -7.44558211
27.157999 -5.62211214
27.256755 -4.23181742
27.355512 -3.31357347
27.454268 -2.82242163
27.553024 -2.71568481
27.651781 -2.98317917
27.750537 -3.65160255
27.849294 -4.77220484
27.948050 -6.37246064
28.046806 -8.32929170
28.145563 -10.18721563
28.244319 -11.22423585
28.343075 -11.04862830
28.441832 -10.08995836
28.540588 -9.21029058
28.639344 -9.02133340
28.738101 -9.64078412
28.836857 -10.67829277
28.935613 -11.32255088
29.034370 -10.85137352
29.133126 -9.28612602
29.231883 -7.29150651
29.330639 -5.49074518
29.429395 -4.14191681
29.528152 -3.26613443
29.626908 -2.81513689
29.725664 -2.74817940
29.824421 -3.05852519
29.923177 -3.77588101
30.021933 -4.95159619
30.120690 -6.60416151
30.219446 -8.58101311
30.318203 -10.38340736
30.416959 -11.28860464
30.515715 -10.98484930
30.614472 -9.98473946
30.713228 -9.15221355
30.811984 -9.04826622
30.910741 -9.73520050
31.009497 -10.76748208
31.108253 -11.30893730
31.207010 -10.69518312
31.305766 -9.04228654
31.404522 -7.04369511
31.503279 -5.28650482
31.602035 -3.99182546
31.700792 -3.16585691
31.799548 -2.75853865
31.898304 -2.73189153
31.997061 -3.08312244
32.095817 -3.84511301
32.194573 -5.06898197
32.293330 -6.76288496
32.392086 -8.74265068
32.490842 -10.46798608
32.589599 -11.22490991
32.688355 -10.78801855
32.787112 -9.74562259
32.885868 -8.95360254
32.984624 -8.91912346
33.083381 -9.64793459
33.182137 -10.63895330
33.280893 -11.03745891
33.379650 -10.24513057
33.478406 -8.47002751
33.577162 -6.42638543
33.675919 -4.66557957
33.774675 -3.37965099
33.873431 -2.56920841
33.972188 -2.19039965
34.070944 -2.21285242
34.169701 -2.63776649
34.268457 -3.49653312
34.367213 -4.83243927
34.465970 -6.63462764
34.564726 -8.67966463
34.663482 -10.38452990
34.762239 -11.05188865
34.860995 -10.54760898
34.959751 -9.52926332
35.058508 -8.83826544
35.157264 -8.92828864
35.256021 -9.75005940
35.354777 -10.74959042
35.453533 -11.06289624
35.552290 -10.16659851
35.651046 -8.35635105
35.749802 -6.35609423
35.848559 -4.67415614
35.947315 -3.46605977
36.046071 -2.71475203
36.144828 -2.36886246
36.243584 -2.39618514
36.342340 -2.80103840
36.441097 -3.62100632
36.539853 -4.90362754
36.638610 -6.62998147
36.737366 -8.54486152
36.836122 -10.03124656
36.934879 -10.42095838
37.033635 -9.67555172
37.132391 -8.51291498
37.231148 -7.75147843
37.329904 -7.78892321
37.428660 -8.51894931
37.527417 -9.33471289
37.626173 -9.36926714
37.724929 -8.17667312
37.823686 -6.12873285
37.922442 -3.94705962
38.021199 -2.09992933
38.119955 -0.72297264
38.218711 0.19719534
38.317468 0.70563839
38.416224 0.84565872
38.514980 0.67137578
38.613737 0.33479824
38.712493 0.16843416
38.811249 0.40504316
38.910006 0.86933883
39.008762 1.30646274
39.107519 1.63826905
39.206275 1.87611908
39.305031 2.04167677
39.403788 2.15179399
39.502544 2.21931593
39.601300 2.25451352
39.700057 2.26679034
39.798813 2.26549165
39.897569 2.25979052
39.996326 2.25785132
40.095082 2.27269731
40.193838 2.30743247
40.292595 2.35739060
40.391351 2.41580697
40.490108 2.47665506
40.588864 2.53592778
40.687620 2.59158846
40.786377 2.64292329
40.885133 2.68982538
40.983889 2.73236123
41.082646 2.77063724
41.181402 2.80470178
41.280158 2.83459749
41.378915 2.86033406
41.477671 2.88191259
41.576428 2.89933435
41.675184 2.91260953
41.773940 2.92180312
41.872697 2.92723116
41.971453 2.93012880
42.070209 2.93228190
42.168966 2.93455474
42.267722 2.93761530
42.366478 2.94148508
42.465235 2.94578997
42.563991 2.94984638
42.662747 2.95257819
42.761504 2.95236345
42.860260 2.94677926
42.959017 2.93223491
43.057773 2.90350460
43.156529 2.85285794
43.255286 2.76968735
43.354042 2.64261167
43.452798 2.46816700
43.551555 2.27194286
43.650311 2.12128394
43.749067 2.08839533
43.847824 2.18285479
43.946580 2.34105822
44.045337 2.48695676
44.144093 2.57955086
44.242849 2.61020039
44.341606 2.58269485
44.440362 2.50161884
44.539118 2.37076757
44.637875 2.19780521
44.736631 2.00700423
44.835387 1.85121403
44.934144 1.78817751
45.032900 1.82217534
45.131656 1.88733841
45.230413 1.89864611
45.329169 1.79858933
45.427926 1.57301836
45.526682 1.27661231
45.625438 1.04898256
45.724195 1.03973308
45.822951 1.27413613
45.921707 1.63218469
46.020464 1.96978276
46.119220 2.21273683
46.217976 2.35055925
46.316733 2.39605929
46.415489 2.36129479
46.514246 2.25202062
46.613002 2.06815451
46.711758 1.80722038
46.810515 1.47705131
46.909271 1.12431207
47.008027 0.85380107
47.106784 0.77223341
47.205540 0.88694226
47.304296 1.11889659
47.403053 1.39476583
47.501809 1.65117697
47.600565 1.85385841
47.699322 2.03884549
47.798078 2.24017939
47.896835 2.43205748
47.995591 2.58634027
48.094347 2.70211288
48.193104 2.78808705
48.291860 2.85225950
48.390616 2.90048117
48.489373 2.93672840
48.588129 2.96368196
48.686885 2.98304340
48.785642 2.99593965
48.884398 3.00287266
48.983155 3.00562894
49.081911 3.00731645
49.180667 3.00879012
49.279424 3.01019582
49.378180 3.01157109
49.476936 3.01293025
49.575693 3.01428014
49.674449 3.01562439
49.773205 3.01696509
49.871962 3.01830350
49.970718 3.01964039
50.069474 3.02097627
50.168231 3.02231146
50.266987 3.02364618
50.365744 3.02498057
50.464500 3.02631472
50.563256 3.02764872
50.662013 3.02898260
50.760769 3.03031597
50.859525 3.03164477
50.958282 3.03296860
51.057038 3.03428747
51.155794 3.03560138
51.254551 3.03691035
51.353307 3.03821438
51.452064 3.03951346
51.550820 3.04080761
51.649576 3.04209683
51.748333 3.04338111
51.847089 3.04466046
51.945845 3.04593488
52.044602 3.04720437
52.143358 3.04846893
52.242114 3.04972856
52.340871 3.05098326
52.439627 3.05223303
52.538383 3.05347787
52.637140 3.05471778
52.735896 3.05595277
52.834653 3.05718282
52.933409 3.05840795
53.032165 3.05962815
53.130922 3.06084342
53.229678 3.06205376
53.328434 3.06325917
53.427191 3.06445965
53.525947 3.06565521
53.624703 3.06684584
53.723460 3.06803154
53.822216 3.06921231
53.920973 3.07038815
54.019729 3.07155907
54.118485 3.07272505
54.217242 3.07388611
54.315998 3.07504224
54.414754 3.07619345
54.513511 3.07733972
54.612267 3.07848107
54.711023 3.07961749
54.809780 3.08074898
54.908536 3.08187554
55.007292 3.08299717
55.106049 3.08411388
55.204805 3.08522566
55.303562 3.08633251
55.402318 3.08743443
55.501074 3.08853143
55.599831 3.08962349
55.698587 3.09071063
55.797343 3.09179284
55.896100 3.09287013
55.994856 3.09394248
56.093612 3.09500991
56.192369 3.09607241
56.291125 3.09712998
56.389882 3.09818263
56.488638 3.09923034
56.587394 3.10027313
56.686151 3.10131099
56.784907 3.10234392
56.883663 3.10337193
56.982420 3.10439501
57.081176 3.10541315
57.179932 3.10642638
57.278689 3.10743467
57.377445 3.10843804
57.476201 3.10943647
57.574958 3.11042998
57.673714 3.11141857
57.772471 3.11240222
57.871227 3.11338095
57.969983 3.11435475
58.068740 3.11532362
58.167496 3.11628756
58.266252 3.11724658
58.365009 3.11820066
58.463765 3.11914983
58.562521 3.12009406
58.661278 3.12103336
58.760034 3.12196774
58.858791 3.12289719
58.957547 3.12382171
59.056303 3.12474130
59.155060 3.12565597
59.253816 3.12656571
59.352572 3.12747052
59.451329 3.12837040
59.550085 3.12926535
59.648841 3.13015538
59.747598 3.13104048
59.846354 3.13192065
59.945110 3.13279589
60.043867 3.13366621
60.142623 3.13453160
60.241380 3.13539206
60.340136 3.13624759
60.438892 3.13709819
60.537649 3.13794387
60.636405 3.13878462
60.735161 3.13962044
60.833918 3.14045133
60.932674 3.14127730
61.031430 3.14209833
61.130187 3.14291444
61.228943 3.14372562
61.327700 3.14453188
61.426456 3.14533320
61.525212 3.14612960
61.623969 3.14692107
61.722725 3.14770761
61.821481 3.14848923
61.920238 3.14926591
62.018994 3.15003767
62.117750 3.15080450
62.216507 3.15156640
62.315263 3.15232338
62.414019 3.15307542
62.512776 3.15382254
62.611532 3.15456473
62.710289 3.15530200
62.809045 3.15603433
62.907801 3.15676174
63.006558 3.15748422
63.105314 3.15820177
63.204070 3.15891439
63.302827 3.15962208
63.401583 3.16032485
63.500339 3.16102269
63.599096 3.16171560
63.697852 3.16240358
63.796609 3.16308664
63.895365 3.16376476
63.994121 3.16443796
64.092878 3.16510623
64.191634 3.16576957
64.290390 3.16642799
64.389147 3.16708147
64.487903 3.16773003
64.586659 3.16837366
64.685416 3.16901236
64.784172 3.16964614
64.882928 3.17027498
64.981685 3.17089890
65.080441 3.17151789
65.179198 3.17213195
65.277954 3.17274108
65.376710 3.17334528
65.475467 3.17394456
65.574223 3.17453891
65.672979 3.17512833
65.771736 3.17571282
65.870492 3.17629238
65.969248 3.17686702
66.068005 3.17743672
66.166761 3.17800150
66.265518 3.17856135
66.364274 3.17911627
66.463030 3.17966626
66.561787 3.18021133
66.660543 3.18075147
66.759299 3.18128667
66.858056 3.18181695
66.956812 3.18234230
67.055568 3.18286273
67.154325 3.18337822
67.253081 3.18388879
67.351837 3.18439442
67.450594 3.18489513
67.549350 3.18539091
67.648107 3.18588177
67.746863 3.18636769
67.845619 3.18684869
67.944376 3.18732475
68.043132 3.18779589
68.141888 3.18826210
68.240645 3.18872338
68.339401 3.18917973
68.438157 3.18963116
68.536914 3.19007765
68.635670 3.19051922
68.734427 3.19095586
68.833183 3.19138757
68.931939 3.19181435
69.030696 3.19223620
69.129452 3.19265312
69.228208 3.19306512
69.326965 3.19347218
69.425721 3.19387432
69.524477 3.19427153
69.623234 3.19466381
69.721990 3.19505116
69.820746 3.19543358
69.919503 3.19581108
70.018259 3.19618364
70.117016 3.19655128
70.215772 3.19691399
70.314528 3.19727177
70.413285 3.19762462
70.512041 3.19797254
70.610797 3.19831553
70.709554 3.19865359
70.808310 3.19898673
70.907066 3.19931493
71.005823 3.19963821
71.104579 3.19995656
71.203336 3.20026998
71.302092 3.20057847
71.400848 3.20088203
71.499605 3.20118066
71.598361 3.20147436
71.697117 3.20176355
71.795874 3.20205233
71.894630 3.20234110
71.993386 3.20262987
72.092143 3.20291865
72.190899 3.20320742
72.289655 3.20349620
72.388412 3.20378499
72.487168 3.20407395
72.585925 3.20436256
