0.098756 1.64894764
0.197513 1.64894851
0.296269 1.64894760
0.395025 1.64894751
0.493782 1.64894753
0.592538 1.64894754
0.691295 1.64894756
0.790051 1.64894757
0.888807 1.64894758
0.987564 1.64894759
1.086320 1.64894760
1.185076 1.64894760
1.283833 1.64894760
1.382589 1.64894759
1.481345 1.64894759
1.580102 1.64894758
1.678858 1.64894756
1.777614 1.64894754
1.876371 1.64894751
1.975127 1.64894748
2.073884 1.64894745
2.172640 1.64894741
2.271396 1.64894736
2.370153 1.64894731
2.468909 1.64894725
2.567665 1.64894718
2.666422 1.64894711
2.765178 1.64894703
2.863934 1.64894694
2.962691 1.64894685
3.061447 1.64894674
3.160204 1.64894663
3.258960 1.64894651
3.357716 1.64894638
3.456473 1.64894625
3.555229 1.64894610
3.653985 1.64894594
3.752742 1.64894578
3.851498 1.64894560
3.950254 1.64894542
4.049011 1.64894522
4.147767 1.64894501
4.246523 1.64894479
4.345280 1.64894456
4.444036 1.64894432
4.542793 1.64894407
4.641549 1.64894381
4.740305 1.64894353
4.839062 1.64894324
4.937818 1.64894294
5.036574 1.64894262
5.135331 1.64894229
5.234087 1.64894195
5.332843 1.64894159
5.431600 1.64894122
5.530356 1.64894084
5.629113 1.64894044
5.727869 1.64894002
5.826625 1.64893959
5.925382 1.64893915
6.024138 1.64893869
6.122894 1.64893821
6.221651 1.64893772
6.320407 1.64893721
6.419163 1.64893669
6.517920 1.64893615
6.616676 1.64893559
6.715432 1.64893501
6.814189 1.64893442
6.912945 1.64893381
7.011702 1.64893318
7.110458 1.64893254
7.209214 1.64893187
7.307971 1.64893119
7.406727 1.64893048
7.505483 1.64892976
7.604240 1.64892902
7.702996 1.64892826
7.801752 1.64892748
7.900509 1.64892668
7.999265 1.64892586
8.098022 1.64892502
8.196778 1.64892416
8.295534 1.64892327
8.394291 1.64892237
8.493047 1.64892144
8.591803 1.64892050
8.690560 1.64891953
8.789316 1.64891853
8.888072 1.64891752
8.986829 1.64891648
9.085585 1.64891542
9.184341 1.64891434
9.283098 1.64891324
9.381854 1.64891211
9.480611 1.64891096
9.579367 1.64890978
9.678123 1.64890858
9.776880 1.64890735
9.875636 1.64890610
9.974392 1.64890483
10.073149 1.64890353
10.171905 1.64890220
10.270661 1.64890085
10.369418 1.64889947
10.468174 1.64889807
10.566931 1.64889664
10.665687 1.64889518
10.764443 1.64889369
10.863200 1.64889218
10.961956 1.64889064
11.060712 1.64888907
11.159469 1.64888748
11.258225 1.64888585
11.356981 1.64888419
11.455738 1.64888251
11.554494 1.64888079
11.653250 1.64887904
11.752007 1.64887726
11.850763 1.64887545
11.949520 1.64887361
12.048276 1.64887173
12.147032 1.64886981
12.245789 1.64886786
12.344545 1.64886588
12.443301 1.64886385
12.542058 1.64886179
12.640814 1.64885969
12.739570 1.64885754
12.838327 1.64885535
12.937083 1.64885311
13.035840 1.64885083
13.134596 1.64884849
13.233352 1.64884610
13.332109 1.64884365
13.430865 1.64884113
13.529621 1.64883856
13.628378 1.64883591
13.727134 1.64883318
13.825890 1.64883037
13.924647 1.64882748
14.023403 1.64882448
14.122159 1.64882138
14.220916 1.64881815
14.319672 1.64881481
14.418429 1.64881131
14.517185 1.64880767
14.615941 1.64880384
14.714698 1.64879983
14.813454 1.64879559
14.912210 1.64879112
15.010967 1.64878638
15.109723 1.64878135
15.208479 1.64877597
15.307236 1.64877022
15.405992 1.64876405
15.504749 1.64875740
15.603505 1.64875023
15.702261 1.64874245
15.801018 1.64873399
15.899774 1.64872478
15.998530 1.64871471
16.097287 1.64870367
16.196043 1.64869154
16.294799 1.64867819
16.393556 1.64866344
16.492312 1.64864714
16.591068 1.64862907
16.689825 1.64860901
16.788581 1.64858670
16.887338 1.64856186
16.986094 1.64853416
17.084850 1.64850323
17.183607 1.64846868
17.282363 1.64843002
17.381119 1.64838674
17.479876 1.64833826
17.578632 1.64828392
17.677388 1.64822297
17.776145 1.64815458
17.874901 1.64807783
17.973658 1.64799166
18.072414 1.64789491
18.171170 1.64778626
18.269927 1.64766423
18.368683 1.64752719
18.467439 1.64737328
18.566196 1.64720046
18.664952 1.64700641
18.763708 1.64678857
18.862465 1.64654408
18.961221 1.64626973
19.059977 1.64596197
19.158734 1.64561682
19.257490 1.64522987
19.356247 1.64479622
19.455003 1.64431037
19.553759 1.64376629
19.652516 1.64315721
19.751272 1.64247566
19.850028 1.64171333
19.948785 1.64086104
20.047541 1.63990857
20.146297 1.63884464
20.245054 1.63765675
20.343810 1.63633109
20.442567 1.63485234
20.541323 1.63320366
20.640079 1.63136634
20.738836 1.62931984
20.837592 1.62704140
20.936348 1.62450599
21.035105 1.62168599
21.133861 1.61855097
21.232617 1.61506745
21.331374 1.61119854
21.430130 1.60690369
21.528886 1.60213825
21.627643 1.59685313
21.726399 1.59099430
21.825156 1.58450229
21.923912 1.57731153
22.022668 1.56934971
22.121425 1.56053680
22.220181 1.55078409
22.318937 1.53999268
22.417694 1.52805198
22.516450 1.51483726
22.615206 1.50020707
22.713963 1.48399909
22.812719 1.46602563
22.911476 1.44606630
23.010232 1.42385976
23.108988 1.39909058
23.207745 1.37137377
23.306501 1.34023072
23.405257 1.30505966
23.504014 1.26509065
23.602770 1.21932885
23.701526 1.16646899
23.800283 1.10478562
23.899039 1.03196929
23.997795 0.94491337
24.096552 0.83940170
24.195308 0.70969496
24.294065 0.54795695
24.392821 0.34343465
24.491577 0.08151654
24.590334 -0.25778458
24.689090 -0.69977043
24.787846 -1.26247673
24.886603 -1.88774132
24.985359 -2.33417282
25.084115 -2.37468473
25.182872 -2.16945756
25.281628 -2.03475303
25.380385 -2.12166551
25.479141 -2.48304989
25.577897 -3.17257729
25.676654 -4.26214603
25.775410 -5.80363668
25.874166 -7.71508369
25.972923 -9.59662398
26.071679 -10.74526517
26.170435 -10.70327672
26.269192 -9.81291650
26.367948 -8.92229638
26.466704 -8.68723642
26.565461 -9.27682640
26.664217 -10.35263134
26.762974 -11.13124076
26.861730 -10.83909486
26.960486 -9.39980200
27.059243 -7.43971665
27.157999 -5.61499769
27.256755 -4.22350892
27.355512 -3.30420132
27.454268 -2.81219066
27.553024 -2.70487192
27.651781 -2.97211980
27.750537 -3.64066082
27.849294 -4.76173121
27.948050 -6.36274845
28.046806 -8.32054783
28.145563 -10.17954486
28.244319 -11.21762733
28.343075 -11.04294819
28.441832 -10.08495822
28.540588 -9.20563373
28.639344 -9.01662570
28.738101 -9.63560635
28.836857 -10.67223476
28.935613 -11.31525164
29.034370 -10.84256211
29.133126 -9.27564348
29.231883 -7.27930500
29.330639 -5.47687319
29.429395 -4.12650229
29.528152 -3.24938049
29.626908 -2.79732507
29.725664 -2.72966702
29.824421 -3.03972633
29.923177 -3.75722943
30.021933 -4.93349740
30.120690 -6.58694585
30.219446 -8.56490454
30.318203 -10.36850696
30.416959 -11.27488255
30.515715 -10.97216837
30.614472 -9.97291160
30.713228 -9.14107156
30.811984 -9.03773414
30.910741 -9.72535264
31.009497 -10.75859683
31.108253 -11.30151584
31.207010 -10.68987600
31.305766 -9.03971792
31.404522 -7.04429439
31.503279 -5.29047818
31.602035 -3.99923224
31.700792 -3.17670647
31.799548 -2.77290918
31.898304 -2.75005569
31.997061 -3.10564159
32.095817 -3.87289827
32.194573 -5.10330378
32.293330 -6.80533102
32.392086 -8.79508388
32.490842 -10.53252545
32.589599 -11.30393526
32.688355 -10.88412316
32.787112 -9.86150998
32.885868 -9.09214041
32.984624 -9.08357621
33.083381 -9.84219084
33.182137 -10.86770825
33.280893 -11.30625122
33.379650 -10.56003837
33.478406 -8.83687687
33.577162 -6.84946602
33.675919 -5.14589527
33.774675 -3.91281297
33.873431 -3.14373918
33.972188 -2.78782247
34.070944 -2.81038971
34.169701 -3.21295015
34.268457 -4.03169629
34.367213 -5.31711053
34.465970 -7.06531815
34.564726 -9.05803191
34.663482 -10.71524074
34.762239 -11.34093038
34.860995 -10.80106479
34.959751 -9.75250946
35.058508 -9.03576884
35.157264 -9.10377888
35.256021 -9.90676910
35.354777 -10.89054334
35.453533 -11.19111265
35.552290 -10.28505514
35.651046 -8.46776108
35.749802 -6.46274853
35.848559 -4.77794712
35.947315 -3.56855012
36.046071 -2.81721132
36.144828 -2.47230108
36.243584 -2.50140162
36.342340 -2.90867283
36.441097 -3.73158491
36.539853 -5.01758236
36.638610 -6.74764512
36.737366 -8.66645019
36.836122 -10.15685851
36.934879 -10.55060127
37.033635 -9.80922399
37.132391 -8.65072144
37.231148 -7.89377173
37.329904 -7.93644941
37.428660 -8.67293923
37.527417 -9.49694000
37.626173 -9.54195482
37.724929 -8.36205418
37.823686 -6.32840536
37.922442 -4.16150923
38.021199 -2.32836597
38.119955 -0.96329943
38.218711 -0.05176188
38.317468 0.45153235
38.416224 0.58986228
38.514980 0.41738174
38.613737 0.08620240
38.712493 -0.07110310
38.811249 0.17833996
38.910006 0.65930768
39.008762 1.11703862
39.107519 1.47345485
39.206275 1.74006410
39.305031 1.93881253
39.403788 2.08663919
39.502544 2.19590207
39.601300 2.27525715
39.700057 2.33073529
39.798813 2.36622702
39.897569 2.38424718
39.996326 2.38759602
40.095082 2.38705918
40.193838 2.38602728
40.292595 2.38489385
40.391351 2.38372693
40.490108 2.38254500
40.588864 2.38135483
40.687620 2.38015940
40.786377 2.37896030
40.885133 2.37775851
40.983889 2.37655467
41.082646 2.37534924
41.181402 2.37414254
41.280158 2.37293477
41.378915 2.37172609
41.477671 2.37051659
41.576428 2.36930646
41.675184 2.36809610
41.773940 2.36688662
41.872697 2.36568111
41.971453 2.36448928
42.070209 2.36334883
42.168966 2.36243499
42.267722 2.36242680
42.366478 2.36328829
42.465235 2.36457977
42.563991 2.36559374
42.662747 2.36525240
42.761504 2.36194124
42.860260 2.35324873
42.959017 2.33559582
43.057773 2.30376775
43.156529 2.25004168
43.255286 2.16381391
43.354042 2.03370181
43.452798 1.85623649
43.551555 1.65700700
43.650311 1.50336965
43.749067 1.46754630
43.847824 1.55912145
43.946580 1.71447931
44.045337 1.85754547
44.144093 1.94729124
44.242849 1.97504826
44.341606 1.94458028
44.440362 1.86045459
44.539118 1.72646048
44.637875 1.55026758
44.736631 1.35616614
44.835387 1.19703499
44.934144 1.13065251
45.032900 1.16133497
45.131656 1.22324173
45.230413 1.23136727
45.329169 1.12820030
45.427926 0.89957068
45.526682 0.60012441
45.625438 0.36943104
45.724195 0.35706292
45.822951 0.58829687
45.921707 0.94315459
46.020464 1.27756357
46.119220 1.51733619
46.217976 1.65197270
46.316733 1.69426438
46.415489 1.65625590
46.514246 1.54369431
46.613002 1.35649517
46.711758 1.09218846
46.810515 0.75862308
46.909271 0.40248931
47.008027 0.12861918
47.106784 0.04375419
47.205540 0.15522795
47.304296 0.38398743
47.403053 0.65666853
47.501809 0.90986258
47.600565 1.10926720
47.699322 1.29089423
47.798078 1.48877268
47.896835 1.67710144
47.995591 1.82775496
48.094347 1.93984041
48.193104 2.02209808
48.291860 2.08255678
48.390616 2.12710179
48.489373 2.15974751
48.588129 2.18321666
48.686885 2.19925793
48.785642 2.20903604
48.884398 2.21309020
48.983155 2.21316261
49.081911 2.21223595
49.180667 2.21112106
49.279424 2.20995245
49.378180 2.20876252
49.476936 2.20756256
49.575693 2.20635745
49.674449 2.20514954
49.773205 2.20394005
49.871962 2.20272964
49.970718 2.20151869
50.069474 2.20030741
50.168231 2.19909593
50.266987 2.19788434
50.365744 2.19667268
50.464500 2.19546098
50.563256 2.19424925
50.662013 2.19303752
50.760769 2.19182640
50.859525 2.19062196
50.958282 2.18942479
51.057038 2.18823493
51.155794 2.18705235
51.254551 2.18587707
51.353307 2.18470908
51.452064 2.18354839
51.550820 2.18239498
51.649576 2.18124887
51.748333 2.18011004
51.847089 2.17897851
51.945845 2.17785427
52.044602 2.17673732
52.143358 2.17562766
52.242114 2.17452529
52.340871 2.17343021
52.439627 2.17234242
52.538383 2.17126192
52.637140 2.17018871
52.735896 2.16912279
52.834653 2.16806416
52.933409 2.16701282
53.032165 2.16596877
53.130922 2.16493201
53.229678 2.16390254
53.328434 2.16288036
53.427191 2.16186547
53.525947 2.16085787
53.624703 2.15985755
53.723460 2.15886453
53.822216 2.15787880
53.920973 2.15690035
54.019729 2.15592920
54.118485 2.15496534
54.217242 2.15400876
54.315998 2.15305947
54.414754 2.15211748
54.513511 2.15118277
54.612267 2.15025535
54.711023 2.14933522
54.809780 2.14842238
54.908536 2.14751683
55.007292 2.14661857
55.106049 2.14572760
55.204805 2.14484392
55.303562 2.14396752
55.402318 2.14309842
55.501074 2.14223661
55.599831 2.14138208
55.698587 2.14053484
55.797343 2.13969489
55.896100 2.13886223
55.994856 2.13803687
56.093612 2.13721878
56.192369 2.13640799
56.291125 2.13560449
56.389882 2.13480827
56.488638 2.13401935
56.587394 2.13323771
56.686151 2.13246336
56.784907 2.13169631
56.883663 2.13093654
56.982420 2.13018406
57.081176 2.12943886
57.179932 2.12870096
57.278689 2.12797034
57.377445 2.12724702
57.476201 2.12653098
57.574958 2.12582223
57.673714 2.12512077
57.772471 2.12442660
57.871227 2.12373972
57.969983 2.12306012
58.068740 2.12238782
58.167496 2.12172280
58.266252 2.12106507
58.365009 2.12041463
58.463765 2.11977148
58.562521 2.11913562
58.661278 2.11850704
58.760034 2.11788576
58.858791 2.11727176
58.957547 2.11666505
59.056303 2.11606563
59.155060 2.11547350
59.253816 2.11488866
59.352572 2.11431110
59.451329 2.11374083
59.550085 2.11317786
59.648841 2.11262216
59.747598 2.11207376
59.846354 2.11153265
59.945110 2.11099882
60.043867 2.11047229
60.142623 2.10995304
60.241380 2.10944108
60.340136 2.10893641
60.438892 2.10843902
60.537649 2.10794893
60.636405 2.10746612
60.735161 2.10699060
60.833918 2.10652237
60.932674 2.10606142
61.031430 2.10560777
61.130187 2.10516140
61.228943 2.10472232
61.327700 2.10429053
61.426456 2.10386603
61.525212 2.10344882
61.623969 2.10303889
61.722725 2.10263625
61.821481 2.10224090
61.920238 2.10185284
62.018994 2.10147207
62.117750 2.10109858
62.216507 2.10073238
62.315263 2.10037347
62.414019 2.10002185
62.512776 2.09967752
62.611532 2.09934047
62.710289 2.09901071
62.809045 2.09868824
62.907801 2.09837306
63.006558 2.09806517
63.105314 2.09776456
63.204070 2.09747124
63.302827 2.09718521
63.401583 2.09690647
63.500339 2.09663502
63.599096 2.09637085
63.697852 2.09611397
63.796609 2.09586438
63.895365 2.09562208
63.994121 2.09538706
64.092878 2.09515934
64.191634 2.09493890
64.290390 2.09472575
64.389147 2.09451988
64.487903 2.09432131
64.586659 2.09413002
64.685416 2.09394602
64.784172 2.09376931
64.882928 2.09359989
64.981685 2.09343775
65.080441 2.09328290
65.179198 2.09313534
65.277954 2.09299507
65.376710 2.09286208
65.475467 2.09273639
65.574223 2.09261798
65.672979 2.09250686
65.771736 2.09240302
65.870492 2.09230648
65.969248 2.09221722
66.068005 2.09213525
66.166761 2.09206057
66.265518 2.09199317
66.364274 2.09193307
66.463030 2.09188025
66.561787 2.09183472
66.660543 2.09179647
66.759299 2.09176552
66.858056 2.09174185
66.956812 2.09172547
67.055568 2.09171638
67.154325 2.09171457
67.253081 2.09172006
67.351837 2.09173283
67.450594 2.09175289
67.549350 2.09178023
67.648107 2.09181487
67.746863 2.09185679
67.845619 2.09190600
67.944376 2.09196250
68.043132 2.09202628
68.141888 2.09209736
68.240645 2.09217572
68.339401 2.09226137
68.438157 2.09235430
68.536914 2.09245453
68.635670 2.09256204
68.734427 2.09267684
68.833183 2.09279893
68.931939 2.09292830
69.030696 2.09306496
69.129452 2.09320891
69.228208 2.09336015
69.326965 2.09351868
69.425721 2.09368449
69.524477 2.09385759
69.623234 2.09403798
69.721990 2.09422566
69.820746 2.09442063
69.919503 2.09462288
70.018259 2.09483242
70.117016 2.09504925
70.215772 2.09527336
70.314528 2.09550477
70.413285 2.09574346
70.512041 2.09598944
70.610797 2.09624271
70.709554 2.09650326
70.808310 2.09677110
70.907066 2.09704623
71.005823 2.09732865
71.104579 2.09761836
71.203336 2.09791535
71.302092 2.09821963
71.400848 2.09853120
71.499605 2.09885006
71.598361 2.09917621
71.697117 2.09950902
71.795874 2.09984245
71.894630 2.10017589
71.993386 2.10050932
72.092143 2.10084276
72.190899 2.10117619
72.289655 2.10150962
72.388412 2.10184308
72.487168 2.10217676
72.585925 2.10250997
