0.098756 1.64976053
0.197513 1.64976278
0.296269 1.64976049
0.395025 1.64976027
0.493782 1.64976032
0.592538 1.64976037
0.691295 1.64976041
0.790051 1.64976044
0.888807 1.64976047
0.987564 1.64976049
1.086320 1.64976049
1.185076 1.64976049
1.283833 1.64976047
1.382589 1.64976044
1.481345 1.64976039
1.580102 1.64976033
1.678858 1.64976025
1.777614 1.64976016
1.876371 1.64976005
1.975127 1.64975991
2.073884 1.64975976
2.172640 1.64975958
2.271396 1.64975938
2.370153 1.64975916
2.468909 1.64975891
2.567665 1.64975864
2.666422 1.64975834
2.765178 1.64975801
2.863934 1.64975765
2.962691 1.64975726
3.061447 1.64975685
3.160204 1.64975640
3.258960 1.64975592
3.357716 1.64975540
3.456473 1.64975485
3.555229 1.64975426
3.653985 1.64975364
3.752742 1.64975297
3.851498 1.64975227
3.950254 1.64975153
4.049011 1.64975075
4.147767 1.64974993
4.246523 1.64974906
4.345280 1.64974815
4.444036 1.64974720
4.542793 1.64974619
4.641549 1.64974515
4.740305 1.64974405
4.839062 1.64974291
4.937818 1.64974171
5.036574 1.64974047
5.135331 1.64973918
5.234087 1.64973783
5.332843 1.64973643
5.431600 1.64973497
5.530356 1.64973346
5.629113 1.64973190
5.727869 1.64973027
5.826625 1.64972859
5.925382 1.64972685
6.024138 1.64972505
6.122894 1.64972319
6.221651 1.64972127
6.320407 1.64971928
6.419163 1.64971724
6.517920 1.64971512
6.616676 1.64971295
6.715432 1.64971070
6.814189 1.64970839
6.912945 1.64970601
7.011702 1.64970357
7.110458 1.64970105
7.209214 1.64969847
7.307971 1.64969581
7.406727 1.64969308
7.505483 1.64969027
7.604240 1.64968740
7.702996 1.64968445
7.801752 1.64968142
7.900509 1.64967832
7.999265 1.64967514
8.098022 1.64967188
8.196778 1.64966855
8.295534 1.64966514
8.394291 1.64966165
8.493047 1.64965807
8.591803 1.64965442
8.690560 1.64965067
8.789316 1.64964686
8.888072 1.64964295
8.986829 1.64963896
9.085585 1.64963488
9.184341 1.64963072
9.283098 1.64962647
9.381854 1.64962214
9.480611 1.64961771
9.579367 1.64961321
9.678123 1.64960860
9.776880 1.64960391
9.875636 1.64959913
9.974392 1.64959426
10.073149 1.64958929
10.171905 1.64958423
10.270661 1.64957907
10.369418 1.64957383
10.468174 1.64956848
10.566931 1.64956305
10.665687 1.64955751
10.764443 1.64955188
10.863200 1.64954615
10.961956 1.64954033
11.060712 1.64953439
11.159469 1.64952837
11.258225 1.64952224
11.356981 1.64951601
11.455738 1.64950968
11.554494 1.64950325
11.653250 1.64949670
11.752007 1.64949006
11.850763 1.64948331
11.949520 1.64947646
12.048276 1.64946949
12.147032 1.64946242
12.245789 1.64945523
12.344545 1.64944794
12.443301 1.64944052
12.542058 1.64943300
12.640814 1.64942536
12.739570 1.64941761
12.838327 1.64940972
12.937083 1.64940173
13.035840 1.64939359
13.134596 1.64938535
13.233352 1.64937695
13.332109 1.64936844
13.430865 1.64935977
13.529621 1.64935098
13.628378 1.64934202
13.727134 1.64933292
13.825890 1.64932365
13.924647 1.64931422
14.023403 1.64930460
14.122159 1.64929481
14.220916 1.64928482
14.319672 1.64927462
14.418429 1.64926420
14.517185 1.64925355
14.615941 1.64924264
14.714698 1.64923147
14.813454 1.64921999
14.912210 1.64920820
15.010967 1.64919606
15.109723 1.64918355
15.208479 1.64917061
15.307236 1.64915723
15.405992 1.64914333
15.504749 1.64912890
15.603505 1.64911383
15.702261 1.64909811
15.801018 1.64908161
15.899774 1.64906429
15.998530 1.64904601
16.097287 1.64902671
16.196043 1.64900622
16.294799 1.64898443
16.393556 1.64896116
16.492312 1.64893625
16.591068 1.64890949
16.689825 1.64888066
16.788581 1.64884949
16.887338 1.64881572
16.986094 1.64877898
17.084850 1.64873894
17.183607 1.64869517
17.282363 1.64864722
17.381119 1.64859454
17.479876 1.64853657
17.578632 1.64847262
17.677388 1.64840198
17.776145 1.64832378
17.874901 1.64823711
17.973658 1.64814090
18.072414 1.64803399
18.171170 1.64791503
18.269927 1.64778258
18.368683 1.64763494
18.467439 1.64747029
18.566196 1.64728654
18.664952 1.64708140
18.763708 1.64685226
18.862465 1.64659626
18.961221 1.64631015
19.059977 1.64599039
19.158734 1.64563295
19.257490 1.64523343
19.356247 1.64478683
19.455003 1.64428771
19.553759 1.64372991
19.652516 1.64310670
19.751272 1.64241051
19.850028 1.64163302
19.948785 1.64076494
20.047541 1.63979605
20.146297 1.63871496
20.245054 1.63750912
20.343810 1.63616461
20.442567 1.63466607
20.541323 1.63299649
20.640079 1.63113714
20.738836 1.62906728
20.837592 1.62676408
20.936348 1.62420233
21.035105 1.62135429
21.133861 1.61818935
21.232617 1.61467388
21.331374 1.61077079
21.430130 1.60643934
21.528886 1.60163468
21.627643 1.59630751
21.726399 1.59040356
21.825156 1.58386314
21.923912 1.57662047
22.022668 1.56860299
22.121425 1.55973045
22.220181 1.54991389
22.318937 1.53905424
22.417694 1.52704066
22.516450 1.51374830
22.615206 1.49903546
22.713963 1.48273985
22.812719 1.46467354
22.911476 1.44461631
23.010232 1.42230668
23.108988 1.39742960
23.207745 1.36960015
23.306501 1.33834036
23.405257 1.30304885
23.504014 1.26295679
23.602770 1.21707025
23.701526 1.16408576
23.800283 1.10227956
23.899039 1.02934501
23.997795 0.94217846
24.096552 0.83656803
24.195308 0.70677918
24.294065 0.54498205
24.392821 0.34043089
24.491577 0.07852303
24.590334 -0.26071855
24.689090 -0.70258424
24.787846 -1.26509743
24.886603 -1.89008377
24.985359 -2.33614129
25.084115 -2.37749597
25.182872 -2.17299304
25.281628 -2.03887792
25.380385 -2.12622011
25.479141 -2.48786455
25.577897 -3.17749549
25.676654 -4.26704028
25.775410 -5.80841508
25.874166 -7.71968510
25.972923 -9.60100262
26.071679 -10.74937796
26.170435 -10.70709038
26.269192 -9.81643287
26.367948 -8.92556610
26.466704 -8.69035791
26.565461 -9.27993664
26.664217 -10.35589641
26.762974 -11.13484049
26.861730 -10.84319765
26.960486 -9.40453215
27.059243 -7.44513208
27.157999 -5.62109402
27.256755 -4.23023545
27.355512 -3.31146574
27.454268 -2.81985961
27.553024 -2.71277245
27.651781 -2.98004902
27.750537 -3.64840502
27.849294 -4.76909252
27.948050 -6.36957180
28.046806 -8.32673911
28.145563 -10.18508003
28.244319 -11.22255930
28.343075 -11.04740488
28.441832 -10.08912633
28.540588 -9.20973619
28.639344 -9.02090327
28.738101 -9.64029976
28.836857 -10.67756539
28.935613 -11.32139994
29.034370 -10.84964886
29.133126 -9.28372930
29.231883 -7.28839934
29.330639 -5.48694353
29.429395 -4.13747849
29.528152 -3.26115295
29.626908 -2.80973913
29.725664 -2.74252216
29.824421 -3.05278688
29.923177 -3.77024609
30.021933 -4.94623481
30.120690 -6.59920908
30.219446 -8.57655532
30.318203 -10.37947080
30.416959 -11.28514937
30.515715 -10.98177373
30.614472 -9.98189944
30.713228 -9.14944600
30.811984 -9.04540985
30.910741 -9.73211453
31.009497 -10.76406426
31.108253 -11.30513903
31.207010 -10.69101219
31.305766 -9.03779193
31.404522 -7.03894466
31.503279 -5.28157554
31.602035 -3.98680371
31.700792 -3.16084296
31.799548 -2.75365422
31.898304 -2.72728358
31.997061 -3.07895998
32.095817 -3.84157772
32.194573 -5.06625443
32.293330 -6.76112777
32.392086 -8.74199428
32.490842 -10.46851935
32.589599 -11.22667384
32.688355 -10.79099622
32.787112 -9.74972644
32.885868 -8.95868621
32.984624 -8.92501850
33.083381 -9.65448135
33.182137 -10.64602073
33.280893 -11.04495727
33.379650 -10.25301951
33.478406 -8.47831024
33.577162 -6.43508786
33.675919 -4.67474287
33.774675 -3.38934804
33.873431 -2.57956620
33.972188 -2.20161666
34.070944 -2.22520706
34.169701 -2.65161257
34.268457 -3.51228453
34.367213 -4.85054279
34.465970 -6.65552003
34.564726 -8.70372897
34.663482 -10.41206587
34.762239 -11.08309413
34.860995 -10.58256169
34.959751 -9.56791306
35.058508 -8.88051127
35.157264 -8.97412300
35.256021 -9.79968093
35.354777 -10.80349072
35.453533 -11.12188481
35.552290 -10.23167717
35.651046 -8.42846982
35.749802 -6.43596100
35.848559 -4.76224710
35.947315 -3.56276040
36.046071 -2.82050129
36.144828 -2.48427693
36.243584 -2.52212768
36.342340 -2.93862670
36.441097 -3.77160314
36.539853 -5.06882658
36.638610 -6.81156908
36.737366 -8.74476200
36.836122 -10.25149399
36.934879 -10.66371427
37.033635 -9.94321097
37.132391 -8.80826850
37.231148 -8.07785913
37.329904 -8.15031570
37.428660 -8.91990415
37.527417 -9.77980143
37.626173 -9.86177885
37.724929 -8.71645723
37.823686 -6.70975725
37.922442 -4.55604136
38.021199 -2.71732620
38.119955 -1.32635510
38.218711 -0.37138420
38.317468 0.18696964
38.416224 0.38556527
38.514980 0.27357819
38.613737 0.00028239
38.712493 -0.10270332
38.811249 0.19754026
38.910006 0.72622661
39.008762 1.22899435
39.107519 1.62805357
39.206275 1.93497338
39.305031 2.17142107
39.403788 2.35375314
39.502544 2.49351741
39.601300 2.59806446
39.700057 2.67224205
39.798813 2.72030292
39.897569 2.74534380
39.996326 2.75177382
40.095082 2.75318929
40.193838 2.75383147
40.292595 2.75426287
40.391351 2.75460619
40.490108 2.75490442
40.588864 2.75517702
40.687620 2.75543399
40.786377 2.75568099
40.885133 2.75592139
40.983889 2.75615735
41.082646 2.75639027
41.181402 2.75662113
41.280158 2.75685063
41.378915 2.75707932
41.477671 2.75730777
41.576428 2.75753665
41.675184 2.75776705
41.773940 2.75800098
41.872697 2.75824286
41.971453 2.75850433
42.070209 2.75882651
42.168966 2.75939390
42.267722 2.76091625
42.366478 2.76336010
42.465235 2.76627836
42.563991 2.76895558
42.662747 2.77030621
42.761504 2.76870792
42.860260 2.76174115
42.959017 2.74581941
43.057773 2.71572055
43.156529 2.66371611
43.255286 2.57919813
43.354042 2.45078253
43.452798 2.27500103
43.551555 2.07744237
43.650311 1.92545887
43.749067 1.89126725
43.847824 1.98445128
43.946580 2.14140208
44.045337 2.28605781
44.144093 2.37740397
44.242849 2.40678618
44.341606 2.37798093
44.440362 2.29556385
44.539118 2.16332677
44.637875 1.98893616
44.736631 1.79667301
44.835387 1.63940130
44.934144 1.57488154
45.032900 1.60741170
45.131656 1.67113617
45.230413 1.68104118
45.329169 1.57961627
45.427926 1.35270170
45.526682 1.05496076
45.625438 0.82598524
45.724195 0.81536450
45.822951 1.04837303
45.921707 1.40501719
46.020464 1.74121199
46.119220 1.98276684
46.217976 2.11918869
46.316733 2.16327868
46.415489 2.12708862
46.514246 2.01636968
46.613002 1.83103850
46.711758 1.56862162
46.810515 1.23695929
46.909271 0.88272796
47.008027 0.61074158
47.106784 0.52772744
47.205540 0.64101896
47.304296 0.87157489
47.403053 1.14604919
47.501809 1.40105245
47.600565 1.60229899
47.699322 1.78581344
47.798078 1.98563139
47.896835 2.17595090
47.995591 2.32863874
48.094347 2.44279003
48.193104 2.52712940
48.291860 2.58966804
48.390616 2.63627238
48.489373 2.67093586
48.588129 2.69635807
48.686885 2.71426170
48.785642 2.72579061
48.884398 2.73146338
48.983155 2.73304661
49.081911 2.73359208
49.180667 2.73393502
49.279424 2.73421625
49.378180 2.73447105
49.476936 2.73471241
49.575693 2.73494631
49.674449 2.73517581
49.773205 2.73540263
49.871962 2.73562776
49.970718 2.73585181
50.069474 2.73607514
50.168231 2.73629801
50.266987 2.73652056
50.365744 2.73674290
50.464500 2.73696509
50.563256 2.73718718
50.662013 2.73740921
50.760769 2.73763122
50.859525 2.73785355
50.958282 2.73807624
51.057038 2.73829929
51.155794 2.73852272
51.254551 2.73874652
51.353307 2.73897070
51.452064 2.73919526
51.550820 2.73942020
51.649576 2.73964552
51.748333 2.73987122
51.847089 2.74009731
51.945845 2.74032378
52.044602 2.74055063
52.143358 2.74077786
52.242114 2.74100548
52.340871 2.74123348
52.439627 2.74146187
52.538383 2.74169064
52.637140 2.74191979
52.735896 2.74214933
52.834653 2.74237925
52.933409 2.74260956
53.032165 2.74284025
53.130922 2.74307132
53.229678 2.74330278
53.328434 2.74353462
53.427191 2.74376684
53.525947 2.74399945
53.624703 2.74423244
53.723460 2.74446582
53.822216 2.74469958
53.920973 2.74493373
54.019729 2.74516825
54.118485 2.74540317
54.217242 2.74563846
54.315998 2.74587414
54.414754 2.74611020
54.513511 2.74634665
54.612267 2.74658348
54.711023 2.74682070
54.809780 2.74705830
54.908536 2.74729628
55.007292 2.74753464
55.106049 2.74777339
55.204805 2.74801253
55.303562 2.74825204
55.402318 2.74849195
55.501074 2.74873223
55.599831 2.74897290
55.698587 2.74921395
55.797343 2.74945538
55.896100 2.74969720
55.994856 2.74993941
56.093612 2.75018199
56.192369 2.75042496
56.291125 2.75066831
56.389882 2.75091205
56.488638 2.75115617
56.587394 2.75140067
56.686151 2.75164556
56.784907 2.75189083
56.883663 2.75213649
56.982420 2.75238252
57.081176 2.75262894
57.179932 2.75287575
57.278689 2.75312294
57.377445 2.75337051
57.476201 2.75361846
57.574958 2.75386680
57.673714 2.75411552
57.772471 2.75436462
57.871227 2.75461411
57.969983 2.75486398
58.068740 2.75511423
58.167496 2.75536487
58.266252 2.75561589
58.365009 2.75586729
58.463765 2.75611908
58.562521 2.75637125
58.661278 2.75662380
58.760034 2.75687674
58.858791 2.75713006
58.957547 2.75738376
59.056303 2.75763784
59.155060 2.75789231
59.253816 2.75814716
59.352572 2.75840239
59.451329 2.75865801
59.550085 2.75891401
59.648841 2.75917039
59.747598 2.75942716
59.846354 2.75968431
59.945110 2.75994184
60.043867 2.76019975
60.142623 2.76045805
60.241380 2.76071673
60.340136 2.76097579
60.438892 2.76123523
60.537649 2.76149506
60.636405 2.76175527
60.735161 2.76201587
60.833918 2.76227684
60.932674 2.76253820
61.031430 2.76279994
61.130187 2.76306206
61.228943 2.76332457
61.327700 2.76358746
61.426456 2.76385073
61.525212 2.76411438
61.623969 2.76437842
61.722725 2.76464284
61.821481 2.76490764
61.920238 2.76517282
62.018994 2.76543839
62.117750 2.76570434
62.216507 2.76597067
62.315263 2.76623738
62.414019 2.76650448
62.512776 2.76677196
62.611532 2.76703982
62.710289 2.76730806
62.809045 2.76757669
62.907801 2.76784569
63.006558 2.76811508
63.105314 2.76838485
63.204070 2.76865501
63.302827 2.76892554
63.401583 2.76919646
63.500339 2.76946776
63.599096 2.76973945
63.697852 2.77001151
63.796609 2.77028396
63.895365 2.77055679
63.994121 2.77083000
64.092878 2.77110359
64.191634 2.77137756
64.290390 2.77165192
64.389147 2.77192666
64.487903 2.77220178
64.586659 2.77247728
64.685416 2.77275317
64.784172 2.77302943
64.882928 2.77330608
64.981685 2.77358311
65.080441 2.77386053
65.179198 2.77413832
65.277954 2.77441649
65.376710 2.77469505
65.475467 2.77497399
65.574223 2.77525331
65.672979 2.77553301
65.771736 2.77581310
65.870492 2.77609356
65.969248 2.77637441
66.068005 2.77665564
66.166761 2.77693725
66.265518 2.77721925
66.364274 2.77750162
66.463030 2.77778437
66.561787 2.77806751
66.660543 2.77835103
66.759299 2.77863493
66.858056 2.77891921
66.956812 2.77920388
67.055568 2.77948892
67.154325 2.77977435
67.253081 2.78006015
67.351837 2.78034634
67.450594 2.78063291
67.549350 2.78091987
67.648107 2.78120720
67.746863 2.78149491
67.845619 2.78178301
67.944376 2.78207149
68.043132 2.78236034
68.141888 2.78264958
68.240645 2.78293920
68.339401 2.78322921
68.438157 2.78351959
68.536914 2.78381035
68.635670 2.78410150
68.734427 2.78439302
68.833183 2.78468493
68.931939 2.78497722
69.030696 2.78526989
69.129452 2.78556294
69.228208 2.78585637
69.326965 2.78615019
69.425721 2.78644438
69.524477 2.78673896
69.623234 2.78703391
69.721990 2.78732925
69.820746 2.78762497
69.919503 2.78792107
70.018259 2.78821755
70.117016 2.78851441
70.215772 2.78881165
70.314528 2.78910927
70.413285 2.78940727
70.512041 2.78970566
70.610797 2.79000442
70.709554 2.79030357
70.808310 2.79060310
70.907066 2.79090300
71.005823 2.79120329
71.104579 2.79150396
71.203336 2.79180501
71.302092 2.79210644
71.400848 2.79240825
71.499605 2.79271044
71.598361 2.79301301
71.697117 2.79331593
71.795874 2.79361889
71.894630 2.79392184
71.993386 2.79422479
72.092143 2.79452775
72.190899 2.79483070
72.289655 2.79513365
72.388412 2.79543663
72.487168 2.79573979
72.585925 2.79604256
