0.098756 1.65116978
0.197513 1.65116991
0.296269 1.65116984
0.395025 1.65116985
0.493782 1.65116988
0.592538 1.65116991
0.691295 1.65116993
0.790051 1.65116996
0.888807 1.65116999
0.987564 1.65117002
1.086320 1.65117005
1.185076 1.65117008
1.283833 1.65117011
1.382589 1.65117014
1.481345 1.65117018
1.580102 1.65117021
1.678858 1.65117025
1.777614 1.65117028
1.876371 1.65117032
1.975127 1.65117036
2.073884 1.65117041
2.172640 1.65117045
2.271396 1.65117050
2.370153 1.65117055
2.468909 1.65117060
2.567665 1.65117065
2.666422 1.65117071
2.765178 1.65117076
2.863934 1.65117082
2.962691 1.65117088
3.061447 1.65117095
3.160204 1.65117102
3.258960 1.65117109
3.357716 1.65117117
3.456473 1.65117125
3.555229 1.65117133
3.653985 1.65117141
3.752742 1.65117150
3.851498 1.65117160
3.950254 1.65117169
4.049011 1.65117180
4.147767 1.65117190
4.246523 1.65117202
4.345280 1.65117213
4.444036 1.65117225
4.542793 1.65117238
4.641549 1.65117251
4.740305 1.65117265
4.839062 1.65117280
4.937818 1.65117294
5.036574 1.65117310
5.135331 1.65117326
5.234087 1.65117343
5.332843 1.65117361
5.431600 1.65117380
5.530356 1.65117398
5.629113 1.65117419
5.727869 1.65117439
5.826625 1.65117461
5.925382 1.65117483
6.024138 1.65117507
6.122894 1.65117531
6.221651 1.65117557
6.320407 1.65117583
6.419163 1.65117610
6.517920 1.65117638
6.616676 1.65117668
6.715432 1.65117699
6.814189 1.65117731
6.912945 1.65117763
7.011702 1.65117798
7.110458 1.65117833
7.209214 1.65117871
7.307971 1.65117908
7.406727 1.65117948
7.505483 1.65117989
7.604240 1.65118032
7.702996 1.65118076
7.801752 1.65118122
7.900509 1.65118169
7.999265 1.65118219
8.098022 1.65118270
8.196778 1.65118323
8.295534 1.65118377
8.394291 1.65118434
8.493047 1.65118492
8.591803 1.65118553
8.690560 1.65118615
8.789316 1.65118680
8.888072 1.65118747
8.986829 1.65118816
9.085585 1.65118887
9.184341 1.65118962
9.283098 1.65119037
9.381854 1.65119117
9.480611 1.65119198
9.579367 1.65119283
9.678123 1.65119369
9.776880 1.65119459
9.875636 1.65119551
9.974392 1.65119647
10.073149 1.65119745
10.171905 1.65119848
10.270661 1.65119952
10.369418 1.65120061
10.468174 1.65120171
10.566931 1.65120287
10.665687 1.65120404
10.764443 1.65120527
10.863200 1.65120652
10.961956 1.65120782
11.060712 1.65120914
11.159469 1.65121052
11.258225 1.65121192
11.356981 1.65121338
11.455738 1.65121486
11.554494 1.65121640
11.653250 1.65121796
11.752007 1.65121959
11.850763 1.65122124
11.949520 1.65122296
12.048276 1.65122470
12.147032 1.65122650
12.245789 1.65122833
12.344545 1.65123023
12.443301 1.65123215
12.542058 1.65123414
12.640814 1.65123616
12.739570 1.65123824
12.838327 1.65124034
12.937083 1.65124251
13.035840 1.65124471
13.134596 1.65124696
13.233352 1.65124924
13.332109 1.65125158
13.430865 1.65125393
13.529621 1.65125634
13.628378 1.65125875
13.727134 1.65126122
13.825890 1.65126368
13.924647 1.65126618
14.023403 1.65126867
14.122159 1.65127119
14.220916 1.65127367
14.319672 1.65127617
14.418429 1.65127861
14.517185 1.65128104
14.615941 1.65128338
14.714698 1.65128568
14.813454 1.65128786
14.912210 1.65128995
15.010967 1.65129187
15.109723 1.65129364
15.208479 1.65129518
15.307236 1.65129651
15.405992 1.65129751
15.504749 1.65129821
15.603505 1.65129848
15.702261 1.65129832
15.801018 1.65129760
15.899774 1.65129629
15.998530 1.65129424
16.097287 1.65129140
16.196043 1.65128759
16.294799 1.65128274
16.393556 1.65127662
16.492312 1.65126913
16.591068 1.65126000
16.689825 1.65124907
16.788581 1.65123603
16.887338 1.65122066
16.986094 1.65120256
17.084850 1.65118144
17.183607 1.65115682
17.282363 1.65112833
17.381119 1.65109534
17.479876 1.65105738
17.578632 1.65101369
17.677388 1.65096362
17.776145 1.65090626
17.874901 1.65084075
17.973658 1.65076598
18.072414 1.65068084
18.171170 1.65058395
18.269927 1.65047391
18.368683 1.65034899
18.467439 1.65020743
18.566196 1.65004708
18.664952 1.64986572
18.763708 1.64966068
18.862465 1.64942918
18.961221 1.64916792
19.059977 1.64887342
19.158734 1.64854159
19.257490 1.64816809
19.356247 1.64774790
19.455003 1.64727561
19.553759 1.64674503
19.652516 1.64614945
19.751272 1.64548129
19.850028 1.64473224
19.948785 1.64389300
20.047541 1.64295335
20.146297 1.64190187
20.245054 1.64072602
20.343810 1.63941184
20.442567 1.63794395
20.541323 1.63630531
20.640079 1.63447713
20.738836 1.63243864
20.837592 1.63016694
20.936348 1.62763677
21.035105 1.62482025
21.133861 1.62168674
21.232617 1.61820240
21.331374 1.61433010
21.430130 1.61002882
21.528886 1.60525363
21.627643 1.59995490
21.726399 1.59407824
21.825156 1.58756353
21.923912 1.58034480
22.022668 1.57234899
22.121425 1.56349561
22.220181 1.55369507
22.318937 1.54284802
22.417694 1.53084286
22.516450 1.51755441
22.615206 1.50284010
22.713963 1.48653725
22.812719 1.46845695
22.911476 1.44837853
23.010232 1.42603941
23.108988 1.40112403
23.207745 1.37324622
23.306501 1.34192741
23.405257 1.30656479
23.504014 1.26638876
23.602770 1.22040368
23.701526 1.16730499
23.800283 1.10536674
23.899039 1.03228064
23.997795 0.94494001
24.096552 0.83913020
24.195308 0.70911221
24.294065 0.54705153
24.392821 0.34219566
24.491577 0.07993434
24.590334 -0.25971946
24.689090 -0.70206739
24.787846 -1.26514602
24.886603 -1.89079504
24.985359 -2.33762464
25.084115 -2.37778210
25.182872 -2.17223508
25.281628 -2.03725470
25.380385 -2.12395000
25.479141 -2.48518225
25.577897 -3.17461814
25.676654 -4.26414153
25.775410 -5.80561718
25.874166 -7.71706327
25.972923 -9.59861065
26.071679 -10.74726618
26.170435 -10.70530037
26.269192 -9.81496891
26.367948 -8.92437769
26.466704 -8.68933846
26.565461 -9.27893000
26.664217 -10.35470487
26.762974 -11.13323946
26.861730 -10.84096578
26.960486 -9.40149496
27.059243 -7.44119450
27.157999 -5.61623518
27.256755 -4.22448920
27.355512 -3.30491635
27.454268 -2.81264828
27.553024 -2.70509924
27.651781 -2.97216392
27.750537 -3.64058200
27.849294 -4.76159275
27.948050 -6.36260750
28.046806 -8.32045220
28.145563 -10.17953472
28.244319 -11.21773704
28.343075 -11.04320051
28.441832 -10.08535593
28.540588 -9.20615427
28.639344 -9.01722465
28.738101 -9.63622020
28.836857 -10.67278625
28.935613 -11.31565586
29.034370 -10.84273743
29.133126 -9.27552557
29.231883 -7.27885498
29.330639 -5.47607491
29.429395 -4.12535718
29.528152 -3.24790729
29.626908 -2.79556465
29.725664 -2.72768385
29.824421 -3.03760606
29.923177 -3.75506888
30.021933 -4.93139083
30.120690 -6.58497236
30.219446 -8.56312104
30.318203 -10.36694649
30.416959 -11.27355228
30.515715 -10.97104699
30.614472 -9.97194985
30.713228 -9.14019640
30.811984 -9.03685729
30.910741 -9.72437816
31.009497 -10.75742963
31.108253 -11.30007115
31.207010 -10.68808894
31.305766 -9.03755172
31.404522 -7.04174006
31.503279 -5.28754980
31.602035 -3.99596262
31.700792 -3.17314786
31.799548 -2.76913772
31.898304 -2.74617191
31.997061 -3.10176608
32.095817 -3.86916107
32.194573 -5.09983028
32.293330 -6.80222922
32.392086 -8.79243643
32.490842 -10.53038736
32.589599 -11.30232948
32.688355 -10.88303308
32.787112 -9.86087007
32.885868 -9.09184300
32.984624 -9.08349034
33.083381 -9.84218105
33.182137 -10.86764914
33.280893 -11.30604283
33.379650 -10.55961689
33.478406 -8.83621951
33.577162 -6.84858103
33.675919 -5.14481650
33.774675 -3.91160238
33.873431 -3.14249404
33.972188 -2.78668212
34.070944 -2.80953567
34.169701 -3.21259807
34.268457 -4.03207931
34.367213 -5.31845663
34.465970 -7.06782360
34.564726 -9.06183862
34.663482 -10.72042389
34.762239 -11.34749110
34.860995 -10.80892755
34.959751 -9.76152774
35.058508 -9.04577525
35.157264 -9.11466711
35.256021 -9.91855987
35.354777 -10.90344338
35.453533 -11.20553347
35.552290 -10.30153219
35.651046 -8.48679041
35.749802 -6.48466031
35.848559 -4.80290683
35.947315 -3.59663879
36.046071 -2.84849289
36.144828 -2.50687597
36.243584 -2.53943767
36.342340 -2.95040406
36.441097 -3.77728538
36.539853 -5.06752501
36.638610 -6.80203319
36.737366 -8.72533629
36.836122 -10.22009344
36.934879 -10.61784471
37.033635 -9.88005344
37.132391 -8.72479292
37.231148 -7.97098546
37.329904 -8.01711922
37.428660 -8.75790799
37.527417 -9.58766954
37.626173 -9.64046725
37.724929 -8.47052540
37.823686 -6.44856999
37.922442 -4.29427707
38.021199 -2.47384751
38.119955 -1.12105005
38.218711 -0.22098604
38.317468 0.27177170
38.416224 0.40042235
38.514980 0.21895491
38.613737 -0.12068968
38.712493 -0.28613046
38.811249 -0.04462508
38.910006 0.42852205
39.008762 0.87856965
39.107519 1.22749882
39.206275 1.48696105
39.305031 1.67913072
39.403788 1.82110540
39.502544 1.92530279
39.601300 2.00038957
39.700057 2.05241406
39.798813 2.08530126
39.897569 2.10159741
39.996326 2.10405646
40.095082 2.10290109
40.193838 2.10130448
40.292595 2.09962687
40.391351 2.09792621
40.490108 2.09621631
40.588864 2.09450145
40.687620 2.09278322
40.786377 2.09106242
40.885133 2.08933955
40.983889 2.08761498
41.082646 2.08588902
41.181402 2.08416184
41.280158 2.08243359
41.378915 2.08070434
41.477671 2.07897411
41.576428 2.07724298
41.675184 2.07551123
41.773940 2.07377975
41.872697 2.07205136
41.971453 2.07033531
42.070209 2.06866850
42.168966 2.06722387
42.267722 2.06667253
42.366478 2.06697709
42.465235 2.06769914
42.563991 2.06813275
42.662747 2.06720191
42.761504 2.06329406
42.860260 2.05399981
42.959017 2.03574222
43.057773 2.00330869
43.156529 1.94897817
43.255286 1.86214833
43.354042 1.73143722
43.452798 1.55337591
43.551555 1.35355384
43.650311 1.19932866
43.749067 1.16292382
43.847824 1.25392405
43.946580 1.40871128
44.045337 1.55120708
44.144093 1.64037824
44.242849 1.66755189
44.341606 1.63648773
44.440362 1.55175032
44.539118 1.41712818
44.637875 1.24029202
44.736631 1.04553513
44.835387 0.88574118
44.934144 0.81869442
45.032900 0.84871713
45.131656 0.90997369
45.230413 0.91746130
45.329169 0.81366858
45.427926 0.58442192
45.526682 0.28436161
45.625438 0.05304976
45.724195 0.04005295
45.822951 0.27064886
45.921707 0.62486430
46.020464 0.95863101
46.119220 1.19776231
46.217976 1.33175608
46.316733 1.37340021
46.415489 1.33473686
46.514246 1.22151167
46.613002 1.03363985
46.711758 0.76865256
46.810515 0.43440175
46.909271 0.07758250
47.008027 -0.19696681
47.106784 -0.28249982
47.205540 -0.17168267
47.304296 0.05642749
47.403053 0.32846035
47.501809 0.58100056
47.600565 0.77973982
47.699322 0.96068556
47.798078 1.15786434
47.896835 1.34547540
47.995591 1.49539576
48.094347 1.60673688
48.193104 1.68824454
48.291860 1.74795373
48.390616 1.79175648
48.489373 1.82367453
48.588129 1.84643886
48.686885 1.86180733
48.785642 1.87095214
48.884398 1.87441979
48.983155 1.87394396
49.081911 1.87248289
49.180667 1.87083879
49.279424 1.86914386
49.378180 1.86742948
49.476936 1.86570631
49.575693 1.86397884
49.674449 1.86224914
49.773205 1.86051825
49.871962 1.85878673
49.970718 1.85705486
50.069474 1.85532280
50.168231 1.85359065
50.266987 1.85185845
50.365744 1.85012623
50.464500 1.84839401
50.563256 1.84666178
50.662013 1.84492957
50.760769 1.84319821
50.859525 1.84147583
50.958282 1.83976326
51.057038 1.83806050
51.155794 1.83636756
51.254551 1.83468443
51.353307 1.83301111
51.452064 1.83134760
51.550820 1.82969389
51.649576 1.82805000
51.748333 1.82641591
51.847089 1.82479163
51.945845 1.82317715
52.044602 1.82157248
52.143358 1.81997762
52.242114 1.81839256
52.340871 1.81681731
52.439627 1.81525186
52.538383 1.81369622
52.637140 1.81215038
52.735896 1.81061435
52.834653 1.80908812
52.933409 1.80757170
53.032165 1.80606508
53.130922 1.80456827
53.229678 1.80308126
53.328434 1.80160406
53.427191 1.80013666
53.525947 1.79867906
53.624703 1.79723128
53.723460 1.79579329
53.822216 1.79436511
53.920973 1.79294674
54.019729 1.79153817
54.118485 1.79013941
54.217242 1.78875045
54.315998 1.78737129
54.414754 1.78600194
54.513511 1.78464240
54.612267 1.78329266
54.711023 1.78195272
54.809780 1.78062259
54.908536 1.77930227
55.007292 1.77799174
55.106049 1.77669103
55.204805 1.77540012
55.303562 1.77411901
55.402318 1.77284771
55.501074 1.77158621
55.599831 1.77033452
55.698587 1.76909263
55.797343 1.76786055
55.896100 1.76663827
55.994856 1.76542580
56.093612 1.76422313
56.192369 1.76303027
56.291125 1.76184721
56.389882 1.76067396
56.488638 1.75951051
56.587394 1.75835687
56.686151 1.75721303
56.784907 1.75607899
56.883663 1.75495477
56.982420 1.75384034
57.081176 1.75273572
57.179932 1.75164091
57.278689 1.75055590
57.377445 1.74948070
57.476201 1.74841530
57.574958 1.74735970
57.673714 1.74631391
57.772471 1.74527793
57.871227 1.74425175
57.969983 1.74323537
58.068740 1.74222880
58.167496 1.74123204
58.266252 1.74024508
58.365009 1.73926792
58.463765 1.73830057
58.562521 1.73734303
58.661278 1.73639528
58.760034 1.73545735
58.858791 1.73452922
58.957547 1.73361089
59.056303 1.73270237
59.155060 1.73180365
59.253816 1.73091474
59.352572 1.73003564
59.451329 1.72916633
59.550085 1.72830684
59.648841 1.72745714
59.747598 1.72661726
59.846354 1.72578718
59.945110 1.72496690
60.043867 1.72415642
60.142623 1.72335576
60.241380 1.72256489
60.340136 1.72178384
60.438892 1.72101258
60.537649 1.72025113
60.636405 1.71949949
60.735161 1.71875765
60.833918 1.71802562
60.932674 1.71730339
61.031430 1.71659096
61.130187 1.71588834
61.228943 1.71519553
61.327700 1.71451252
61.426456 1.71383931
61.525212 1.71317591
61.623969 1.71252232
61.722725 1.71187853
61.821481 1.71124454
61.920238 1.71062036
62.018994 1.71000598
62.117750 1.70940141
62.216507 1.70880664
62.315263 1.70822168
62.414019 1.70764652
62.512776 1.70708117
62.611532 1.70652562
62.710289 1.70597988
62.809045 1.70544394
62.907801 1.70491780
63.006558 1.70440147
63.105314 1.70389495
63.204070 1.70339823
63.302827 1.70291131
63.401583 1.70243420
63.500339 1.70196690
63.599096 1.70150939
63.697852 1.70106170
63.796609 1.70062381
63.895365 1.70019572
63.994121 1.69977743
64.092878 1.69936896
64.191634 1.69897028
64.290390 1.69858141
64.389147 1.69820235
64.487903 1.69783309
64.586659 1.69747363
64.685416 1.69712398
64.784172 1.69678413
64.882928 1.69645409
64.981685 1.69613386
65.080441 1.69582342
65.179198 1.69552279
65.277954 1.69523197
65.376710 1.69495095
65.475467 1.69467974
65.574223 1.69441833
65.672979 1.69416672
65.771736 1.69392492
65.870492 1.69369292
65.969248 1.69347073
66.068005 1.69325834
66.166761 1.69305576
66.265518 1.69286298
66.364274 1.69268000
66.463030 1.69250683
66.561787 1.69234347
66.660543 1.69218990
66.759299 1.69204615
66.858056 1.69191219
66.956812 1.69178804
67.055568 1.69167370
67.154325 1.69156916
67.253081 1.69147442
67.351837 1.69138949
67.450594 1.69131437
67.549350 1.69124904
67.648107 1.69119353
67.746863 1.69114781
67.845619 1.69111190
67.944376 1.69108580
68.043132 1.69106949
68.141888 1.69106300
68.240645 1.69106630
68.339401 1.69107941
68.438157 1.69110233
68.536914 1.69113505
68.635670 1.69117757
68.734427 1.69122990
68.833183 1.69129203
68.931939 1.69136397
69.030696 1.69144571
69.129452 1.69153726
69.228208 1.69163860
69.326965 1.69174976
69.425721 1.69187071
69.524477 1.69200147
69.623234 1.69214204
69.721990 1.69229241
69.820746 1.69245258
69.919503 1.69262256
70.018259 1.69280234
70.117016 1.69299193
70.215772 1.69319132
70.314528 1.69340051
70.413285 1.69361951
70.512041 1.69384831
70.610797 1.69408691
70.709554 1.69433532
70.808310 1.69459354
70.907066 1.69486155
71.005823 1.69513937
71.104579 1.69542700
71.203336 1.69572443
71.302092 1.69603166
71.400848 1.69634870
71.499605 1.69667555
71.598361 1.69701219
71.697117 1.69735780
71.795874 1.69770425
71.894630 1.69805071
71.993386 1.69839716
72.092143 1.69874361
72.190899 1.69909006
72.289655 1.69943651
72.388412 1.69978299
72.487168 1.70012971
72.585925 1.70047591
