0.098756 1.64849683
0.197513 1.64849903
0.296269 1.64849667
0.395025 1.64849644
0.493782 1.64849646
0.592538 1.64849650
0.691295 1.64849653
0.790051 1.64849657
0.888807 1.64849660
0.987564 1.64849664
1.086320 1.64849667
1.185076 1.64849671
1.283833 1.64849675
1.382589 1.64849680
1.481345 1.64849684
1.580102 1.64849689
1.678858 1.64849693
1.777614 1.64849698
1.876371 1.64849703
1.975127 1.64849709
2.073884 1.64849714
2.172640 1.64849721
2.271396 1.64849727
2.370153 1.64849733
2.468909 1.64849740
2.567665 1.64849747
2.666422 1.64849754
2.765178 1.64849762
2.863934 1.64849770
2.962691 1.64849779
3.061447 1.64849787
3.160204 1.64849796
3.258960 1.64849806
3.357716 1.64849816
3.456473 1.64849826
3.555229 1.64849836
3.653985 1.64849847
3.752742 1.64849859
3.851498 1.64849871
3.950254 1.64849883
4.049011 1.64849895
4.147767 1.64849909
4.246523 1.64849922
4.345280 1.64849936
4.444036 1.64849951
4.542793 1.64849966
4.641549 1.64849981
4.740305 1.64849997
4.839062 1.64850013
4.937818 1.64850030
5.036574 1.64850047
5.135331 1.64850065
5.234087 1.64850083
5.332843 1.64850102
5.431600 1.64850120
5.530356 1.64850140
5.629113 1.64850160
5.727869 1.64850181
5.826625 1.64850202
5.925382 1.64850224
6.024138 1.64850245
6.122894 1.64850268
6.221651 1.64850291
6.320407 1.64850315
6.419163 1.64850338
6.517920 1.64850363
6.616676 1.64850387
6.715432 1.64850413
6.814189 1.64850438
6.912945 1.64850465
7.011702 1.64850491
7.110458 1.64850518
7.209214 1.64850546
7.307971 1.64850574
7.406727 1.64850602
7.505483 1.64850631
7.604240 1.64850659
7.702996 1.64850689
7.801752 1.64850719
7.900509 1.64850749
7.999265 1.64850779
8.098022 1.64850811
8.196778 1.64850842
8.295534 1.64850873
8.394291 1.64850905
8.493047 1.64850937
8.591803 1.64850969
8.690560 1.64851002
8.789316 1.64851034
8.888072 1.64851068
8.986829 1.64851101
9.085585 1.64851134
9.184341 1.64851167
9.283098 1.64851202
9.381854 1.64851235
9.480611 1.64851269
9.579367 1.64851303
9.678123 1.64851337
9.776880 1.64851370
9.875636 1.64851405
9.974392 1.64851438
10.073149 1.64851472
10.171905 1.64851506
10.270661 1.64851540
10.369418 1.64851573
10.468174 1.64851606
10.566931 1.64851639
10.665687 1.64851672
10.764443 1.64851704
10.863200 1.64851737
10.961956 1.64851768
11.060712 1.64851800
11.159469 1.64851830
11.258225 1.64851861
11.356981 1.64851890
11.455738 1.64851919
11.554494 1.64851947
11.653250 1.64851975
11.752007 1.64852001
11.850763 1.64852027
11.949520 1.64852052
12.048276 1.64852076
12.147032 1.64852097
12.245789 1.64852119
12.344545 1.64852138
12.443301 1.64852156
12.542058 1.64852172
12.640814 1.64852187
12.739570 1.64852198
12.838327 1.64852209
12.937083 1.64852215
13.035840 1.64852220
13.134596 1.64852221
13.233352 1.64852219
13.332109 1.64852213
13.430865 1.64852203
13.529621 1.64852188
13.628378 1.64852169
13.727134 1.64852143
13.825890 1.64852111
13.924647 1.64852071
14.023403 1.64852025
14.122159 1.64851968
14.220916 1.64851903
14.319672 1.64851825
14.418429 1.64851736
14.517185 1.64851632
14.615941 1.64851512
14.714698 1.64851375
14.813454 1.64851218
14.912210 1.64851038
15.010967 1.64850833
15.109723 1.64850600
15.208479 1.64850335
15.307236 1.64850033
15.405992 1.64849690
15.504749 1.64849301
15.603505 1.64848861
15.702261 1.64848361
15.801018 1.64847796
15.899774 1.64847155
15.998530 1.64846429
16.097287 1.64845608
16.196043 1.64844679
16.294799 1.64843628
16.393556 1.64842439
16.492312 1.64841094
16.591068 1.64839573
16.689825 1.64837854
16.788581 1.64835910
16.887338 1.64833714
16.986094 1.64831231
17.084850 1.64828426
17.183607 1.64825258
17.282363 1.64821679
17.381119 1.64817638
17.479876 1.64813075
17.578632 1.64807925
17.677388 1.64802113
17.776145 1.64795556
17.874901 1.64788159
17.973658 1.64779819
18.072414 1.64770417
18.171170 1.64759822
18.269927 1.64747886
18.368683 1.64734442
18.467439 1.64719307
18.566196 1.64702274
18.664952 1.64683112
18.763708 1.64661562
18.862465 1.64637338
18.961221 1.64610117
19.059977 1.64579543
19.158734 1.64545217
19.257490 1.64506696
19.356247 1.64463486
19.455003 1.64415040
19.553759 1.64360747
19.652516 1.64299930
19.751272 1.64231840
19.850028 1.64155642
19.948785 1.64070413
20.047541 1.63975130
20.146297 1.63868660
20.245054 1.63749748
20.343810 1.63617007
20.442567 1.63468904
20.541323 1.63303743
20.640079 1.63119654
20.738836 1.62914569
20.837592 1.62686210
20.936348 1.62432064
21.035105 1.62149361
21.133861 1.61835050
21.232617 1.61485774
21.331374 1.61097833
21.430130 1.60667163
21.528886 1.60189289
21.627643 1.59659292
21.726399 1.59071757
21.825156 1.58420729
21.923912 1.57699639
22.022668 1.56901250
22.121425 1.56017547
22.220181 1.55039655
22.318937 1.53957677
22.417694 1.52760552
22.516450 1.51435804
22.615206 1.49969293
22.713963 1.48344793
22.812719 1.46543546
22.911476 1.44543528
23.010232 1.42318629
23.108988 1.39837341
23.207745 1.37061204
23.306501 1.33942413
23.405257 1.30420859
23.504014 1.26419642
23.602770 1.21839387
23.701526 1.16549713
23.800283 1.10378248
23.899039 1.03094273
23.997795 0.94387404
24.096552 0.83836367
24.195308 0.70867655
24.294065 0.54698161
24.392821 0.34253216
24.491577 0.08072388
24.590334 -0.25842166
24.689090 -0.70019688
24.787846 -1.26262711
24.886603 -1.88754033
24.985359 -2.33353664
25.084115 -2.37486074
25.182872 -2.17034182
25.281628 -2.03622712
25.380385 -2.12358712
25.479141 -2.48526728
25.577897 -3.17495159
25.676654 -4.26456620
25.775410 -5.80602491
25.874166 -7.71738951
25.972923 -9.59880834
26.071679 -10.74728680
26.170435 -10.70509873
26.269192 -9.81452865
26.367948 -8.92372939
26.466704 -8.68856284
26.565461 -9.27815566
26.664217 -10.35410403
26.762974 -11.13301768
26.861730 -10.84133549
26.960486 -9.40263264
27.059243 -7.44320638
27.157999 -5.61916096
27.256755 -4.22832016
27.355512 -3.30959840
27.454268 -2.81807293
27.553024 -2.71109914
27.651781 -2.97851885
27.750537 -3.64704236
27.849294 -4.76791399
27.948050 -6.36858298
28.046806 -8.32593062
28.145563 -10.18442360
28.244319 -11.22200530
28.343075 -11.04688946
28.441832 -10.08858857
28.540588 -9.20913094
28.639344 -9.02020521
28.738101 -9.63950504
28.836857 -10.67669400
28.935613 -11.32049637
29.034370 -10.84877558
29.133126 -9.28294865
29.231883 -7.28775780
29.330639 -5.48646869
29.429395 -4.13718302
29.528152 -3.26103737
29.626908 -2.80979420
29.725664 -2.74273046
29.824421 -3.05312237
29.923177 -3.77067276
30.021933 -4.94670562
30.120690 -6.59966566
30.219446 -8.57692842
30.318203 -10.37968203
30.416959 -11.28511531
30.515715 -10.98141887
30.614472 -9.98117508
30.713228 -9.14833778
30.811984 -9.04393324
30.910741 -9.73030847
31.009497 -10.76198527
31.108253 -11.30285351
31.207010 -10.68858547
31.305766 -9.03527515
31.404522 -7.03636734
31.503279 -5.27894572
31.602035 -3.98411166
31.700792 -3.15806424
31.799548 -2.75075260
31.898304 -2.72421562
31.997061 -3.07568077
32.095817 -3.83804883
32.194573 -5.06245314
32.293330 -6.75705686
32.392086 -8.73769219
32.490842 -10.46407003
32.589599 -11.22221817
32.688355 -10.78673858
32.787112 -9.74593388
32.885868 -8.95569704
32.984624 -8.92326041
33.083381 -9.65448211
33.182137 -10.64841936
33.280893 -11.05048347
33.379650 -10.26239814
33.478406 -8.49211747
33.577162 -6.45365899
33.675919 -4.69819632
33.774675 -3.41768077
33.873431 -2.61276017
33.972188 -2.23977167
34.070944 -2.26871181
34.169701 -2.70123183
34.268457 -3.56879684
34.367213 -4.91477369
34.465970 -6.72854180
34.564726 -8.78694740
34.663482 -10.50727359
34.762239 -11.19250857
34.860995 -10.70881645
34.959751 -9.71401468
35.058508 -9.04986764
35.157264 -9.17064768
35.256021 -10.02789741
35.354777 -11.06855916
35.453533 -11.42931414
35.552290 -10.58637192
35.651046 -8.83293256
35.749802 -6.88792010
35.848559 -5.25253383
35.947315 -4.07466262
36.046071 -3.33166590
36.144828 -2.97092667
36.243584 -2.96378387
36.342340 -3.32117977
36.441097 -4.08777801
36.539853 -5.31668761
36.638610 -6.99246103
36.737366 -8.86169295
36.836122 -10.30815147
36.934879 -10.66383596
37.033635 -9.88994699
37.132391 -8.70357697
37.231148 -7.92216303
37.329904 -7.94234795
37.428660 -8.65682413
37.527417 -9.45779379
37.626173 -9.47750970
37.724929 -8.26965872
37.823686 -6.20621214
37.922442 -4.00924023
38.021199 -2.14728035
38.119955 -0.75545415
38.218711 0.18046010
38.317468 0.70573383
38.416224 0.86398576
38.514980 0.70982071
38.613737 0.39578262
38.712493 0.25488680
38.811249 0.52031426
38.910006 1.01701258
39.008762 1.49018324
39.107519 1.86162579
39.206275 2.14255709
39.305031 2.35446866
39.403788 2.51398435
39.502544 2.63335091
39.601300 2.72120862
39.700057 2.78356103
39.798813 2.82423622
39.897569 2.84569266
39.996326 2.85082577
40.095082 2.85153645
40.193838 2.85164453
40.292595 2.85160955
40.391351 2.85151968
40.490108 2.85140283
40.588864 2.85127081
40.687620 2.85112946
40.786377 2.85098201
40.885133 2.85083040
40.983889 2.85067590
41.082646 2.85051933
41.181402 2.85036127
41.280158 2.85020211
41.378915 2.85004218
41.477671 2.84988177
41.576428 2.84972131
41.675184 2.84956152
41.773940 2.84940398
41.872697 2.84925245
41.971453 2.84911768
42.070209 2.84903922
42.168966 2.84919744
42.267722 2.85028905
42.366478 2.85228075
42.465235 2.85472963
42.563991 2.85692432
42.662747 2.85778290
42.761504 2.85568650
42.860260 2.84821880
42.959017 2.83179622
43.057773 2.80119929
43.156529 2.74870151
43.255286 2.66369622
43.354042 2.53479960
43.452798 2.35854278
43.551555 2.16051432
43.650311 2.00806768
43.749067 1.97342131
43.847824 2.06615932
43.946580 2.22267059
44.045337 2.36688912
44.144093 2.45779573
44.242849 2.48673143
44.341606 2.45746854
44.440362 2.37457993
44.539118 2.24185652
44.637875 2.06696571
44.736631 1.87419137
44.835387 1.71640219
44.934144 1.65136436
45.032900 1.68338163
45.131656 1.74660308
45.230413 1.75601747
45.329169 1.65411401
45.427926 1.42672965
45.526682 1.12852230
45.625438 0.89907692
45.724195 0.88797768
45.822951 1.12049976
45.921707 1.47665419
46.020464 1.81235980
46.119220 2.05342697
46.217976 2.18936072
46.316733 2.23295931
46.415489 2.19627243
46.514246 2.08505002
46.613002 1.89920833
46.711758 1.63627487
46.810515 1.30409236
46.909271 0.94934126
47.008027 0.67684078
47.106784 0.59332233
47.205540 0.70611938
47.304296 0.93618717
47.403053 1.21017438
47.501809 1.46468603
47.600565 1.66543163
47.699322 1.84843217
47.798078 2.04772138
47.896835 2.23749758
47.995591 2.38962976
48.094347 2.50321648
48.193104 2.58698683
48.291860 2.64895699
48.390616 2.69499872
48.489373 2.72911135
48.588129 2.75400104
48.686885 2.77139777
48.785642 2.78245131
48.884398 2.78768603
48.983155 2.78886151
49.081911 2.78900996
49.180667 2.78895976
49.279424 2.78884999
49.378180 2.78871515
49.476936 2.78856779
49.575693 2.78841357
49.674449 2.78825539
49.773205 2.78809481
49.871962 2.78793275
49.970718 2.78776974
50.069474 2.78760612
50.168231 2.78744210
50.266987 2.78727780
50.365744 2.78711333
50.464500 2.78694874
50.563256 2.78678406
50.662013 2.78661932
50.760769 2.78645474
50.859525 2.78629216
50.958282 2.78613178
51.057038 2.78597361
51.155794 2.78581765
51.254551 2.78566391
51.353307 2.78551239
51.452064 2.78536309
51.550820 2.78521600
51.649576 2.78507113
51.748333 2.78492849
51.847089 2.78478806
51.945845 2.78464986
52.044602 2.78451387
52.143358 2.78438011
52.242114 2.78424857
52.340871 2.78411925
52.439627 2.78399215
52.538383 2.78386728
52.637140 2.78374462
52.735896 2.78362419
52.834653 2.78350597
52.933409 2.78338998
53.032165 2.78327621
53.130922 2.78316466
53.229678 2.78305533
53.328434 2.78294823
53.427191 2.78284334
53.525947 2.78274068
53.624703 2.78264024
53.723460 2.78254202
53.822216 2.78244602
53.920973 2.78235224
54.019729 2.78226069
54.118485 2.78217135
54.217242 2.78208424
54.315998 2.78199935
54.414754 2.78191668
54.513511 2.78183623
54.612267 2.78175800
54.711023 2.78168200
54.809780 2.78160822
54.908536 2.78153666
55.007292 2.78146732
55.106049 2.78140020
55.204805 2.78133530
55.303562 2.78127263
55.402318 2.78121218
55.501074 2.78115394
55.599831 2.78109794
55.698587 2.78104415
55.797343 2.78099258
55.896100 2.78094324
55.994856 2.78089612
56.093612 2.78085122
56.192369 2.78080854
56.291125 2.78076808
56.389882 2.78072985
56.488638 2.78069384
56.587394 2.78066005
56.686151 2.78062848
56.784907 2.78059913
56.883663 2.78057201
56.982420 2.78054710
57.081176 2.78052442
57.179932 2.78050397
57.278689 2.78048573
57.377445 2.78046972
57.476201 2.78045592
57.574958 2.78044435
57.673714 2.78043501
57.772471 2.78042788
57.871227 2.78042298
57.969983 2.78042030
58.068740 2.78041984
58.167496 2.78042160
58.266252 2.78042559
58.365009 2.78043179
58.463765 2.78044022
58.562521 2.78045088
58.661278 2.78046375
58.760034 2.78047885
58.858791 2.78049617
58.957547 2.78051571
59.056303 2.78053748
59.155060 2.78056146
59.253816 2.78058767
59.352572 2.78061610
59.451329 2.78064676
59.550085 2.78067963
59.648841 2.78071473
59.747598 2.78075206
59.846354 2.78079160
59.945110 2.78083337
60.043867 2.78087736
60.142623 2.78092357
60.241380 2.78097200
60.340136 2.78102266
60.438892 2.78107554
60.537649 2.78113065
60.636405 2.78118797
60.735161 2.78124752
60.833918 2.78130929
60.932674 2.78137328
61.031430 2.78143950
61.130187 2.78150794
61.228943 2.78157860
61.327700 2.78165149
61.426456 2.78172659
61.525212 2.78180393
61.623969 2.78188348
61.722725 2.78196526
61.821481 2.78204925
61.920238 2.78213548
62.018994 2.78222392
62.117750 2.78231459
62.216507 2.78240748
62.315263 2.78250259
62.414019 2.78259993
62.512776 2.78269949
62.611532 2.78280127
62.710289 2.78290528
62.809045 2.78301151
62.907801 2.78311996
63.006558 2.78323064
63.105314 2.78334354
63.204070 2.78345866
63.302827 2.78357600
63.401583 2.78369557
63.500339 2.78381736
63.599096 2.78394137
63.697852 2.78406761
63.796609 2.78419607
63.895365 2.78432675
63.994121 2.78445966
64.092878 2.78459479
64.191634 2.78473214
64.290390 2.78487172
64.389147 2.78501352
64.487903 2.78515754
64.586659 2.78530379
64.685416 2.78545226
64.784172 2.78560295
64.882928 2.78575587
64.981685 2.78591101
65.080441 2.78606837
65.179198 2.78622796
65.277954 2.78638977
65.376710 2.78655380
65.475467 2.78672006
65.574223 2.78688854
65.672979 2.78705924
65.771736 2.78723217
65.870492 2.78740732
65.969248 2.78758469
66.068005 2.78776429
66.166761 2.78794611
66.265518 2.78813015
66.364274 2.78831642
66.463030 2.78850491
66.561787 2.78869563
66.660543 2.78888856
66.759299 2.78908373
66.858056 2.78928111
66.956812 2.78948072
67.055568 2.78968255
67.154325 2.78988661
67.253081 2.79009289
67.351837 2.79030139
67.450594 2.79051212
67.549350 2.79072507
67.648107 2.79094024
67.746863 2.79115764
67.845619 2.79137726
67.944376 2.79159911
68.043132 2.79182317
68.141888 2.79204947
68.240645 2.79227798
68.339401 2.79250872
68.438157 2.79274169
68.536914 2.79297687
68.635670 2.79321428
68.734427 2.79345392
68.833183 2.79369578
68.931939 2.79393986
69.030696 2.79418616
69.129452 2.79443469
69.228208 2.79468545
69.326965 2.79493842
69.425721 2.79519362
69.524477 2.79545105
69.623234 2.79571070
69.721990 2.79597257
69.820746 2.79623666
69.919503 2.79650298
70.018259 2.79677153
70.117016 2.79704230
70.215772 2.79731529
70.314528 2.79759050
70.413285 2.79786794
70.512041 2.79814760
70.610797 2.79842949
70.709554 2.79871360
70.808310 2.79899994
70.907066 2.79928849
71.005823 2.79957928
71.104579 2.79987228
71.203336 2.80016751
71.302092 2.80046497
71.400848 2.80076465
71.499605 2.80106655
71.598361 2.80137068
71.697117 2.80167684
71.795874 2.80198319
71.894630 2.80228954
71.993386 2.80259589
72.092143 2.80290224
72.190899 2.80320859
72.289655 2.80351494
72.388412 2.80382131
72.487168 2.80412787
72.585925 2.80443403
