0.098756 1.66367545
0.197513 1.66367433
0.296269 1.66367541
0.395025 1.66367552
0.493782 1.66367549
0.592538 1.66367546
0.691295 1.66367543
0.790051 1.66367542
0.888807 1.66367541
0.987564 1.66367541
1.086320 1.66367541
1.185076 1.66367543
1.283833 1.66367546
1.382589 1.66367551
1.481345 1.66367556
1.580102 1.66367563
1.678858 1.66367572
1.777614 1.66367582
1.876371 1.66367594
1.975127 1.66367608
2.073884 1.66367623
2.172640 1.66367641
2.271396 1.66367661
2.370153 1.66367683
2.468909 1.66367707
2.567665 1.66367734
2.666422 1.66367763
2.765178 1.66367794
2.863934 1.66367829
2.962691 1.66367866
3.061447 1.66367906
3.160204 1.66367949
3.258960 1.66367995
3.357716 1.66368045
3.456473 1.66368097
3.555229 1.66368153
3.653985 1.66368212
3.752742 1.66368275
3.851498 1.66368342
3.950254 1.66368412
4.049011 1.66368486
4.147767 1.66368565
4.246523 1.66368647
4.345280 1.66368733
4.444036 1.66368824
4.542793 1.66368919
4.641549 1.66369018
4.740305 1.66369122
4.839062 1.66369231
4.937818 1.66369344
5.036574 1.66369463
5.135331 1.66369586
5.234087 1.66369714
5.332843 1.66369847
5.431600 1.66369986
5.530356 1.66370130
5.629113 1.66370280
5.727869 1.66370435
5.826625 1.66370596
5.925382 1.66370762
6.024138 1.66370935
6.122894 1.66371113
6.221651 1.66371298
6.320407 1.66371488
6.419163 1.66371685
6.517920 1.66371889
6.616676 1.66372099
6.715432 1.66372315
6.814189 1.66372538
6.912945 1.66372768
7.011702 1.66373006
7.110458 1.66373250
7.209214 1.66373501
7.307971 1.66373759
7.406727 1.66374025
7.505483 1.66374299
7.604240 1.66374580
7.702996 1.66374868
7.801752 1.66375165
7.900509 1.66375469
7.999265 1.66375782
8.098022 1.66376103
8.196778 1.66376432
8.295534 1.66376769
8.394291 1.66377115
8.493047 1.66377469
8.591803 1.66377833
8.690560 1.66378204
8.789316 1.66378586
8.888072 1.66378976
8.986829 1.66379375
9.085585 1.66379783
9.184341 1.66380202
9.283098 1.66380629
9.381854 1.66381067
9.480611 1.66381513
9.579367 1.66381971
9.678123 1.66382437
9.776880 1.66382915
9.875636 1.66383402
9.974392 1.66383900
10.073149 1.66384408
10.171905 1.66384927
10.270661 1.66385457
10.369418 1.66385998
10.468174 1.66386549
10.566931 1.66387112
10.665687 1.66387686
10.764443 1.66388271
10.863200 1.66388868
10.961956 1.66389476
11.060712 1.66390096
11.159469 1.66390728
11.258225 1.66391371
11.356981 1.66392028
11.455738 1.66392695
11.554494 1.66393376
11.653250 1.66394068
11.752007 1.66394773
11.850763 1.66395490
11.949520 1.66396221
12.048276 1.66396963
12.147032 1.66397719
12.245789 1.66398486
12.344545 1.66399268
12.443301 1.66400062
12.542058 1.66400869
12.640814 1.66401688
12.739570 1.66402522
12.838327 1.66403367
12.937083 1.66404226
13.035840 1.66405096
13.134596 1.66405981
13.233352 1.66406877
13.332109 1.66407786
13.430865 1.66408706
13.529621 1.66409639
13.628378 1.66410583
13.727134 1.66411539
13.825890 1.66412504
13.924647 1.66413480
14.023403 1.66414465
14.122159 1.66415460
14.220916 1.66416461
14.319672 1.66417470
14.418429 1.66418484
14.517185 1.66419503
14.615941 1.66420524
14.714698 1.66421547
14.813454 1.66422567
14.912210 1.66423585
15.010967 1.66424596
15.109723 1.66425600
15.208479 1.66426589
15.307236 1.66427564
15.405992 1.66428515
15.504749 1.66429443
15.603505 1.66430337
15.702261 1.66431194
15.801018 1.66432003
15.899774 1.66432760
15.998530 1.66433451
16.097287 1.66434069
16.196043 1.66434597
16.294799 1.66435026
16.393556 1.66435337
16.492312 1.66435514
16.591068 1.66435533
16.689825 1.66435377
16.788581 1.66435015
16.887338 1.66434421
16.986094 1.66433559
17.084850 1.66432396
17.183607 1.66430886
17.282363 1.66428986
17.381119 1.66426638
17.479876 1.66423787
17.578632 1.66420362
17.677388 1.66416291
17.776145 1.66411484
17.874901 1.66405851
17.973658 1.66399280
18.072414 1.66391656
18.171170 1.66382838
18.269927 1.66372680
18.368683 1.66361010
18.467439 1.66347640
18.566196 1.66332356
18.664952 1.66314925
18.763708 1.66295077
18.862465 1.66272522
18.961221 1.66246925
19.059977 1.66217924
19.158734 1.66185104
19.257490 1.66148012
19.356247 1.66106137
19.455003 1.66058917
19.553759 1.66005722
19.652516 1.65945854
19.751272 1.65878539
19.850028 1.65802915
19.948785 1.65718030
20.047541 1.65622826
20.146297 1.65516131
20.245054 1.65396648
20.343810 1.65262944
20.442567 1.65113428
20.541323 1.64946349
20.640079 1.64759766
20.738836 1.64551544
20.837592 1.64319316
20.936348 1.64060486
21.035105 1.63772177
21.133861 1.63451237
21.232617 1.63094178
21.331374 1.62697181
21.430130 1.62256026
21.528886 1.61766094
21.627643 1.61222284
21.726399 1.60619017
21.825156 1.59950123
21.923912 1.59208850
22.022668 1.58387717
22.121425 1.57478507
22.220181 1.56472075
22.318937 1.55358310
22.417694 1.54125862
22.516450 1.52762035
22.615206 1.51252388
22.713963 1.49580484
22.812719 1.47727265
22.911476 1.45670519
23.010232 1.43383855
23.108988 1.40835612
23.207745 1.37987097
23.306501 1.34790414
23.405257 1.31185286
23.504014 1.27094808
23.602770 1.22419538
23.701526 1.17029200
23.800283 1.10751475
23.899039 1.03355870
23.997795 0.94532176
24.096552 0.83859440
24.195308 0.70764411
24.294065 0.54464312
24.392821 0.33884686
24.491577 0.07565263
24.590334 -0.26491851
24.689090 -0.70816132
24.787846 -1.27210580
24.886603 -1.89858685
24.985359 -2.34621009
25.084115 -2.38596716
25.182872 -2.18001371
25.281628 -2.04462789
25.380385 -2.13093146
25.479141 -2.49178829
25.577897 -3.18085034
25.676654 -4.26997583
25.775410 -5.81100320
25.874166 -7.72193679
25.972923 -9.60291403
26.071679 -10.75096798
26.170435 -10.70840532
26.269192 -9.81752810
26.367948 -8.92648818
26.466704 -8.69113406
26.565461 -9.28056845
26.664217 -10.35635670
26.762974 -11.13507439
26.861730 -10.84313224
26.960486 -9.40409391
27.059243 -7.44426045
27.157999 -5.61973248
27.256755 -4.22832072
27.355512 -3.30894188
27.454268 -2.81670941
27.553024 -2.70904194
27.651781 -2.97585039
27.750537 -3.64389261
27.849294 -4.76442259
27.948050 -6.36486898
28.046806 -8.32208939
28.145563 -10.18054727
28.244319 -11.21820235
28.343075 -11.04327442
28.441832 -10.08524653
28.540588 -9.20609377
28.639344 -9.01744512
28.738101 -9.63693462
28.836857 -10.67416805
28.935613 -11.31782007
29.034370 -10.84572996
29.133126 -9.27933393
29.231883 -7.28342536
29.330639 -5.48131430
29.429395 -4.13113229
29.528152 -3.25405717
29.626908 -2.80192054
29.725664 -2.73408691
29.824421 -3.04391749
29.923177 -3.76117082
30.021933 -4.93718209
30.120690 -6.59037069
30.219446 -8.56807627
30.318203 -10.37146002
30.416959 -11.27768621
30.515715 -10.97489647
30.614472 -9.97558398
30.713228 -9.14359980
30.811984 -9.03987983
30.910741 -9.72669872
31.009497 -10.75852397
31.108253 -11.29921727
31.207010 -10.68446720
31.305766 -9.03043682
31.404522 -7.03066705
31.503279 -5.27232445
31.602035 -3.97657537
31.700792 -3.14969156
31.799548 -2.74171492
31.898304 -2.71478366
31.997061 -3.06620826
32.095817 -3.82893181
32.194573 -5.05407591
32.293330 -6.74974322
32.392086 -8.73167622
32.490842 -10.45948195
32.589599 -11.21906203
32.688355 -10.78484546
32.787112 -9.74491035
32.885868 -8.95491986
32.984624 -8.92191032
33.083381 -9.65158581
33.182137 -10.64288525
33.280893 -11.04116974
33.379650 -10.24826338
33.478406 -8.47239952
33.577162 -6.42796096
33.675919 -4.66644296
33.774675 -3.38002391
33.873431 -2.56949197
33.972188 -2.19120890
34.070944 -2.21501963
34.169701 -2.64230262
34.268457 -3.50455061
34.367213 -4.84504129
34.465970 -6.65277335
34.564726 -8.70405453
34.663482 -10.41554023
34.762239 -11.08953730
34.860995 -10.59154189
34.959751 -9.57878494
35.058508 -8.89256485
35.157264 -8.98680762
35.256021 -9.81279283
35.354777 -10.81734809
35.453533 -11.13739793
35.552290 -10.25012581
35.651046 -8.45104694
35.749802 -6.46341266
35.848559 -4.79487482
35.947315 -3.60062287
36.046071 -2.86356167
36.144828 -2.53250089
36.243584 -2.57554727
36.342340 -2.99732159
36.441097 -3.83560071
36.539853 -5.13793594
36.638610 -6.88512306
36.737366 -8.82131624
36.836122 -10.32863122
36.934879 -10.73806441
37.033635 -10.01080772
37.132391 -8.86507230
37.231148 -8.12032272
37.329904 -8.17599476
37.428660 -8.92803294
37.527417 -9.77218328
37.626173 -9.84380256
37.724929 -8.69748489
37.823686 -6.70298468
37.922442 -4.57812930
38.021199 -2.78731700
38.119955 -1.46306568
38.218711 -0.58967970
38.317468 -0.12140878
38.416224 -0.01523845
38.514980 -0.21756228
38.613737 -0.57684202
38.712493 -0.76115169
38.811249 -0.53807729
38.910006 -0.08313478
39.008762 0.34895729
39.107519 0.68029934
39.206275 0.92287280
39.305031 1.09939235
39.403788 1.22734464
39.502544 1.31930357
39.601300 1.38398384
39.700057 1.42749860
39.798813 1.45388289
39.897569 1.46577419
39.996326 1.46578186
40.095082 1.46250108
40.193838 1.45749282
40.292595 1.44910291
40.391351 1.43701151
40.490108 1.42121182
40.588864 1.40170386
40.687620 1.37847962
40.786377 1.35152637
40.885133 1.32082468
40.983889 1.28635625
41.082646 1.24808370
41.181402 1.20593968
41.280158 1.15984454
41.378915 1.10980822
41.477671 1.05616070
41.576428 1.00014385
41.675184 0.94465446
41.773940 0.89476778
41.872697 0.85735371
41.971453 0.83926985
42.070209 0.84468510
42.168966 0.87311796
42.267722 0.91957366
42.366478 0.97664926
42.465235 1.03708536
42.563991 1.09528008
42.662747 1.14737770
42.761504 1.19052237
42.860260 1.22190754
42.959017 1.23792646
43.057773 1.23358969
43.156529 1.20161591
43.255286 1.13209534
43.354042 1.01448001
43.452798 0.84624815
43.551555 0.65382553
43.650311 0.50508354
43.749067 0.47250799
43.847824 0.56591536
43.946580 0.72205714
44.045337 0.86530244
44.144093 0.95500787
44.242849 0.98283415
44.341606 0.95283827
44.440362 0.86981582
44.539118 0.73767244
44.637875 0.56404984
44.736631 0.37302594
44.835387 0.21705538
44.934144 0.15341880
45.032900 0.18607907
45.131656 0.24908482
45.230413 0.25752515
45.329169 0.15409845
45.427926 -0.07509179
45.526682 -0.37512590
45.625438 -0.60623665
45.724195 -0.61876722
45.822951 -0.38749140
45.921707 -0.03250514
46.020464 0.30203146
46.119220 0.54189402
46.217976 0.67658941
46.316733 0.71893533
46.415489 0.68099916
46.514246 0.56854527
46.613002 0.38150008
46.711758 0.11739104
46.810515 -0.21595284
46.909271 -0.57187979
47.008027 -0.84561475
47.106784 -0.93046329
47.205540 -0.81909462
47.304296 -0.59052767
47.403053 -0.31807873
47.501809 -0.06511107
47.600565 0.13410931
47.699322 0.31562245
47.798078 0.51347327
47.896835 0.70186196
47.995591 0.85265247
48.094347 0.96493531
48.193104 1.04743017
48.291860 1.10814416
48.390616 1.15294092
48.489373 1.18581272
48.588129 1.20945991
48.686885 1.22560803
48.785642 1.23540529
48.884398 1.23937511
48.983155 1.23927849
49.081911 1.23815955
49.180667 1.23684848
49.279424 1.23548292
49.378180 1.23409592
49.476936 1.23269890
49.575693 1.23129677
49.674449 1.22989187
49.773205 1.22848539
49.871962 1.22707798
49.970718 1.22567001
50.069474 1.22426168
50.168231 1.22285313
50.266987 1.22144443
50.365744 1.22003563
50.464500 1.21862675
50.563256 1.21721782
50.662013 1.21580884
50.760769 1.21440056
50.859525 1.21299990
50.958282 1.21160759
51.057038 1.21022364
51.155794 1.20884804
51.254551 1.20748081
51.353307 1.20612193
51.452064 1.20477142
51.550820 1.20342926
51.649576 1.20209547
51.748333 1.20077004
51.847089 1.19945298
51.945845 1.19814428
52.044602 1.19684395
52.143358 1.19555198
52.242114 1.19426838
52.340871 1.19299314
52.439627 1.19172627
52.538383 1.19046777
52.637140 1.18921764
52.735896 1.18797588
52.834653 1.18674248
52.933409 1.18551745
53.032165 1.18430080
53.130922 1.18309251
53.229678 1.18189259
53.328434 1.18070104
53.427191 1.17951786
53.525947 1.17834305
53.624703 1.17717662
53.723460 1.17601855
53.822216 1.17486885
53.920973 1.17372752
54.019729 1.17259457
54.118485 1.17146998
54.217242 1.17035377
54.315998 1.16924592
54.414754 1.16814645
54.513511 1.16705535
54.612267 1.16597262
54.711023 1.16489826
54.809780 1.16383227
54.908536 1.16277465
55.007292 1.16172541
55.106049 1.16068453
55.204805 1.15965203
55.303562 1.15862790
55.402318 1.15761214
55.501074 1.15660475
55.599831 1.15560573
55.698587 1.15461509
55.797343 1.15363281
55.896100 1.15265891
55.994856 1.15169338
56.093612 1.15073622
56.192369 1.14978743
56.291125 1.14884702
56.389882 1.14791498
56.488638 1.14699130
56.587394 1.14607600
56.686151 1.14516907
56.784907 1.14427052
56.883663 1.14338033
56.982420 1.14249852
57.081176 1.14162508
57.179932 1.14076001
57.278689 1.13990331
57.377445 1.13905499
57.476201 1.13821503
57.574958 1.13738345
57.673714 1.13656024
57.772471 1.13574540
57.871227 1.13493894
57.969983 1.13414084
58.068740 1.13335112
58.167496 1.13256977
58.266252 1.13179679
58.365009 1.13103219
58.463765 1.13027595
58.562521 1.12952809
58.661278 1.12878860
58.760034 1.12805749
58.858791 1.12733474
58.957547 1.12662037
59.056303 1.12591437
59.155060 1.12521674
59.253816 1.12452748
59.352572 1.12384659
59.451329 1.12317408
59.550085 1.12250994
59.648841 1.12185417
59.747598 1.12120678
59.846354 1.12056775
59.945110 1.11993710
60.043867 1.11931482
60.142623 1.11870092
60.241380 1.11809538
60.340136 1.11749822
60.438892 1.11690943
60.537649 1.11632901
60.636405 1.11575697
60.735161 1.11519330
60.833918 1.11463799
60.932674 1.11409107
61.031430 1.11355251
61.130187 1.11302233
61.228943 1.11250052
61.327700 1.11198708
61.426456 1.11148201
61.525212 1.11098532
61.623969 1.11049700
61.722725 1.11001705
61.821481 1.10954548
61.920238 1.10908227
62.018994 1.10862744
62.117750 1.10818099
62.216507 1.10774290
62.315263 1.10731319
62.414019 1.10689185
62.512776 1.10647888
62.611532 1.10607429
62.710289 1.10567807
62.809045 1.10529022
62.907801 1.10491074
63.006558 1.10453964
63.105314 1.10417691
63.204070 1.10382255
63.302827 1.10347656
63.401583 1.10313895
63.500339 1.10280971
63.599096 1.10248885
63.697852 1.10217635
63.796609 1.10187223
63.895365 1.10157648
63.994121 1.10128911
64.092878 1.10101011
64.191634 1.10073948
64.290390 1.10047722
64.389147 1.10022334
64.487903 1.09997783
64.586659 1.09974069
64.685416 1.09951193
64.784172 1.09929154
64.882928 1.09907952
64.981685 1.09887587
65.080441 1.09868060
65.179198 1.09849371
65.277954 1.09831518
65.376710 1.09814503
65.475467 1.09798325
65.574223 1.09782984
65.672979 1.09768481
65.771736 1.09754815
65.870492 1.09741987
65.969248 1.09729996
66.068005 1.09718842
66.166761 1.09708525
66.265518 1.09699046
66.364274 1.09690404
66.463030 1.09682600
66.561787 1.09675632
66.660543 1.09669502
66.759299 1.09664210
66.858056 1.09659755
66.956812 1.09656137
67.055568 1.09653357
67.154325 1.09651414
67.253081 1.09650308
67.351837 1.09650039
67.450594 1.09650608
67.549350 1.09652015
67.648107 1.09654258
67.746863 1.09657340
67.845619 1.09661258
67.944376 1.09666014
68.043132 1.09671607
68.141888 1.09678038
68.240645 1.09685306
68.339401 1.09693411
68.438157 1.09702354
68.536914 1.09712134
68.635670 1.09722751
68.734427 1.09734206
68.833183 1.09746498
68.931939 1.09759628
69.030696 1.09773595
69.129452 1.09788400
69.228208 1.09804041
69.326965 1.09820521
69.425721 1.09837837
69.524477 1.09855991
69.623234 1.09874983
69.721990 1.09894812
69.820746 1.09915478
69.919503 1.09936982
70.018259 1.09959323
70.117016 1.09982502
70.215772 1.10006518
70.314528 1.10031371
70.413285 1.10057062
70.512041 1.10083590
70.610797 1.10110956
70.709554 1.10139159
70.808310 1.10168199
70.907066 1.10198077
71.005823 1.10228793
71.104579 1.10260346
71.203336 1.10292736
71.302092 1.10325964
71.400848 1.10360029
71.499605 1.10394932
71.598361 1.10430673
71.697117 1.10467178
71.795874 1.10503756
71.894630 1.10540334
71.993386 1.10576912
72.092143 1.10613489
72.190899 1.10650067
72.289655 1.10686644
72.388412 1.10723225
72.487168 1.10759833
72.585925 1.10796383
