0.098756 1.65000693
0.197513 1.65000970
0.296269 1.65000672
0.395025 1.65000643
0.493782 1.65000646
0.592538 1.65000650
0.691295 1.65000654
0.790051 1.65000659
0.888807 1.65000663
0.987564 1.65000668
1.086320 1.65000672
1.185076 1.65000678
1.283833 1.65000683
1.382589 1.65000689
1.481345 1.65000695
1.580102 1.65000701
1.678858 1.65000708
1.777614 1.65000715
1.876371 1.65000722
1.975127 1.65000731
2.073884 1.65000739
2.172640 1.65000748
2.271396 1.65000757
2.370153 1.65000767
2.468909 1.65000777
2.567665 1.65000788
2.666422 1.65000799
2.765178 1.65000812
2.863934 1.65000824
2.962691 1.65000837
3.061447 1.65000851
3.160204 1.65000866
3.258960 1.65000880
3.357716 1.65000896
3.456473 1.65000912
3.555229 1.65000930
3.653985 1.65000947
3.752742 1.65000966
3.851498 1.65000985
3.950254 1.65001005
4.049011 1.65001025
4.147767 1.65001047
4.246523 1.65001068
4.345280 1.65001092
4.444036 1.65001115
4.542793 1.65001139
4.641549 1.65001164
4.740305 1.65001190
4.839062 1.65001216
4.937818 1.65001244
5.036574 1.65001271
5.135331 1.65001301
5.234087 1.65001330
5.332843 1.65001360
5.431600 1.65001391
5.530356 1.65001423
5.629113 1.65001455
5.727869 1.65001489
5.826625 1.65001522
5.925382 1.65001557
6.024138 1.65001592
6.122894 1.65001628
6.221651 1.65001664
6.320407 1.65001702
6.419163 1.65001739
6.517920 1.65001778
6.616676 1.65001816
6.715432 1.65001856
6.814189 1.65001895
6.912945 1.65001936
7.011702 1.65001977
7.110458 1.65002019
7.209214 1.65002060
7.307971 1.65002103
7.406727 1.65002145
7.505483 1.65002189
7.604240 1.65002232
7.702996 1.65002276
7.801752 1.65002319
7.900509 1.65002364
7.999265 1.65002408
8.098022 1.65002453
8.196778 1.65002497
8.295534 1.65002543
8.394291 1.65002587
8.493047 1.65002632
8.591803 1.65002676
8.690560 1.65002722
8.789316 1.65002765
8.888072 1.65002810
8.986829 1.65002853
9.085585 1.65002898
9.184341 1.65002940
9.283098 1.65002984
9.381854 1.65003026
9.480611 1.65003069
9.579367 1.65003109
9.678123 1.65003151
9.776880 1.65003190
9.875636 1.65003230
9.974392 1.65003267
10.073149 1.65003306
10.171905 1.65003341
10.270661 1.65003378
10.369418 1.65003411
10.468174 1.65003445
10.566931 1.65003476
10.665687 1.65003508
10.764443 1.65003536
10.863200 1.65003565
10.961956 1.65003590
11.060712 1.65003615
11.159469 1.65003637
11.258225 1.65003659
11.356981 1.65003676
11.455738 1.65003694
11.554494 1.65003707
11.653250 1.65003720
11.752007 1.65003729
11.850763 1.65003737
11.949520 1.65003741
12.048276 1.65003743
12.147032 1.65003741
12.245789 1.65003737
12.344545 1.65003728
12.443301 1.65003718
12.542058 1.65003702
12.640814 1.65003683
12.739570 1.65003659
12.838327 1.65003632
12.937083 1.65003598
13.035840 1.65003562
13.134596 1.65003518
13.233352 1.65003470
13.332109 1.65003414
13.430865 1.65003353
13.529621 1.65003283
13.628378 1.65003207
13.727134 1.65003121
13.825890 1.65003028
13.924647 1.65002923
14.023403 1.65002809
14.122159 1.65002682
14.220916 1.65002543
14.319672 1.65002389
14.418429 1.65002221
14.517185 1.65002033
14.615941 1.65001829
14.714698 1.65001602
14.813454 1.65001353
14.912210 1.65001077
15.010967 1.65000774
15.109723 1.65000438
15.208479 1.65000067
15.307236 1.64999654
15.405992 1.64999199
15.504749 1.64998692
15.603505 1.64998131
15.702261 1.64997506
15.801018 1.64996811
15.899774 1.64996036
15.998530 1.64995173
16.097287 1.64994209
16.196043 1.64993134
16.294799 1.64991930
16.393556 1.64990585
16.492312 1.64989079
16.591068 1.64987392
16.689825 1.64985500
16.788581 1.64983379
16.887338 1.64980999
16.986094 1.64978327
17.084850 1.64975327
17.183607 1.64971956
17.282363 1.64968168
17.381119 1.64963909
17.479876 1.64959122
17.578632 1.64953739
17.677388 1.64947685
17.776145 1.64940876
17.874901 1.64933218
17.973658 1.64924605
18.072414 1.64914919
18.171170 1.64904026
18.269927 1.64891778
18.368683 1.64878008
18.467439 1.64862531
18.566196 1.64845136
18.664952 1.64825593
18.763708 1.64803640
18.862465 1.64778990
18.961221 1.64751316
19.059977 1.64720261
19.158734 1.64685421
19.257490 1.64646352
19.356247 1.64602554
19.455003 1.64553478
19.553759 1.64498507
19.652516 1.64436962
19.751272 1.64368083
19.850028 1.64291035
19.948785 1.64204883
20.047541 1.64108602
20.146297 1.64001044
20.245054 1.63880953
20.343810 1.63746925
20.442567 1.63597423
20.541323 1.63430733
20.640079 1.63244978
20.738836 1.63038070
20.837592 1.62807724
20.936348 1.62551401
21.035105 1.62266325
21.133861 1.61949414
21.232617 1.61597302
21.331374 1.61206259
21.430130 1.60772209
21.528886 1.60290641
21.627643 1.59756624
21.726399 1.59164705
21.825156 1.58508918
21.923912 1.57782655
22.022668 1.56978666
22.121425 1.56088899
22.220181 1.55104471
22.318937 1.54015446
22.417694 1.52810765
22.516450 1.51477918
22.615206 1.50002774
22.713963 1.48369082
22.812719 1.46558108
22.911476 1.44547817
23.010232 1.42312140
23.108988 1.39819576
23.207745 1.37031737
23.306501 1.33900851
23.405257 1.30366917
23.504014 1.26353104
23.602770 1.21760193
23.701526 1.16457928
23.800283 1.10274152
23.899039 1.02978342
23.997795 0.94260406
24.096552 0.83699355
24.195308 0.70722072
24.294065 0.54545841
24.392821 0.34096481
24.491577 0.07914068
24.590334 -0.25998685
24.689090 -0.70170458
24.787846 -1.26403230
24.886603 -1.88879238
24.985359 -2.33458057
25.084115 -2.37620990
25.182872 -2.17193108
25.281628 -2.03798214
25.380385 -2.12541953
25.479141 -2.48708053
25.577897 -3.17665071
25.676654 -4.26606468
25.775410 -5.80725115
25.874166 -7.71828949
25.972923 -9.59934541
26.071679 -10.74743954
26.170435 -10.70486612
26.269192 -9.81393725
26.367948 -8.92283934
26.466704 -8.68746525
26.565461 -9.27696901
26.664217 -10.35296982
26.762974 -11.13209276
26.861730 -10.84077361
26.960486 -9.40255563
27.059243 -7.44368084
27.157999 -5.62019840
27.256755 -4.22988867
27.355512 -3.31162990
27.454268 -2.82046768
27.553024 -2.71373062
27.651781 -2.98124032
27.750537 -3.64969804
27.849294 -4.77035389
27.948050 -6.37067959
28.046806 -8.32759255
28.145563 -10.18560588
28.244319 -11.22271855
28.343075 -11.04720183
28.441832 -10.08861622
28.540588 -9.20902176
28.639344 -9.02012360
28.738101 -9.63961684
28.836857 -10.67715110
28.935613 -11.32141902
29.034370 -10.85023856
29.133126 -9.28497929
29.231883 -7.29034322
29.330639 -5.48956355
29.429395 -4.14071738
29.528152 -3.26492097
29.626908 -2.81391815
29.725664 -2.74697022
29.824421 -3.05734597
29.923177 -3.77475535
30.021933 -4.95054726
30.120690 -6.60320868
30.219446 -8.58016956
30.318203 -10.38267965
30.416959 -11.28799212
30.515715 -10.98434486
30.614472 -9.98433064
30.713228 -9.15188447
30.811984 -9.04799960
30.910741 -9.73497942
31.009497 -10.76729160
31.108253 -11.30876580
31.207010 -10.69502316
31.305766 -9.04213484
31.404522 -7.04355115
31.503279 -5.28636973
31.602035 -3.99170210
31.700792 -3.16575134
31.799548 -2.75846242
31.898304 -2.73186292
31.997061 -3.08316595
32.095817 -3.84525728
32.194573 -5.06925675
32.293330 -6.76331787
32.392086 -8.74326516
32.490842 -10.46880015
32.589599 -11.22593518
32.688355 -10.78925749
32.787112 -9.74706536
32.885868 -8.95522775
32.984624 -8.92090389
33.083381 -9.64984155
33.182137 -10.64096089
33.280893 -11.03954659
33.379650 -10.24728608
33.478406 -8.47224640
33.577162 -6.42866822
33.675919 -4.66793037
33.774675 -3.38207942
33.873431 -2.57173329
33.972188 -2.19305121
34.070944 -2.21567341
34.169701 -2.64081010
34.268457 -3.49985875
34.367213 -4.83610599
34.465970 -6.63868583
34.564726 -8.68414854
34.663482 -10.38945293
34.762239 -11.05724187
34.860995 -10.55336274
34.959751 -9.53537255
35.058508 -8.84468346
35.157264 -8.93498785
35.256021 -9.75704751
35.354777 -10.75692418
35.453533 -11.07068591
35.552290 -10.17498469
35.651046 -8.36546347
35.749802 -6.36601809
35.848559 -4.68493444
35.947315 -3.47771255
36.046071 -2.72729434
36.144828 -2.38231648
36.243584 -2.41058854
36.342340 -2.81644321
36.441097 -3.63747315
36.539853 -4.92121478
36.638610 -6.64872896
36.737366 -8.56476957
36.836122 -10.05226405
36.934879 -10.44298528
37.033635 -9.69847001
37.132391 -8.53662979
37.231148 -7.77595802
37.329904 -7.81423409
37.428660 -8.54528135
37.527417 -9.36239502
37.626173 -9.39875361
37.724929 -8.20844929
37.823686 -6.16318424
37.922442 -3.98438495
38.021199 -2.14014790
38.119955 -0.76597947
38.218711 0.15158316
38.317468 0.65763369
38.416224 0.79545441
38.514980 0.61912365
38.613737 0.28060805
38.712493 0.11236887
38.811249 0.34713301
38.910006 0.80959439
39.008762 1.24489816
39.107519 1.57491157
39.206275 1.81102803
39.305031 1.97496092
39.403788 2.08359946
39.502544 2.14980454
39.601300 2.18385329
39.700057 2.19515586
39.798813 2.19306874
39.897569 2.18677632
39.996326 2.18444463
40.095082 2.19898907
40.193838 2.23345429
40.292595 2.28316152
40.391351 2.34134125
40.490108 2.40196443
40.588864 2.46102261
40.687620 2.51647823
40.786377 2.56761689
40.885133 2.61433119
40.983889 2.65668731
41.082646 2.69479132
41.181402 2.72869135
41.280158 2.75842980
41.378915 2.78401614
41.477671 2.80545125
41.576428 2.82273616
41.675184 2.83588075
41.773940 2.84494957
41.872697 2.85025788
41.971453 2.85303908
42.070209 2.85507679
42.168966 2.85723409
42.267722 2.86017782
42.366478 2.86392895
42.465235 2.86811318
42.563991 2.87204693
42.662747 2.87465423
42.761504 2.87431339
42.860260 2.86860185
42.959017 2.85392927
43.057773 2.82507028
43.156529 2.77429482
43.255286 2.69099561
43.354042 2.56379167
43.452798 2.38921910
43.551555 2.19286758
43.650311 2.04208207
43.749067 2.00906802
43.847824 2.10340324
43.946580 2.26148316
44.045337 2.40725811
44.144093 2.49972761
44.242849 2.53025063
44.341606 2.50261580
44.440362 2.42140720
44.539118 2.29041987
44.637875 2.11731825
44.736631 1.92637545
44.835387 1.77044192
44.934144 1.70726176
45.032900 1.74111692
45.131656 1.80613933
45.230413 1.81730893
45.329169 1.71711658
45.427926 1.49141181
45.526682 1.19487254
45.625438 0.96710856
45.724195 0.95772265
45.822951 1.19198724
45.921707 1.54989642
46.020464 1.88735507
46.119220 2.13016990
46.217976 2.26785274
46.316733 2.31321212
46.415489 2.27830537
46.514246 2.16888705
46.613002 1.98487486
46.711758 1.72379296
46.810515 1.39347510
46.909271 1.04058710
47.008027 0.76992871
47.106784 0.68821607
47.205540 0.80278237
47.304296 1.03459570
47.403053 1.31032412
47.501809 1.56659318
47.600565 1.76912999
47.699322 1.95396896
47.798078 2.15515074
47.896835 2.34687278
47.995591 2.50099618
48.094347 2.61660699
48.193104 2.70241813
48.291860 2.76642769
48.390616 2.81448804
48.489373 2.85057713
48.588129 2.87737750
48.686885 2.89659269
48.785642 2.90935121
48.884398 2.91615661
48.983155 2.91879353
49.081911 2.92036468
49.180667 2.92172312
49.279424 2.92301422
49.378180 2.92427530
49.476936 2.92552054
49.575693 2.92675668
49.674449 2.92798731
49.773205 2.92921447
49.871962 2.93043940
49.970718 2.93166285
50.069474 2.93288532
50.168231 2.93410711
50.266987 2.93532844
50.365744 2.93654945
50.464500 2.93777023
50.563256 2.93899086
50.662013 2.94021137
50.760769 2.94143142
50.859525 2.94264740
50.958282 2.94385896
51.057038 2.94506610
51.155794 2.94626883
51.254551 2.94746717
51.353307 2.94866110
51.452064 2.94985065
51.550820 2.95103581
51.649576 2.95221657
51.748333 2.95339295
51.847089 2.95456495
51.945845 2.95573255
52.044602 2.95689578
52.143358 2.95805462
52.242114 2.95920907
52.340871 2.96035914
52.439627 2.96150483
52.538383 2.96264613
52.637140 2.96378305
52.735896 2.96491558
52.834653 2.96604373
52.933409 2.96716750
53.032165 2.96828689
53.130922 2.96940189
53.229678 2.97051251
53.328434 2.97161875
53.427191 2.97272060
53.525947 2.97381807
53.624703 2.97491116
53.723460 2.97599986
53.822216 2.97708418
53.920973 2.97816412
54.019729 2.97923968
54.118485 2.98031085
54.217242 2.98137764
54.315998 2.98244005
54.414754 2.98349807
54.513511 2.98455171
54.612267 2.98560097
54.711023 2.98664584
54.809780 2.98768634
54.908536 2.98872245
55.007292 2.98975417
55.106049 2.99078152
55.204805 2.99180448
55.303562 2.99282306
55.402318 2.99383725
55.501074 2.99484707
55.599831 2.99585250
55.698587 2.99685355
55.797343 2.99785021
55.896100 2.99884250
55.994856 2.99983040
56.093612 3.00081391
56.192369 3.00179305
56.291125 3.00276780
56.389882 3.00373817
56.488638 3.00470416
56.587394 3.00566577
56.686151 3.00662299
56.784907 3.00757583
56.883663 3.00852429
56.982420 3.00946836
57.081176 3.01040806
57.179932 3.01134337
57.278689 3.01227430
57.377445 3.01320084
57.476201 3.01412301
57.574958 3.01504079
57.673714 3.01595419
57.772471 3.01686321
57.871227 3.01776784
57.969983 3.01866809
58.068740 3.01956396
58.167496 3.02045545
58.266252 3.02134256
58.365009 3.02222528
58.463765 3.02310363
58.562521 3.02397759
58.661278 3.02484716
58.760034 3.02571236
58.858791 3.02657317
58.957547 3.02742960
59.056303 3.02828165
59.155060 3.02912932
59.253816 3.02997261
59.352572 3.03081151
59.451329 3.03164604
59.550085 3.03247618
59.648841 3.03330193
59.747598 3.03412331
59.846354 3.03494031
59.945110 3.03575292
60.043867 3.03656115
60.142623 3.03736500
60.241380 3.03816447
60.340136 3.03895955
60.438892 3.03975026
60.537649 3.04053658
60.636405 3.04131852
60.735161 3.04209608
60.833918 3.04286926
60.932674 3.04363805
61.031430 3.04440247
61.130187 3.04516250
61.228943 3.04591815
61.327700 3.04666942
61.426456 3.04741631
61.525212 3.04815882
61.623969 3.04889694
61.722725 3.04963069
61.821481 3.05036005
61.920238 3.05108503
62.018994 3.05180563
62.117750 3.05252185
62.216507 3.05323368
62.315263 3.05394114
62.414019 3.05464421
62.512776 3.05534291
62.611532 3.05603722
62.710289 3.05672715
62.809045 3.05741270
62.907801 3.05809387
63.006558 3.05877065
63.105314 3.05944306
63.204070 3.06011108
63.302827 3.06077472
63.401583 3.06143399
63.500339 3.06208887
63.599096 3.06273937
63.697852 3.06338549
63.796609 3.06402722
63.895365 3.06466458
63.994121 3.06529755
64.092878 3.06592615
64.191634 3.06655036
64.290390 3.06717020
64.389147 3.06778565
64.487903 3.06839672
64.586659 3.06900341
64.685416 3.06960572
64.784172 3.07020364
64.882928 3.07079719
64.981685 3.07138636
65.080441 3.07197114
65.179198 3.07255155
65.277954 3.07312757
65.376710 3.07369921
65.475467 3.07426647
65.574223 3.07482936
65.672979 3.07538786
65.771736 3.07594198
65.870492 3.07649172
65.969248 3.07703707
66.068005 3.07757805
66.166761 3.07811465
66.265518 3.07864687
66.364274 3.07917470
66.463030 3.07969816
66.561787 3.08021723
66.660543 3.08073193
66.759299 3.08124224
66.858056 3.08174817
66.956812 3.08224973
67.055568 3.08274690
67.154325 3.08323969
67.253081 3.08372810
67.351837 3.08421213
67.450594 3.08469178
67.549350 3.08516705
67.648107 3.08563794
67.746863 3.08610445
67.845619 3.08656658
67.944376 3.08702433
68.043132 3.08747770
68.141888 3.08792669
68.240645 3.08837130
68.339401 3.08881152
68.438157 3.08924737
68.536914 3.08967884
68.635670 3.09010592
68.734427 3.09052863
68.833183 3.09094696
68.931939 3.09136090
69.030696 3.09177047
69.129452 3.09217566
69.228208 3.09257646
69.326965 3.09297289
69.425721 3.09336493
69.524477 3.09375260
69.623234 3.09413589
69.721990 3.09451479
69.820746 3.09488932
69.919503 3.09525946
70.018259 3.09562523
70.117016 3.09598661
70.215772 3.09634362
70.314528 3.09669625
70.413285 3.09704449
70.512041 3.09738836
70.610797 3.09772784
70.709554 3.09806295
70.808310 3.09839368
70.907066 3.09872002
71.005823 3.09904199
71.104579 3.09935958
71.203336 3.09967279
71.302092 3.09998161
71.400848 3.10028606
71.499605 3.10058612
71.598361 3.10088181
71.697117 3.10117350
71.795874 3.10146480
71.894630 3.10175611
71.993386 3.10204742
72.092143 3.10233872
72.190899 3.10263003
72.289655 3.10292134
72.388412 3.10321267
72.487168 3.10350417
72.585925 3.10379530
