0.098756 1.65059107
0.197513 1.65059423
0.296269 1.65059087
0.395025 1.65059055
0.493782 1.65059060
0.592538 1.65059066
0.691295 1.65059071
0.790051 1.65059076
0.888807 1.65059080
0.987564 1.65059084
1.086320 1.65059087
1.185076 1.65059090
1.283833 1.65059092
1.382589 1.65059094
1.481345 1.65059094
1.580102 1.65059094
1.678858 1.65059093
1.777614 1.65059092
1.876371 1.65059089
1.975127 1.65059085
2.073884 1.65059080
2.172640 1.65059075
2.271396 1.65059067
2.370153 1.65059059
2.468909 1.65059050
2.567665 1.65059039
2.666422 1.65059027
2.765178 1.65059013
2.863934 1.65058998
2.962691 1.65058981
3.061447 1.65058963
3.160204 1.65058943
3.258960 1.65058921
3.357716 1.65058898
3.456473 1.65058872
3.555229 1.65058845
3.653985 1.65058815
3.752742 1.65058784
3.851498 1.65058751
3.950254 1.65058715
4.049011 1.65058677
4.147767 1.65058638
4.246523 1.65058595
4.345280 1.65058550
4.444036 1.65058503
4.542793 1.65058453
4.641549 1.65058400
4.740305 1.65058346
4.839062 1.65058287
4.937818 1.65058227
5.036574 1.65058163
5.135331 1.65058097
5.234087 1.65058027
5.332843 1.65057954
5.431600 1.65057878
5.530356 1.65057800
5.629113 1.65057717
5.727869 1.65057631
5.826625 1.65057542
5.925382 1.65057449
6.024138 1.65057352
6.122894 1.65057252
6.221651 1.65057148
6.320407 1.65057041
6.419163 1.65056928
6.517920 1.65056813
6.616676 1.65056693
6.715432 1.65056569
6.814189 1.65056440
6.912945 1.65056308
7.011702 1.65056170
7.110458 1.65056029
7.209214 1.65055882
7.307971 1.65055732
7.406727 1.65055575
7.505483 1.65055415
7.604240 1.65055249
7.702996 1.65055079
7.801752 1.65054902
7.900509 1.65054721
7.999265 1.65054534
8.098022 1.65054343
8.196778 1.65054145
8.295534 1.65053942
8.394291 1.65053732
8.493047 1.65053518
8.591803 1.65053297
8.690560 1.65053071
8.789316 1.65052837
8.888072 1.65052598
8.986829 1.65052352
9.085585 1.65052101
9.184341 1.65051841
9.283098 1.65051577
9.381854 1.65051304
9.480611 1.65051026
9.579367 1.65050739
9.678123 1.65050446
9.776880 1.65050145
9.875636 1.65049838
9.974392 1.65049521
10.073149 1.65049199
10.171905 1.65048868
10.270661 1.65048530
10.369418 1.65048182
10.468174 1.65047828
10.566931 1.65047465
10.665687 1.65047094
10.764443 1.65046714
10.863200 1.65046326
10.961956 1.65045928
11.060712 1.65045522
11.159469 1.65045106
11.258225 1.65044683
11.356981 1.65044248
11.455738 1.65043806
11.554494 1.65043352
11.653250 1.65042890
11.752007 1.65042416
11.850763 1.65041934
11.949520 1.65041440
12.048276 1.65040937
12.147032 1.65040421
12.245789 1.65039896
12.344545 1.65039359
12.443301 1.65038811
12.542058 1.65038250
12.640814 1.65037679
12.739570 1.65037094
12.838327 1.65036498
12.937083 1.65035887
13.035840 1.65035265
13.134596 1.65034627
13.233352 1.65033977
13.332109 1.65033311
13.430865 1.65032632
13.529621 1.65031935
13.628378 1.65031224
13.727134 1.65030494
13.825890 1.65029748
13.924647 1.65028982
14.023403 1.65028198
14.122159 1.65027392
14.220916 1.65026566
14.319672 1.65025715
14.418429 1.65024841
14.517185 1.65023940
14.615941 1.65023012
14.714698 1.65022053
14.813454 1.65021063
14.912210 1.65020037
15.010967 1.65018974
15.109723 1.65017868
15.208479 1.65016719
15.307236 1.65015519
15.405992 1.65014266
15.504749 1.65012952
15.603505 1.65011574
15.702261 1.65010122
15.801018 1.65008591
15.899774 1.65006970
15.998530 1.65005250
16.097287 1.65003420
16.196043 1.65001467
16.294799 1.64999376
16.393556 1.64997133
16.492312 1.64994718
16.591068 1.64992112
16.689825 1.64989290
16.788581 1.64986227
16.887338 1.64982894
16.986094 1.64979257
17.084850 1.64975280
17.183607 1.64970920
17.282363 1.64966131
17.381119 1.64960859
17.479876 1.64955045
17.578632 1.64948622
17.677388 1.64941514
17.776145 1.64933638
17.874901 1.64924898
17.973658 1.64915188
18.072414 1.64904389
18.171170 1.64892369
18.269927 1.64878977
18.368683 1.64864046
18.467439 1.64847390
18.566196 1.64828799
18.664952 1.64808041
18.763708 1.64784855
18.862465 1.64758950
18.961221 1.64730002
19.059977 1.64697651
19.158734 1.64661494
19.257490 1.64621085
19.356247 1.64575924
19.455003 1.64525460
19.553759 1.64469076
19.652516 1.64406093
19.751272 1.64335750
19.850028 1.64257211
19.948785 1.64169542
20.047541 1.64071715
20.146297 1.63962584
20.245054 1.63840892
20.343810 1.63705236
20.442567 1.63554076
20.541323 1.63385702
20.640079 1.63198236
20.738836 1.62989592
20.837592 1.62757486
20.936348 1.62499382
21.035105 1.62212504
21.133861 1.61893776
21.232617 1.61539835
21.331374 1.61146955
21.430130 1.60711066
21.528886 1.60227665
21.627643 1.59691828
21.726399 1.59098113
21.825156 1.58440561
21.923912 1.57712580
22.022668 1.56906933
22.121425 1.56015583
22.220181 1.55029664
22.318937 1.53939261
22.417694 1.52733332
22.516450 1.51399393
22.615206 1.49923333
22.713963 1.48288931
22.812719 1.46477472
22.911476 1.44466957
23.010232 1.42231338
23.108988 1.39739149
23.207745 1.36952025
23.306501 1.33822230
23.405257 1.30289785
23.504014 1.26277896
23.602770 1.21687366
23.701526 1.16387972
23.800283 1.10207578
23.899039 1.02915694
23.997795 0.94202246
24.096552 0.83646280
24.195308 0.70674702
24.294065 0.54504839
24.392821 0.34062557
24.491577 0.07888002
24.590334 -0.26015999
24.689090 -0.70177965
24.787846 -1.26399652
24.886603 -1.88863065
24.985359 -2.33427537
25.084115 -2.37611706
25.182872 -2.17202638
25.281628 -2.03823787
25.380385 -2.12580163
25.479141 -2.48755284
25.577897 -3.17718013
25.676654 -4.26662585
25.775410 -5.80782689
25.874166 -7.71887042
25.972923 -9.59992459
26.071679 -10.74800977
26.170435 -10.70541960
26.269192 -9.81446971
26.367948 -8.92335200
26.466704 -8.68796600
26.565461 -9.27747232
26.664217 -10.35349647
26.762974 -11.13266866
26.861730 -10.84142596
26.960486 -9.40330724
27.059243 -7.44454574
27.157999 -5.62118285
27.256755 -4.23099339
27.355512 -3.31284994
27.454268 -2.82178984
27.553024 -2.71513197
27.651781 -2.98268873
27.750537 -3.65115609
27.849294 -4.77178490
27.948050 -6.37205290
28.046806 -8.32888628
28.145563 -10.18680670
28.244319 -11.22382142
28.343075 -11.04821101
28.441832 -10.08954577
28.540588 -9.20989516
28.639344 -9.02097126
28.738101 -9.64047401
28.836857 -10.67805485
28.935613 -11.32240501
29.034370 -10.85133688
29.133126 -9.28621049
29.231883 -7.29171727
29.330639 -5.49108180
29.429395 -4.14237467
29.528152 -3.26670539
29.626908 -2.81580847
29.725664 -2.74893487
29.824421 -3.05934425
29.923177 -3.77674204
30.021933 -4.95247934
30.120690 -6.60505106
30.219446 -8.58189876
30.318203 -10.38428399
30.416959 -11.28947242
30.515715 -10.98571393
30.614472 -9.98561166
30.713228 -9.15310813
30.811984 -9.04920048
30.910741 -9.73619274
31.009497 -10.76855025
31.108253 -11.31009687
31.207010 -10.69644551
31.305766 -9.04365724
31.404522 -7.04517404
31.503279 -5.28808761
31.602035 -3.99350452
31.700792 -3.16762140
31.799548 -2.76037328
31.898304 -2.73377624
31.997061 -3.08503306
32.095817 -3.84702291
32.194573 -5.07086474
32.293330 -6.76471633
32.392086 -8.74441008
32.490842 -10.46965669
32.589599 -11.22647967
32.688355 -10.78948354
32.787112 -9.74699204
32.885868 -8.95489826
32.984624 -8.92037453
33.083381 -9.64917187
33.182137 -10.64020598
33.280893 -11.03875052
33.379650 -10.24647642
33.478406 -8.47143285
33.577162 -6.42784775
33.675919 -4.66709025
33.774675 -3.38119407
33.873431 -2.57075903
33.972188 -2.19192202
34.070944 -2.21430040
34.169701 -2.63908549
34.268457 -3.49766446
34.367213 -4.83332623
34.465970 -6.63522300
34.564726 -8.67993788
34.663482 -10.38447138
34.762239 -11.05151101
34.860995 -10.54694569
34.959751 -9.52836310
35.058508 -8.83717780
35.157264 -8.92704246
35.256021 -9.74864626
35.354777 -10.74794977
35.453533 -11.06091185
35.552290 -10.16412088
35.651046 -8.35324286
35.749802 -6.35226318
35.848559 -4.66955499
35.947315 -3.46066423
36.046071 -2.70854440
36.144828 -2.36181787
36.243584 -2.38826455
36.342340 -2.79218863
36.441097 -3.61116681
36.539853 -4.89274055
36.638610 -6.61800942
36.737366 -8.53180778
36.836122 -10.01716865
36.934879 -10.40596316
37.033635 -9.65976406
37.132391 -8.49643163
37.231148 -7.73432790
37.329904 -7.77102667
37.428660 -8.50009655
37.527417 -9.31454316
37.626173 -9.34728726
37.724929 -8.15235438
37.823686 -6.10165554
37.922442 -3.91700174
38.021199 -2.06686095
38.119955 -0.68699528
38.218711 0.23589734
38.317468 0.74684756
38.416224 0.88917843
38.514980 0.71705105
38.613737 0.38251883
38.712493 0.21813762
38.811249 0.45670187
38.910006 0.92294375
39.008762 1.36200044
39.107519 1.69571068
39.206275 1.93540154
39.305031 2.10268343
39.403788 2.21436914
39.502544 2.28328657
39.601300 2.31970092
39.700057 2.33300836
39.798813 2.33254318
39.897569 2.32746578
39.996326 2.32593987
40.095082 2.34110250
40.193838 2.37612095
40.292595 2.42634218
40.391351 2.48500666
40.490108 2.54609049
40.588864 2.60558810
40.687620 2.66146369
40.786377 2.71300417
40.885133 2.76010314
40.983889 2.80282746
41.082646 2.84128386
41.181402 2.87552099
41.280158 2.90558174
41.378915 2.93147603
41.477671 2.95320517
41.576428 2.97077072
41.675184 2.98418317
41.773940 2.99350796
41.872697 2.99906195
41.971453 3.00208213
42.070209 3.00435667
42.168966 3.00675111
42.267722 3.00993458
42.366478 3.01392914
42.465235 3.01836086
42.563991 3.02254614
42.662747 3.02540873
42.761504 3.02532642
42.860260 3.01987597
42.959017 3.00546628
43.057773 2.97687116
43.156529 2.92635983
43.255286 2.84332444
43.354042 2.71638367
43.452798 2.54207356
43.551555 2.34598351
43.650311 2.19545786
43.749067 2.16270132
43.847824 2.25729161
43.946580 2.41562510
44.045337 2.56165381
44.144093 2.65437914
44.242849 2.68516192
44.341606 2.65779249
44.440362 2.57685603
44.539118 2.44614789
44.637875 2.27333198
44.736631 2.08268010
44.835387 1.92704060
44.934144 1.86415509
45.032900 1.89830297
45.131656 1.96361409
45.230413 1.97506727
45.329169 1.87515348
45.427926 1.64972375
45.526682 1.35345846
45.625438 1.12597056
45.724195 1.11686526
45.822951 1.35141459
45.921707 1.70961040
46.020464 2.04735578
46.119220 2.29045704
46.217976 2.42842702
46.316733 2.47407574
46.415489 2.43946160
46.514246 2.33033973
46.613002 2.14662797
46.711758 1.88584993
46.810515 1.55583803
46.909271 1.20325597
47.008027 0.93290077
47.106784 0.85148645
47.205540 0.96634619
47.304296 1.19844993
47.403053 1.47446853
47.501809 1.73103050
47.600565 1.93386555
47.699322 2.11901000
47.798078 2.32050554
47.896835 2.51254943
47.995591 2.66700152
48.094347 2.78294595
48.193104 2.86909314
48.291860 2.93343842
48.390616 2.98183116
48.489373 3.01824602
48.588129 3.04536189
48.686885 3.06487821
48.785642 3.07792020
48.884398 3.08498816
48.983155 3.08787057
49.081911 3.08968102
49.180667 3.09127644
49.279424 3.09280322
49.378180 3.09429915
49.476936 3.09577870
49.575693 3.09724877
49.674449 3.09871307
49.773205 3.10017373
49.871962 3.10163204
49.970718 3.10308879
50.069474 3.10454450
50.168231 3.10599949
50.266987 3.10745399
50.365744 3.10890816
50.464500 3.11036208
50.563256 3.11181584
50.662013 3.11326948
50.760769 3.11472256
50.859525 3.11617054
50.958282 3.11761297
51.057038 3.11904985
51.155794 3.12048120
51.254551 3.12190703
51.353307 3.12332733
51.452064 3.12474212
51.550820 3.12615139
51.649576 3.12755514
51.748333 3.12895339
51.847089 3.13034612
51.945845 3.13173335
52.044602 3.13311506
52.143358 3.13449126
52.242114 3.13586196
52.340871 3.13722715
52.439627 3.13858683
52.538383 3.13994100
52.637140 3.14128966
52.735896 3.14263281
52.834653 3.14397046
52.933409 3.14530260
53.032165 3.14662923
53.130922 3.14795035
53.229678 3.14926597
53.328434 3.15057607
53.427191 3.15188067
53.525947 3.15317976
53.624703 3.15447334
53.723460 3.15576142
53.822216 3.15704399
53.920973 3.15832104
54.019729 3.15959259
54.118485 3.16085864
54.217242 3.16211917
54.315998 3.16337420
54.414754 3.16462372
54.513511 3.16586773
54.612267 3.16710623
54.711023 3.16833922
54.809780 3.16956671
54.908536 3.17078869
55.007292 3.17200515
55.106049 3.17321612
55.204805 3.17442157
55.303562 3.17562151
55.402318 3.17681595
55.501074 3.17800488
55.599831 3.17918830
55.698587 3.18036621
55.797343 3.18153861
55.896100 3.18270550
55.994856 3.18386689
56.093612 3.18502277
56.192369 3.18617313
56.291125 3.18731799
56.389882 3.18845735
56.488638 3.18959119
56.587394 3.19071952
56.686151 3.19184235
56.784907 3.19295967
56.883663 3.19407148
56.982420 3.19517778
57.081176 3.19627857
57.179932 3.19737385
57.278689 3.19846362
57.377445 3.19954789
57.476201 3.20062665
57.574958 3.20169989
57.673714 3.20276763
57.772471 3.20382986
57.871227 3.20488658
57.969983 3.20593780
58.068740 3.20698350
58.167496 3.20802370
58.266252 3.20905838
58.365009 3.21008756
58.463765 3.21111123
58.562521 3.21212939
58.661278 3.21314204
58.760034 3.21414918
58.858791 3.21515082
58.957547 3.21614694
59.056303 3.21713756
59.155060 3.21812266
59.253816 3.21910226
59.352572 3.22007635
59.451329 3.22104493
59.550085 3.22200800
59.648841 3.22296556
59.747598 3.22391761
59.846354 3.22486416
59.945110 3.22580519
60.043867 3.22674072
60.142623 3.22767074
60.241380 3.22859524
60.340136 3.22951424
60.438892 3.23042773
60.537649 3.23133571
60.636405 3.23223818
60.735161 3.23313515
60.833918 3.23402660
60.932674 3.23491255
61.031430 3.23579298
61.130187 3.23666791
61.228943 3.23753732
61.327700 3.23840123
61.426456 3.23925963
61.525212 3.24011252
61.623969 3.24095990
61.722725 3.24180178
61.821481 3.24263814
61.920238 3.24346899
62.018994 3.24429434
62.117750 3.24511417
62.216507 3.24592850
62.315263 3.24673732
62.414019 3.24754062
62.512776 3.24833842
62.611532 3.24913071
62.710289 3.24991749
62.809045 3.25069877
62.907801 3.25147453
63.006558 3.25224478
63.105314 3.25300953
63.204070 3.25376876
63.302827 3.25452249
63.401583 3.25527071
63.500339 3.25601341
63.599096 3.25675061
63.697852 3.25748230
63.796609 3.25820848
63.895365 3.25892915
63.994121 3.25964432
64.092878 3.26035397
64.191634 3.26105811
64.290390 3.26175675
64.389147 3.26244988
64.487903 3.26313749
64.586659 3.26381960
64.685416 3.26449620
64.784172 3.26516729
64.882928 3.26583287
64.981685 3.26649294
65.080441 3.26714750
65.179198 3.26779656
65.277954 3.26844010
65.376710 3.26907814
65.475467 3.26971066
65.574223 3.27033768
65.672979 3.27095919
65.771736 3.27157519
65.870492 3.27218568
65.969248 3.27279066
66.068005 3.27339013
66.166761 3.27398410
66.265518 3.27457255
66.364274 3.27515549
66.463030 3.27573293
66.561787 3.27630486
66.660543 3.27687128
66.759299 3.27743219
66.858056 3.27798759
66.956812 3.27853748
67.055568 3.27908186
67.154325 3.27962073
67.253081 3.28015410
67.351837 3.28068195
67.450594 3.28120430
67.549350 3.28172114
67.648107 3.28223247
67.746863 3.28273829
67.845619 3.28323860
67.944376 3.28373340
68.043132 3.28422269
68.141888 3.28470648
68.240645 3.28518475
68.339401 3.28565752
68.438157 3.28612478
68.536914 3.28658653
68.635670 3.28704277
68.734427 3.28749350
68.833183 3.28793872
68.931939 3.28837844
69.030696 3.28881264
69.129452 3.28924134
69.228208 3.28966453
69.326965 3.29008221
69.425721 3.29049438
69.524477 3.29090104
69.623234 3.29130219
69.721990 3.29169783
69.820746 3.29208797
69.919503 3.29247260
70.018259 3.29285172
70.117016 3.29322533
70.215772 3.29359343
70.314528 3.29395602
70.413285 3.29431310
70.512041 3.29466468
70.610797 3.29501074
70.709554 3.29535130
70.808310 3.29568635
70.907066 3.29601589
71.005823 3.29633992
71.104579 3.29665845
71.203336 3.29697146
71.302092 3.29727897
71.400848 3.29758097
71.499605 3.29787745
71.598361 3.29816843
71.697117 3.29845438
71.795874 3.29873985
71.894630 3.29902532
71.993386 3.29931079
72.092143 3.29959626
72.190899 3.29988173
72.289655 3.30016721
72.388412 3.30045270
72.487168 3.30073835
72.585925 3.30102366
