0.098756 1.65130302
0.197513 1.65130868
0.296269 1.65130267
0.395025 1.65130208
0.493782 1.65130216
0.592538 1.65130225
0.691295 1.65130234
0.790051 1.65130243
0.888807 1.65130251
0.987564 1.65130259
1.086320 1.65130267
1.185076 1.65130275
1.283833 1.65130282
1.382589 1.65130289
1.481345 1.65130296
1.580102 1.65130302
1.678858 1.65130307
1.777614 1.65130312
1.876371 1.65130317
1.975127 1.65130321
2.073884 1.65130325
2.172640 1.65130328
2.271396 1.65130330
2.370153 1.65130332
2.468909 1.65130333
2.567665 1.65130333
2.666422 1.65130333
2.765178 1.65130332
2.863934 1.65130330
2.962691 1.65130327
3.061447 1.65130324
3.160204 1.65130320
3.258960 1.65130315
3.357716 1.65130309
3.456473 1.65130302
3.555229 1.65130294
3.653985 1.65130285
3.752742 1.65130275
3.851498 1.65130265
3.950254 1.65130253
4.049011 1.65130240
4.147767 1.65130226
4.246523 1.65130211
4.345280 1.65130195
4.444036 1.65130178
4.542793 1.65130160
4.641549 1.65130140
4.740305 1.65130119
4.839062 1.65130098
4.937818 1.65130074
5.036574 1.65130050
5.135331 1.65130024
5.234087 1.65129998
5.332843 1.65129969
5.431600 1.65129940
5.530356 1.65129909
5.629113 1.65129877
5.727869 1.65129843
5.826625 1.65129808
5.925382 1.65129772
6.024138 1.65129735
6.122894 1.65129695
6.221651 1.65129655
6.320407 1.65129613
6.419163 1.65129570
6.517920 1.65129525
6.616676 1.65129479
6.715432 1.65129431
6.814189 1.65129382
6.912945 1.65129331
7.011702 1.65129279
7.110458 1.65129225
7.209214 1.65129170
7.307971 1.65129113
7.406727 1.65129055
7.505483 1.65128995
7.604240 1.65128934
7.702996 1.65128870
7.801752 1.65128806
7.900509 1.65128740
7.999265 1.65128673
8.098022 1.65128604
8.196778 1.65128534
8.295534 1.65128461
8.394291 1.65128388
8.493047 1.65128312
8.591803 1.65128236
8.690560 1.65128158
8.789316 1.65128078
8.888072 1.65127997
8.986829 1.65127915
9.085585 1.65127830
9.184341 1.65127745
9.283098 1.65127657
9.381854 1.65127569
9.480611 1.65127479
9.579367 1.65127388
9.678123 1.65127294
9.776880 1.65127200
9.875636 1.65127104
9.974392 1.65127008
10.073149 1.65126909
10.171905 1.65126809
10.270661 1.65126708
10.369418 1.65126606
10.468174 1.65126501
10.566931 1.65126396
10.665687 1.65126289
10.764443 1.65126182
10.863200 1.65126072
10.961956 1.65125963
11.060712 1.65125851
11.159469 1.65125738
11.258225 1.65125624
11.356981 1.65125509
11.455738 1.65125392
11.554494 1.65125275
11.653250 1.65125155
11.752007 1.65125036
11.850763 1.65124914
11.949520 1.65124792
12.048276 1.65124667
12.147032 1.65124543
12.245789 1.65124416
12.344545 1.65124288
12.443301 1.65124158
12.542058 1.65124028
12.640814 1.65123895
12.739570 1.65123761
12.838327 1.65123625
12.937083 1.65123488
13.035840 1.65123347
13.134596 1.65123205
13.233352 1.65123059
13.332109 1.65122912
13.430865 1.65122760
13.529621 1.65122606
13.628378 1.65122447
13.727134 1.65122285
13.825890 1.65122116
13.924647 1.65121943
14.023403 1.65121762
14.122159 1.65121575
14.220916 1.65121379
14.319672 1.65121175
14.418429 1.65120958
14.517185 1.65120732
14.615941 1.65120490
14.714698 1.65120234
14.813454 1.65119959
14.912210 1.65119665
15.010967 1.65119347
15.109723 1.65119005
15.208479 1.65118631
15.307236 1.65118226
15.405992 1.65117781
15.504749 1.65117294
15.603505 1.65116756
15.702261 1.65116163
15.801018 1.65115506
15.899774 1.65114778
15.998530 1.65113966
16.097287 1.65113063
16.196043 1.65112053
16.294799 1.65110926
16.393556 1.65109661
16.492312 1.65108244
16.591068 1.65106651
16.689825 1.65104864
16.788581 1.65102852
16.887338 1.65100589
16.986094 1.65098040
17.084850 1.65095171
17.183607 1.65091935
17.282363 1.65088290
17.381119 1.65084179
17.479876 1.65079545
17.578632 1.65074318
17.677388 1.65068427
17.776145 1.65061782
17.874901 1.65054292
17.973658 1.65045847
18.072414 1.65036331
18.171170 1.65025606
18.269927 1.65013525
18.368683 1.64999918
18.467439 1.64984598
18.566196 1.64967353
18.664952 1.64947951
18.763708 1.64926126
18.862465 1.64901590
18.961221 1.64874012
19.059977 1.64843032
19.158734 1.64808241
19.257490 1.64769193
19.356247 1.64725381
19.455003 1.64676252
19.553759 1.64621182
19.652516 1.64559487
19.751272 1.64490400
19.850028 1.64413077
19.948785 1.64326576
20.047541 1.64229861
20.146297 1.64121777
20.245054 1.64001052
20.343810 1.63866274
20.442567 1.63715889
20.541323 1.63548173
20.640079 1.63361229
20.738836 1.63152957
20.837592 1.62921048
20.936348 1.62662950
21.035105 1.62375859
21.133861 1.62056679
21.232617 1.61702012
21.331374 1.61308112
21.430130 1.60870866
21.528886 1.60385749
21.627643 1.59847790
21.726399 1.59251521
21.825156 1.58590931
21.923912 1.57859402
22.022668 1.57049640
22.121425 1.56153584
22.220181 1.55162308
22.318937 1.54065878
22.417694 1.52853197
22.516450 1.51511770
22.615206 1.50027438
22.713963 1.48383986
22.812719 1.46562672
22.911476 1.44541527
23.010232 1.42294503
23.108988 1.39790207
23.207745 1.36990317
23.306501 1.33847230
23.405257 1.30301079
23.504014 1.26275290
23.602770 1.21670878
23.701526 1.16357969
23.800283 1.10164791
23.899039 1.02861386
23.997795 0.94138262
24.096552 0.83575255
24.195308 0.70600154
24.294065 0.54431423
24.392821 0.33996193
24.491577 0.07836148
24.590334 -0.26044219
24.689090 -0.70171538
24.787846 -1.26345704
24.886603 -1.88746861
24.985359 -2.33233005
25.084115 -2.37569249
25.182872 -2.17293698
25.281628 -2.04027702
25.380385 -2.12872518
25.479141 -2.49110429
25.577897 -3.18113180
25.676654 -4.27080502
25.775410 -5.81212395
25.874166 -7.72322577
25.972923 -9.60429568
26.071679 -10.75234351
26.170435 -10.70965942
26.269192 -9.81858826
26.367948 -8.92737202
26.466704 -8.69196204
26.565461 -9.28156416
26.664217 -10.35783954
26.762974 -11.13743819
26.861730 -10.84679150
26.960486 -9.40939971
27.059243 -7.45143670
27.157999 -5.62889190
27.256755 -4.23950503
27.355512 -3.32211072
27.454268 -2.83169398
27.553024 -2.72551081
27.651781 -2.99331674
27.750537 -3.66177724
27.849294 -4.78215307
27.948050 -6.38196951
28.046806 -8.33821869
28.145563 -10.19548868
28.244319 -11.23185114
28.343075 -11.05565254
28.441832 -10.09652601
28.540588 -9.21659158
28.639344 -9.02759453
28.738101 -9.64725035
28.836857 -10.68520769
28.935613 -11.33013391
29.034370 -10.85979490
29.133126 -9.29549097
29.231883 -7.30185455
29.330639 -5.50206607
29.429395 -4.15416518
29.528152 -3.27922482
29.626908 -2.82892602
29.725664 -2.76245555
29.824421 -3.07301729
29.923177 -3.79029048
30.021933 -4.96564225
30.120690 -6.61762178
30.219446 -8.59374286
30.318203 -10.39534102
30.416959 -11.29975483
30.515715 -10.99530622
30.614472 -9.99466191
30.713228 -9.16181029
30.811984 -9.05776978
30.910741 -9.74484252
31.009497 -10.77747114
31.108253 -11.31943764
31.207010 -10.70629739
31.305766 -9.05405260
31.404522 -7.05610043
31.503279 -5.29950494
31.602035 -4.00535028
31.700792 -3.17979654
31.799548 -2.77272012
31.898304 -2.74606583
31.997061 -3.09697224
32.095817 -3.85827915
32.194573 -5.08110177
32.293330 -6.77362971
32.392086 -8.75174752
32.490842 -10.47522461
32.589599 -11.23015001
32.688355 -10.79123051
32.787112 -9.74694593
32.885868 -8.95333295
32.984624 -8.91763292
33.083381 -9.64559607
33.182137 -10.63608374
33.280893 -11.03427327
33.379650 -10.24171567
33.478406 -8.46635791
33.577162 -6.42237758
33.675919 -4.66111437
33.774675 -3.37454483
33.873431 -2.56316956
33.972188 -2.18299381
34.070944 -2.20349484
34.169701 -2.62575108
34.268457 -3.48109696
34.367213 -4.81285550
34.465970 -6.61032230
34.564726 -8.65032291
34.663482 -10.35015902
34.762239 -11.01282995
34.860995 -10.50448079
34.959751 -9.48284238
35.058508 -8.78927691
35.157264 -8.87713246
35.256021 -9.69659801
35.354777 -10.69296713
35.453533 -11.00149565
35.552290 -10.09838679
35.651046 -8.27950415
35.749802 -6.26946311
35.848559 -4.57723932
35.947315 -3.35869793
36.046071 -2.59687968
36.144828 -2.24032340
36.243584 -2.25662656
36.342340 -2.64992248
36.441097 -3.45770330
36.539853 -4.72756289
36.638610 -6.44087028
36.737366 -8.34299086
36.836122 -9.81764158
36.934879 -10.19728919
37.033635 -9.44361819
37.132391 -8.27392956
37.231148 -7.50538795
37.329904 -7.53377336
37.428660 -8.25043264
37.527417 -9.04574786
37.626173 -9.05022018
37.724929 -7.81724874
37.823686 -5.72069682
37.922442 -3.48584263
38.021199 -1.58421751
38.119955 -0.15323459
38.218711 0.81973684
38.317468 1.37924990
38.416224 1.56905449
38.514980 1.44422929
38.613737 1.15784888
38.712493 1.04353003
38.811249 1.33486616
38.910006 1.85702775
39.008762 2.35511881
39.107519 2.75072595
39.206275 3.05459602
39.305031 3.28750390
39.403788 3.46558557
39.502544 3.60093075
39.601300 3.70217786
39.700057 3.77530997
39.798813 3.82407065
39.897569 3.85082552
39.996326 3.85855955
40.095082 3.86069391
40.193838 3.86067425
40.292595 3.85713425
40.391351 3.84982782
40.490108 3.83877755
40.588864 3.82400034
40.687620 3.80550158
40.786377 3.78328147
40.885133 3.75733342
40.983889 3.72765173
41.082646 3.69421044
41.181402 3.65695164
41.280158 3.61580289
41.378915 3.57077861
41.477671 3.52220933
41.576428 3.47133480
41.675184 3.42104714
41.773940 3.37641453
41.872697 3.34429932
41.971453 3.33155220
42.070209 3.34233578
42.168966 3.37616137
42.267722 3.42802486
42.366478 3.49051164
42.465235 3.55634938
42.563991 3.61992284
42.662747 3.67736287
42.761504 3.72580149
42.860260 3.76242205
42.959017 3.78360891
43.057773 3.78436820
43.156529 3.75742273
43.255286 3.69287598
43.354042 3.58019955
43.452798 3.41689254
43.551555 3.22939672
43.650311 3.08558907
43.749067 3.05794270
43.847824 3.15623910
43.946580 3.31718372
44.045337 3.46510282
44.144093 3.55932429
44.242849 3.59150321
44.341606 3.56571726
44.440362 3.48681057
44.539118 3.35876659
44.637875 3.18933120
44.736631 3.00270368
44.835387 2.85148139
44.934144 2.79306187
45.032900 2.83139032
45.131656 2.90035241
45.230413 2.91483284
45.329169 2.81739054
45.427926 2.59408870
45.526682 2.29989799
45.625438 2.07473497
45.724195 2.06841208
45.822951 2.30617023
45.921707 2.66780231
46.020464 3.00902456
46.119220 3.25554795
46.217976 3.39688474
46.316733 3.44588579
46.415489 3.41464734
46.514246 3.30895612
46.613002 3.12874959
46.711758 2.87154178
46.810515 2.54511592
46.909271 2.19604326
47.008027 1.92898498
47.106784 1.85054621
47.205540 1.96806440
47.304296 2.20261270
47.403053 2.48100637
47.501809 2.74001304
47.600565 2.94547225
47.699322 3.13350070
47.798078 3.33818087
47.896835 3.53370592
47.995591 3.69189571
48.094347 3.81177338
48.193104 3.90197396
48.291860 3.97041219
48.390616 4.02285522
48.489373 4.06319073
48.588129 4.09400590
48.686885 4.11690000
48.785642 4.13291886
48.884398 4.14248974
48.983155 4.14750230
49.081911 4.15132661
49.180667 4.15490283
49.279424 4.15839524
49.378180 4.16184806
49.476936 4.16527900
49.575693 4.16869689
49.674449 4.17210662
49.773205 4.17551109
49.871962 4.17891210
49.970718 4.18231077
50.069474 4.18570786
50.168231 4.18910384
50.266987 4.19249906
50.365744 4.19589374
50.464500 4.19928803
50.563256 4.20268205
50.662013 4.20607587
50.760769 4.20946826
50.859525 4.21284698
50.958282 4.21621078
51.057038 4.21955967
51.155794 4.22289368
51.254551 4.22621282
51.353307 4.22951709
51.452064 4.23280649
51.550820 4.23608105
51.649576 4.23934075
51.748333 4.24258560
51.847089 4.24581561
51.945845 4.24903077
52.044602 4.25223109
52.143358 4.25541657
52.242114 4.25858720
52.340871 4.26174299
52.439627 4.26488394
52.538383 4.26801004
52.637140 4.27112131
52.735896 4.27421774
52.834653 4.27729932
52.933409 4.28036607
53.032165 4.28341797
53.130922 4.28645504
53.229678 4.28947726
53.328434 4.29248465
53.427191 4.29547720
53.525947 4.29845490
53.624703 4.30141777
53.723460 4.30436579
53.822216 4.30729898
53.920973 4.31021733
54.019729 4.31312083
54.118485 4.31600950
54.217242 4.31888333
54.315998 4.32174232
54.414754 4.32458647
54.513511 4.32741577
54.612267 4.33023024
54.711023 4.33302987
54.809780 4.33581466
54.908536 4.33858461
55.007292 4.34133972
55.106049 4.34408000
55.204805 4.34680543
55.303562 4.34951602
55.402318 4.35221177
55.501074 4.35489268
55.599831 4.35755876
55.698587 4.36020999
55.797343 4.36284638
55.896100 4.36546794
55.994856 4.36807465
56.093612 4.37066652
56.192369 4.37324356
56.291125 4.37580575
56.389882 4.37835311
56.488638 4.38088563
56.587394 4.38340330
56.686151 4.38590614
56.784907 4.38839414
56.883663 4.39086729
56.982420 4.39332561
57.081176 4.39576909
57.179932 4.39819773
57.278689 4.40061152
57.377445 4.40301048
57.476201 4.40539460
57.574958 4.40776388
57.673714 4.41011832
57.772471 4.41245792
57.871227 4.41478268
57.969983 4.41709260
58.068740 4.41938768
58.167496 4.42166793
58.266252 4.42393333
58.365009 4.42618389
58.463765 4.42841961
58.562521 4.43064049
58.661278 4.43284654
58.760034 4.43503774
58.858791 4.43721410
58.957547 4.43937563
59.056303 4.44152231
59.155060 4.44365416
59.253816 4.44577116
59.352572 4.44787332
59.451329 4.44996065
59.550085 4.45203314
59.648841 4.45409078
59.747598 4.45613359
59.846354 4.45816155
59.945110 4.46017468
60.043867 4.46217297
60.142623 4.46415641
60.241380 4.46612502
60.340136 4.46807879
60.438892 4.47001772
60.537649 4.47194181
60.636405 4.47385105
60.735161 4.47574546
60.833918 4.47762503
60.932674 4.47948976
61.031430 4.48133965
61.130187 4.48317470
61.228943 4.48499491
61.327700 4.48680028
61.426456 4.48859081
61.525212 4.49036651
61.623969 4.49212736
61.722725 4.49387337
61.821481 4.49560454
61.920238 4.49732087
62.018994 4.49902237
62.117750 4.50070902
62.216507 4.50238083
62.315263 4.50403781
62.414019 4.50567994
62.512776 4.50730724
62.611532 4.50891969
62.710289 4.51051731
62.809045 4.51210008
62.907801 4.51366802
63.006558 4.51522111
63.105314 4.51675937
63.204070 4.51828279
63.302827 4.51979136
63.401583 4.52128510
63.500339 4.52276400
63.599096 4.52422806
63.697852 4.52567728
63.796609 4.52711166
63.895365 4.52853119
63.994121 4.52993589
64.092878 4.53132576
64.191634 4.53270078
64.290390 4.53406096
64.389147 4.53540630
64.487903 4.53673680
64.586659 4.53805246
64.685416 4.53935328
64.784172 4.54063927
64.882928 4.54191041
64.981685 4.54316672
65.080441 4.54440818
65.179198 4.54563480
65.277954 4.54684659
65.376710 4.54804354
65.475467 4.54922564
65.574223 4.55039291
65.672979 4.55154534
65.771736 4.55268292
65.870492 4.55380567
65.969248 4.55491358
66.068005 4.55600665
66.166761 4.55708488
66.265518 4.55814827
66.364274 4.55919682
66.463030 4.56023053
66.561787 4.56124940
66.660543 4.56225343
66.759299 4.56324263
66.858056 4.56421698
66.956812 4.56517649
67.055568 4.56612117
67.154325 4.56705100
67.253081 4.56796600
67.351837 4.56886616
67.450594 4.56975147
67.549350 4.57062195
67.648107 4.57147759
67.746863 4.57231839
67.845619 4.57314435
67.944376 4.57395547
68.043132 4.57475175
68.141888 4.57553319
68.240645 4.57629979
68.339401 4.57705156
68.438157 4.57778848
68.536914 4.57851056
68.635670 4.57921781
68.734427 4.57991021
68.833183 4.58058778
68.931939 4.58125051
69.030696 4.58189839
69.129452 4.58253144
69.228208 4.58314965
69.326965 4.58375302
69.425721 4.58434155
69.524477 4.58491525
69.623234 4.58547410
69.721990 4.58601811
69.820746 4.58654729
69.919503 4.58706162
70.018259 4.58756112
70.117016 4.58804577
70.215772 4.58851559
70.314528 4.58897057
70.413285 4.58941071
70.512041 4.58983601
70.610797 4.59024647
70.709554 4.59064209
70.808310 4.59102287
70.907066 4.59138882
71.005823 4.59173992
71.104579 4.59207619
71.203336 4.59239761
71.302092 4.59270420
71.400848 4.59299595
71.499605 4.59327285
71.598361 4.59353491
71.697117 4.59378342
71.795874 4.59403064
71.894630 4.59427786
71.993386 4.59452509
72.092143 4.59477232
72.190899 4.59501956
72.289655 4.59526679
72.388412 4.59551403
72.487168 4.59576138
72.585925 4.59600850
