0.098756 1.64238614
0.197513 1.64238819
0.296269 1.64238603
0.395025 1.64238580
0.493782 1.64238582
0.592538 1.64238585
0.691295 1.64238588
0.790051 1.64238591
0.888807 1.64238595
0.987564 1.64238599
1.086320 1.64238603
1.185076 1.64238607
1.283833 1.64238612
1.382589 1.64238617
1.481345 1.64238623
1.580102 1.64238629
1.678858 1.64238635
1.777614 1.64238642
1.876371 1.64238650
1.975127 1.64238659
2.073884 1.64238668
2.172640 1.64238677
2.271396 1.64238688
2.370153 1.64238699
2.468909 1.64238711
2.567665 1.64238723
2.666422 1.64238737
2.765178 1.64238751
2.863934 1.64238767
2.962691 1.64238783
3.061447 1.64238800
3.160204 1.64238818
3.258960 1.64238838
3.357716 1.64238858
3.456473 1.64238880
3.555229 1.64238902
3.653985 1.64238927
3.752742 1.64238952
3.851498 1.64238979
3.950254 1.64239006
4.049011 1.64239036
4.147767 1.64239066
4.246523 1.64239099
4.345280 1.64239132
4.444036 1.64239168
4.542793 1.64239204
4.641549 1.64239243
4.740305 1.64239283
4.839062 1.64239325
4.937818 1.64239368
5.036574 1.64239414
5.135331 1.64239461
5.234087 1.64239510
5.332843 1.64239561
5.431600 1.64239615
5.530356 1.64239670
5.629113 1.64239728
5.727869 1.64239787
5.826625 1.64239849
5.925382 1.64239913
6.024138 1.64239979
6.122894 1.64240048
6.221651 1.64240119
6.320407 1.64240193
6.419163 1.64240269
6.517920 1.64240348
6.616676 1.64240430
6.715432 1.64240513
6.814189 1.64240601
6.912945 1.64240690
7.011702 1.64240783
7.110458 1.64240879
7.209214 1.64240978
7.307971 1.64241079
7.406727 1.64241185
7.505483 1.64241292
7.604240 1.64241404
7.702996 1.64241519
7.801752 1.64241637
7.900509 1.64241759
7.999265 1.64241884
8.098022 1.64242013
8.196778 1.64242146
8.295534 1.64242282
8.394291 1.64242423
8.493047 1.64242567
8.591803 1.64242715
8.690560 1.64242867
8.789316 1.64243024
8.888072 1.64243184
8.986829 1.64243350
9.085585 1.64243519
9.184341 1.64243693
9.283098 1.64243871
9.381854 1.64244055
9.480611 1.64244242
9.579367 1.64244435
9.678123 1.64244632
9.776880 1.64244835
9.875636 1.64245042
9.974392 1.64245255
10.073149 1.64245473
10.171905 1.64245697
10.270661 1.64245925
10.369418 1.64246160
10.468174 1.64246399
10.566931 1.64246645
10.665687 1.64246895
10.764443 1.64247153
10.863200 1.64247416
10.961956 1.64247685
11.060712 1.64247960
11.159469 1.64248242
11.258225 1.64248529
11.356981 1.64248823
11.455738 1.64249123
11.554494 1.64249430
11.653250 1.64249743
11.752007 1.64250064
11.850763 1.64250390
11.949520 1.64250724
12.048276 1.64251063
12.147032 1.64251411
12.245789 1.64251765
12.344545 1.64252126
12.443301 1.64252493
12.542058 1.64252869
12.640814 1.64253249
12.739570 1.64253639
12.838327 1.64254033
12.937083 1.64254436
13.035840 1.64254844
13.134596 1.64255259
13.233352 1.64255680
13.332109 1.64256108
13.430865 1.64256541
13.529621 1.64256980
13.628378 1.64257424
13.727134 1.64257873
13.825890 1.64258326
13.924647 1.64258783
14.023403 1.64259242
14.122159 1.64259705
14.220916 1.64260168
14.319672 1.64260632
14.418429 1.64261095
14.517185 1.64261556
14.615941 1.64262012
14.714698 1.64262464
14.813454 1.64262907
14.912210 1.64263342
15.010967 1.64263762
15.109723 1.64264168
15.208479 1.64264553
15.307236 1.64264917
15.405992 1.64265252
15.504749 1.64265555
15.603505 1.64265819
15.702261 1.64266039
15.801018 1.64266205
15.899774 1.64266311
15.998530 1.64266346
16.097287 1.64266301
16.196043 1.64266161
16.294799 1.64265915
16.393556 1.64265544
16.492312 1.64265035
16.591068 1.64264363
16.689825 1.64263510
16.788581 1.64262447
16.887338 1.64261147
16.986094 1.64259577
17.084850 1.64257702
17.183607 1.64255478
17.282363 1.64252863
17.381119 1.64249800
17.479876 1.64246236
17.578632 1.64242100
17.677388 1.64237322
17.776145 1.64231816
17.874901 1.64225493
17.973658 1.64218244
18.072414 1.64209956
18.171170 1.64200494
18.269927 1.64189715
18.368683 1.64177451
18.467439 1.64163523
18.566196 1.64147721
18.664952 1.64129819
18.763708 1.64109558
18.862465 1.64086655
18.961221 1.64060791
19.059977 1.64031610
19.158734 1.63998718
19.257490 1.63961675
19.356247 1.63919992
19.455003 1.63873125
19.553759 1.63820470
19.652516 1.63761356
19.751272 1.63695040
19.850028 1.63620696
19.948785 1.63537410
20.047541 1.63444167
20.146297 1.63339848
20.245054 1.63223209
20.343810 1.63092878
20.442567 1.62947337
20.541323 1.62784911
20.640079 1.62603745
20.738836 1.62401799
20.837592 1.62176815
20.936348 1.61926312
21.035105 1.61647545
21.133861 1.61337504
21.232617 1.60992861
21.331374 1.60609966
21.430130 1.60184789
21.528886 1.59712915
21.627643 1.59189466
21.726399 1.58609097
21.825156 1.57965897
21.923912 1.57253382
22.022668 1.56464362
22.121425 1.55590917
22.220181 1.54624223
22.318937 1.53554485
22.417694 1.52370695
22.516450 1.51060484
22.615206 1.49609759
22.713963 1.48002404
22.812719 1.46219696
22.911476 1.44239717
23.010232 1.42036370
23.108988 1.39578238
23.207745 1.36826846
23.306501 1.33734453
23.405257 1.30240887
23.504014 1.26269262
23.602770 1.21720077
23.701526 1.16462892
23.800283 1.10325116
23.899039 1.03075866
23.997795 0.94404419
24.096552 0.83889197
24.195308 0.70956207
24.294065 0.54821869
24.392821 0.34410875
24.491577 0.08262168
24.590334 -0.25622838
24.689090 -0.69774083
24.787846 -1.25994806
24.886603 -1.88468389
24.985359 -2.33055281
25.084115 -2.37162326
25.182872 -2.16689341
25.281628 -2.03261179
25.380385 -2.11985277
25.479141 -2.48146194
25.577897 -3.17111999
25.676654 -4.26074659
25.775410 -5.80224922
25.874166 -7.71368539
25.972923 -9.59520235
26.071679 -10.74380781
26.170435 -10.70176988
26.269192 -9.81135373
26.367948 -8.92068302
26.466704 -8.68559488
26.565461 -9.27519631
26.664217 -10.35107252
26.762974 -11.12983050
26.861730 -10.83791953
26.960486 -9.39893875
27.059243 -7.43921856
27.157999 -5.61489451
27.256755 -4.22381585
27.355512 -3.30491619
27.454268 -2.81328758
27.553024 -2.70629429
27.651781 -2.97378195
27.750537 -3.64245782
27.849294 -4.76355547
27.948050 -6.36450487
28.046806 -8.32215956
28.145563 -10.18095207
28.244319 -11.21878553
28.343075 -11.04383523
28.441832 -10.08558613
28.540588 -9.20605209
28.639344 -9.01691689
28.738101 -9.63587826
28.836857 -10.67261238
28.935613 -11.31586707
29.034370 -10.84353619
29.133126 -9.27706812
29.231883 -7.28123106
29.330639 -5.47931615
29.429395 -4.12945098
29.528152 -3.25279681
29.626908 -2.80113876
29.725664 -2.73377229
29.824421 -3.04398709
29.923177 -3.76149432
30.021933 -4.93762082
30.120690 -6.59080806
30.219446 -8.56842139
30.318203 -10.37163376
30.416959 -11.27761617
30.515715 -10.97454957
30.614472 -9.97502145
30.713228 -9.14302230
30.811984 -9.03965726
30.910741 -9.72738679
31.009497 -10.76087543
31.108253 -11.30415420
31.207010 -10.69295710
31.305766 -9.04328539
31.404522 -7.04835368
31.503279 -5.29500464
31.602035 -4.00417743
31.700792 -3.18199494
31.799548 -2.77843227
31.898304 -2.75566857
31.997061 -3.11116974
32.095817 -3.87815260
32.194573 -5.10810072
32.293330 -6.80951205
32.392086 -8.79852513
32.490842 -10.53514179
32.589599 -11.30568374
32.688355 -10.88501790
32.787112 -9.86163869
32.885868 -9.09165692
32.984624 -9.08266924
33.083381 -9.84105497
33.182137 -10.86652041
33.280893 -11.30515013
33.379650 -10.55910722
33.478406 -8.83614080
33.577162 -6.84890679
33.675919 -5.14546136
33.774675 -3.91241383
33.873431 -3.14323175
33.972188 -2.78700015
34.070944 -2.80898021
34.169701 -3.21062861
34.268457 -4.02811115
34.367213 -5.31191955
34.465970 -7.05823142
34.564726 -9.04884842
34.663482 -10.70386894
34.762239 -11.32739676
34.860995 -10.78551199
34.959751 -9.73517853
35.058508 -9.01691692
35.157264 -9.08355211
35.256021 -9.88509901
35.354777 -10.86705940
35.453533 -11.16511530
35.552290 -10.25565272
35.651046 -8.43413474
35.749802 -6.42435700
35.848559 -4.73452315
35.947315 -3.51997349
36.046071 -2.76339975
36.144828 -2.41312616
36.243584 -2.43663702
36.342340 -2.83799601
36.441097 -3.65461507
36.539853 -4.93394457
36.638610 -6.65707464
36.737366 -8.56891895
36.836122 -10.05265292
36.934879 -10.44029930
37.033635 -9.69351377
37.132391 -8.53013917
37.231148 -7.76845426
37.329904 -7.80589614
37.428660 -8.53585319
37.527417 -9.35111402
37.626173 -9.38436894
37.724929 -8.18948493
37.823686 -6.13830411
37.922442 -3.95256275
38.021199 -2.10045448
38.119955 -0.71712488
38.218711 0.21145775
38.317468 0.73037848
38.416224 0.88304388
38.514980 0.72385855
38.613737 0.40519681
38.712493 0.25991686
38.811249 0.52109393
38.910006 1.01361624
39.008762 1.48268919
39.107519 1.85014258
39.206275 2.12727001
39.305031 2.33568350
39.403788 2.49209033
39.502544 2.60876662
39.601300 2.69435612
39.700057 2.75487006
39.798813 2.79415235
39.897569 2.81467709
39.996326 2.81931442
40.095082 2.81967169
40.193838 2.81945555
40.292595 2.81910791
40.391351 2.81871144
40.490108 2.81829145
40.588864 2.81785831
40.687620 2.81741706
40.786377 2.81697045
40.885133 2.81652014
40.983889 2.81606720
41.082646 2.81561234
41.181402 2.81515606
41.280158 2.81469868
41.378915 2.81424047
41.477671 2.81378165
41.576428 2.81332254
41.675184 2.81286375
41.773940 2.81240668
41.872697 2.81195485
41.971453 2.81151860
42.070209 2.81113682
42.168966 2.81098802
42.267722 2.81176264
42.366478 2.81342672
42.465235 2.81553879
42.563991 2.81738901
42.662747 2.81789703
42.761504 2.81544554
42.860260 2.80761991
42.959017 2.79083811
43.057773 2.75988223
43.156529 2.70702698
43.255286 2.62166660
43.354042 2.49241763
43.452798 2.31581107
43.551555 2.11743554
43.650311 1.96464533
43.749067 1.92965990
43.847824 2.02206354
43.946580 2.17824368
44.045337 2.32213174
44.144093 2.41270558
44.242849 2.44130329
44.341606 2.41169451
44.440362 2.32845035
44.539118 2.19536121
44.637875 2.02009516
44.736631 1.82693801
44.835387 1.66876157
44.934144 1.60333578
45.032900 1.63496822
45.131656 1.69781116
45.230413 1.70685507
45.329169 1.60458905
45.427926 1.37684784
45.526682 1.07828573
45.625438 0.84848302
45.724195 0.83702027
45.822951 1.06917317
45.921707 1.42495596
46.020464 1.76029013
46.119220 2.00098669
46.217976 2.13654925
46.316733 2.17977401
46.415489 2.14270915
46.514246 2.03110371
46.613002 1.84487373
46.711758 1.58154738
46.810515 1.24896921
46.909271 0.89382251
47.008027 0.62093030
47.106784 0.53702690
47.205540 0.64944587
47.304296 0.87914000
47.403053 1.15275424
47.501809 1.40688966
47.600565 1.60725226
47.699322 1.78986045
47.798078 1.98874652
47.896835 2.17810902
47.995591 2.32981848
48.094347 2.44297598
48.193104 2.52631383
48.291860 2.58785186
48.390616 2.63346577
48.489373 2.66715924
48.588129 2.69164322
48.686885 2.70865312
48.785642 2.71934305
48.884398 2.72424168
48.983155 2.72510350
49.081911 2.72494632
49.180667 2.72459346
49.279424 2.72418266
49.378180 2.72374787
49.476936 2.72330125
49.575693 2.72284826
49.674449 2.72239163
49.773205 2.72193285
49.871962 2.72147273
49.970718 2.72101179
50.069474 2.72055031
50.168231 2.72008850
50.266987 2.71962645
50.365744 2.71916427
50.464500 2.71870198
50.563256 2.71823962
50.662013 2.71777723
50.760769 2.71731511
50.859525 2.71685633
50.958282 2.71640120
51.057038 2.71594971
51.155794 2.71550189
51.254551 2.71505773
51.353307 2.71461722
51.452064 2.71418037
51.550820 2.71374719
51.649576 2.71331766
51.748333 2.71289180
51.847089 2.71246960
51.945845 2.71205106
52.044602 2.71163619
52.143358 2.71122497
52.242114 2.71081742
52.340871 2.71041353
52.439627 2.71001330
52.538383 2.70961674
52.637140 2.70922384
52.735896 2.70883460
52.834653 2.70844902
52.933409 2.70806710
53.032165 2.70768885
53.130922 2.70731425
53.229678 2.70694332
53.328434 2.70657606
53.427191 2.70621245
53.525947 2.70585251
53.624703 2.70549623
53.723460 2.70514361
53.822216 2.70479466
53.920973 2.70444936
54.019729 2.70410773
54.118485 2.70376977
54.217242 2.70343546
54.315998 2.70310482
54.414754 2.70277784
54.513511 2.70245452
54.612267 2.70213486
54.711023 2.70181887
54.809780 2.70150654
54.908536 2.70119787
55.007292 2.70089287
55.106049 2.70059152
55.204805 2.70029384
55.303562 2.69999983
55.402318 2.69970947
55.501074 2.69942278
55.599831 2.69913975
55.698587 2.69886038
55.797343 2.69858468
55.896100 2.69831264
55.994856 2.69804426
56.093612 2.69777954
56.192369 2.69751849
56.291125 2.69726110
56.389882 2.69700737
56.488638 2.69675731
56.587394 2.69651091
56.686151 2.69626817
56.784907 2.69602909
56.883663 2.69579368
56.982420 2.69556192
57.081176 2.69533384
57.179932 2.69510941
57.278689 2.69488865
57.377445 2.69467155
57.476201 2.69445811
57.574958 2.69424834
57.673714 2.69404223
57.772471 2.69383978
57.871227 2.69364099
57.969983 2.69344587
58.068740 2.69325441
58.167496 2.69306662
58.266252 2.69288248
58.365009 2.69270201
58.463765 2.69252520
58.562521 2.69235206
58.661278 2.69218258
58.760034 2.69201676
58.858791 2.69185460
58.957547 2.69169611
59.056303 2.69154128
59.155060 2.69139011
59.253816 2.69124260
59.352572 2.69109876
59.451329 2.69095858
59.550085 2.69082207
59.648841 2.69068922
59.747598 2.69056003
59.846354 2.69043450
59.945110 2.69031264
60.043867 2.69019444
60.142623 2.69007990
60.241380 2.68996902
60.340136 2.68986181
60.438892 2.68975826
60.537649 2.68965838
60.636405 2.68956215
60.735161 2.68946959
60.833918 2.68938070
60.932674 2.68929546
61.031430 2.68921389
61.130187 2.68913598
61.228943 2.68906174
61.327700 2.68899116
61.426456 2.68892424
61.525212 2.68886098
61.623969 2.68880139
61.722725 2.68874546
61.821481 2.68869319
61.920238 2.68864459
62.018994 2.68859965
62.117750 2.68855837
62.216507 2.68852075
62.315263 2.68848680
62.414019 2.68845651
62.512776 2.68842988
62.611532 2.68840692
62.710289 2.68838762
62.809045 2.68837198
62.907801 2.68836001
63.006558 2.68835170
63.105314 2.68834705
63.204070 2.68834606
63.302827 2.68834874
63.401583 2.68835508
63.500339 2.68836508
63.599096 2.68837875
63.697852 2.68839608
63.796609 2.68841707
63.895365 2.68844172
63.994121 2.68847004
64.092878 2.68850202
64.191634 2.68853766
64.290390 2.68857697
64.389147 2.68861994
64.487903 2.68866657
64.586659 2.68871687
64.685416 2.68877083
64.784172 2.68882845
64.882928 2.68888973
64.981685 2.68895468
65.080441 2.68902329
65.179198 2.68909556
65.277954 2.68917149
65.376710 2.68925109
65.475467 2.68933435
65.574223 2.68942128
65.672979 2.68951186
65.771736 2.68960611
65.870492 2.68970402
65.969248 2.68980560
66.068005 2.68991084
66.166761 2.69001974
66.265518 2.69013230
66.364274 2.69024852
66.463030 2.69036841
66.561787 2.69049197
66.660543 2.69061918
66.759299 2.69075006
66.858056 2.69088460
66.956812 2.69102280
67.055568 2.69116466
67.154325 2.69131019
67.253081 2.69145938
67.351837 2.69161224
67.450594 2.69176875
67.549350 2.69192893
67.648107 2.69209277
67.746863 2.69226028
67.845619 2.69243144
67.944376 2.69260627
68.043132 2.69278476
68.141888 2.69296692
68.240645 2.69315274
68.339401 2.69334222
68.438157 2.69353536
68.536914 2.69373216
68.635670 2.69393263
68.734427 2.69413676
68.833183 2.69434456
68.931939 2.69455601
69.030696 2.69477113
69.129452 2.69498991
69.228208 2.69521235
69.326965 2.69543846
69.425721 2.69566823
69.524477 2.69590166
69.623234 2.69613875
69.721990 2.69637951
69.820746 2.69662393
69.919503 2.69687201
70.018259 2.69712375
70.117016 2.69737916
70.215772 2.69763823
70.314528 2.69790096
70.413285 2.69816735
70.512041 2.69843741
70.610797 2.69871112
70.709554 2.69898850
70.808310 2.69926955
70.907066 2.69955425
71.005823 2.69984262
71.104579 2.70013465
71.203336 2.70043034
71.302092 2.70072970
71.400848 2.70103271
71.499605 2.70133940
71.598361 2.70164974
71.697117 2.70196343
71.795874 2.70227744
71.894630 2.70259144
71.993386 2.70290545
72.092143 2.70321945
72.190899 2.70353346
72.289655 2.70384746
72.388412 2.70416149
72.487168 2.70447572
72.585925 2.70478952
