0.098756 1.65311017
0.197513 1.65311145
0.296269 1.65311016
0.395025 1.65311003
0.493782 1.65311006
0.592538 1.65311009
0.691295 1.65311011
0.790051 1.65311013
0.888807 1.65311015
0.987564 1.65311015
1.086320 1.65311016
1.185076 1.65311015
1.283833 1.65311014
1.382589 1.65311012
1.481345 1.65311009
1.580102 1.65311006
1.678858 1.65311001
1.777614 1.65310995
1.876371 1.65310988
1.975127 1.65310980
2.073884 1.65310971
2.172640 1.65310960
2.271396 1.65310948
2.370153 1.65310934
2.468909 1.65310919
2.567665 1.65310903
2.666422 1.65310885
2.765178 1.65310865
2.863934 1.65310844
2.962691 1.65310820
3.061447 1.65310795
3.160204 1.65310768
3.258960 1.65310739
3.357716 1.65310708
3.456473 1.65310675
3.555229 1.65310640
3.653985 1.65310603
3.752742 1.65310563
3.851498 1.65310521
3.950254 1.65310476
4.049011 1.65310430
4.147767 1.65310380
4.246523 1.65310329
4.345280 1.65310274
4.444036 1.65310217
4.542793 1.65310157
4.641549 1.65310095
4.740305 1.65310029
4.839062 1.65309962
4.937818 1.65309890
5.036574 1.65309816
5.135331 1.65309739
5.234087 1.65309659
5.332843 1.65309575
5.431600 1.65309489
5.530356 1.65309399
5.629113 1.65309306
5.727869 1.65309209
5.826625 1.65309110
5.925382 1.65309006
6.024138 1.65308899
6.122894 1.65308789
6.221651 1.65308675
6.320407 1.65308557
6.419163 1.65308436
6.517920 1.65308311
6.616676 1.65308182
6.715432 1.65308049
6.814189 1.65307912
6.912945 1.65307771
7.011702 1.65307627
7.110458 1.65307478
7.209214 1.65307325
7.307971 1.65307168
7.406727 1.65307007
7.505483 1.65306841
7.604240 1.65306672
7.702996 1.65306498
7.801752 1.65306319
7.900509 1.65306136
7.999265 1.65305949
8.098022 1.65305757
8.196778 1.65305561
8.295534 1.65305359
8.394291 1.65305154
8.493047 1.65304943
8.591803 1.65304728
8.690560 1.65304507
8.789316 1.65304283
8.888072 1.65304053
8.986829 1.65303818
9.085585 1.65303578
9.184341 1.65303334
9.283098 1.65303084
9.381854 1.65302829
9.480611 1.65302568
9.579367 1.65302303
9.678123 1.65302033
9.776880 1.65301757
9.875636 1.65301475
9.974392 1.65301189
10.073149 1.65300897
10.171905 1.65300600
10.270661 1.65300296
10.369418 1.65299988
10.468174 1.65299673
10.566931 1.65299353
10.665687 1.65299027
10.764443 1.65298696
10.863200 1.65298358
10.961956 1.65298015
11.060712 1.65297666
11.159469 1.65297311
11.258225 1.65296949
11.356981 1.65296581
11.455738 1.65296207
11.554494 1.65295827
11.653250 1.65295441
11.752007 1.65295048
11.850763 1.65294648
11.949520 1.65294242
12.048276 1.65293829
12.147032 1.65293409
12.245789 1.65292982
12.344545 1.65292549
12.443301 1.65292107
12.542058 1.65291659
12.640814 1.65291203
12.739570 1.65290739
12.838327 1.65290267
12.937083 1.65289786
13.035840 1.65289298
13.134596 1.65288800
13.233352 1.65288294
13.332109 1.65287778
13.430865 1.65287252
13.529621 1.65286716
13.628378 1.65286168
13.727134 1.65285610
13.825890 1.65285039
13.924647 1.65284456
14.023403 1.65283859
14.122159 1.65283247
14.220916 1.65282620
14.319672 1.65281976
14.418429 1.65281314
14.517185 1.65280632
14.615941 1.65279929
14.714698 1.65279202
14.813454 1.65278450
14.912210 1.65277669
15.010967 1.65276859
15.109723 1.65276013
15.208479 1.65275131
15.307236 1.65274206
15.405992 1.65273235
15.504749 1.65272212
15.603505 1.65271133
15.702261 1.65269988
15.801018 1.65268773
15.899774 1.65267476
15.998530 1.65266090
16.097287 1.65264603
16.196043 1.65263003
16.294799 1.65261274
16.393556 1.65259404
16.492312 1.65257372
16.591068 1.65255160
16.689825 1.65252743
16.788581 1.65250098
16.887338 1.65247194
16.986094 1.65244001
17.084850 1.65240478
17.183607 1.65236589
17.282363 1.65232283
17.381119 1.65227511
17.479876 1.65222211
17.578632 1.65216320
17.677388 1.65209761
17.776145 1.65202454
17.874901 1.65194300
17.973658 1.65185199
18.072414 1.65175029
18.171170 1.65163662
18.269927 1.65150946
18.368683 1.65136718
18.467439 1.65120789
18.566196 1.65102957
18.664952 1.65082985
18.763708 1.65060619
18.862465 1.65035566
18.961221 1.65007507
19.059977 1.64976080
19.158734 1.64940889
19.257490 1.64901483
19.356247 1.64857372
19.455003 1.64807999
19.553759 1.64752758
19.652516 1.64690962
19.751272 1.64621861
19.850028 1.64544613
19.948785 1.64458292
20.047541 1.64361864
20.146297 1.64254193
20.245054 1.64134011
20.343810 1.63999927
20.442567 1.63850390
20.541323 1.63683698
20.640079 1.63497960
20.738836 1.63291097
20.837592 1.63060810
20.936348 1.62804567
21.035105 1.62519573
21.133861 1.62202753
21.232617 1.61850718
21.331374 1.61459741
21.430130 1.61025717
21.528886 1.60544134
21.627643 1.60010028
21.726399 1.59417938
21.825156 1.58761854
21.923912 1.58035153
22.022668 1.57230535
22.121425 1.56339919
22.220181 1.55354359
22.318937 1.54263884
22.417694 1.53057351
22.516450 1.51722203
22.615206 1.50244211
22.713963 1.48607062
22.812719 1.46791902
22.911476 1.44776619
23.010232 1.42535007
23.108988 1.40035467
23.207745 1.37239451
23.306501 1.34099073
23.405257 1.30554146
23.504014 1.26527704
23.602770 1.21920320
23.701526 1.16601575
23.800283 1.10399078
23.899039 1.03082107
23.997795 0.94340305
24.096552 0.83752435
24.195308 0.70745063
24.294065 0.54535147
24.392821 0.34048116
24.491577 0.07823601
24.590334 -0.26136168
24.689090 -0.70360452
24.787846 -1.26651795
24.886603 -1.89193133
24.985359 -2.33844509
25.084115 -2.37934493
25.182872 -2.17443778
25.281628 -2.03997988
25.380385 -2.12705694
25.479141 -2.48852169
25.577897 -3.17805079
25.676654 -4.26755394
25.775410 -5.80892522
25.874166 -7.72021080
25.972923 -9.60155449
26.071679 -10.74996700
26.170435 -10.70772819
26.269192 -9.81712541
26.367948 -8.92630854
26.466704 -8.69113199
26.565461 -9.28071045
26.664217 -10.35662366
26.762974 -11.13546351
26.861730 -10.84365329
26.960486 -9.40476498
27.059243 -7.44510272
27.157999 -5.62077858
27.256755 -4.22961973
27.355512 -3.31054777
27.454268 -2.81865629
27.553024 -2.71132511
27.651781 -2.97842287
27.750537 -3.64668118
27.849294 -4.76735442
27.948050 -6.36789336
28.046806 -8.32517937
28.145563 -10.18368514
28.244319 -11.22136336
28.343075 -11.04642507
28.441832 -10.08835358
28.540588 -9.20913263
28.639344 -9.02040620
28.738101 -9.63982749
28.836857 -10.67702343
28.935613 -11.32068998
29.034370 -10.84868078
29.133126 -9.28243479
29.231883 -7.28673831
29.330639 -5.48490083
29.429395 -4.13505764
29.528152 -3.25837700
29.626908 -2.80665615
29.725664 -2.73920803
29.824421 -3.04934169
29.923177 -3.76678256
30.021933 -4.94286181
30.120690 -6.59601714
30.219446 -8.57360933
30.318203 -10.37680893
30.416959 -11.28278168
30.515715 -10.97967849
30.614472 -9.98002278
30.713228 -9.14770617
30.811984 -9.04370796
30.910741 -9.73034379
31.009497 -10.76212091
31.108253 -11.30293296
31.207010 -10.68847760
31.305766 -9.03489334
31.404522 -7.03567518
31.503279 -5.27795072
31.602035 -3.98285726
31.700792 -3.15662882
31.799548 -2.74925222
31.898304 -2.72280146
31.997061 -3.07452874
32.095817 -3.83734094
32.194573 -5.06235331
32.293330 -6.75768704
32.392086 -8.73911274
32.490842 -10.46626545
32.589599 -11.22508127
32.688355 -10.79005227
32.787112 -9.74936002
32.885868 -8.95877354
32.984624 -8.92540768
33.083381 -9.65501415
33.182137 -10.64655131
33.280893 -11.04536828
33.379650 -10.25323547
33.478406 -8.47830067
33.577162 -6.43485661
33.675919 -4.67432156
33.774675 -3.38880065
33.873431 -2.57899906
33.972188 -2.20118661
34.070944 -2.22512210
34.169701 -2.65212247
34.268457 -3.51366263
34.367213 -4.85305930
34.465970 -6.65940979
34.564726 -8.70916342
34.663482 -10.41913726
34.762239 -11.09180679
34.860995 -10.59282687
34.959751 -9.57955460
35.058508 -8.89332275
35.157264 -8.98796326
35.256021 -9.81455170
35.354777 -10.81960458
35.453533 -11.13969006
35.552290 -10.25176505
35.651046 -8.45139185
35.749802 -6.46208533
35.848559 -4.79176557
35.947315 -3.59578072
36.046071 -2.85712388
36.144828 -2.52465068
36.243584 -2.56648066
36.342340 -2.98725862
36.441097 -3.82485283
36.539853 -5.12702190
36.638610 -6.87494952
36.737366 -8.81338789
36.836122 -10.32519219
36.934879 -10.74209210
37.033635 -10.02577819
37.132391 -8.89461850
37.231148 -8.16786641
37.329904 -8.24434466
37.428660 -9.01895473
37.527417 -9.88562242
37.626173 -9.97680802
37.724929 -8.84333525
37.823686 -6.85061397
37.922442 -4.71202885
38.021199 -2.88864707
38.119955 -1.51255683
38.218711 -0.57160243
38.317468 -0.02624570
38.416224 0.16026182
38.514980 0.03688340
38.613737 -0.24732559
38.712493 -0.36097984
38.811249 -0.07131978
38.910006 0.44678875
39.008762 0.93902688
39.107519 1.32770198
39.206275 1.62458015
39.305031 1.85163233
39.403788 2.02547788
39.502544 2.15783223
39.601300 2.25618476
39.700057 2.32549547
39.798813 2.37000733
39.897569 2.39278755
39.996326 2.39810120
40.095082 2.39876595
40.193838 2.39873318
40.292595 2.39851900
40.391351 2.39823181
40.490108 2.39790798
40.588864 2.39756343
40.687620 2.39720619
40.786377 2.39684073
40.885133 2.39646977
40.983889 2.39609502
41.082646 2.39571763
41.181402 2.39533840
41.280158 2.39495790
41.378915 2.39457660
41.477671 2.39419495
41.576428 2.39381351
41.675184 2.39343322
41.773940 2.39305590
41.872697 2.39268563
41.971453 2.39233358
42.070209 2.39204000
42.168966 2.39198687
42.267722 2.39287504
42.366478 2.39466919
42.465235 2.39692342
42.563991 2.39892397
42.662747 2.39958726
42.761504 2.39729323
42.860260 2.38962484
42.959017 2.37299810
43.057773 2.34219345
43.156529 2.28948451
43.255286 2.20426497
43.354042 2.07515142
43.452798 1.89867549
43.551555 1.70042614
43.650311 1.54775704
43.749067 1.51288662
43.847824 1.60539893
43.946580 1.76168268
44.045337 1.90567159
44.144093 1.99634597
44.242849 2.02504616
44.341606 1.99554384
44.440362 1.91241148
44.539118 1.77943996
44.637875 1.60429702
44.736631 1.41126724
44.835387 1.25322036
44.934144 1.18792379
45.032900 1.21968260
45.131656 1.28264710
45.230413 1.29180676
45.329169 1.18965087
45.427926 0.96201558
45.526682 0.66355738
45.625438 0.43385913
45.724195 0.42250326
45.822951 0.65476526
45.921707 1.01065778
46.020464 1.34610095
46.119220 1.58690537
46.217976 1.72257522
46.316733 1.76590763
46.415489 1.72895154
46.514246 1.61745648
46.613002 1.43133872
46.711758 1.16812621
46.810515 0.83566268
46.909271 0.48063006
47.008027 0.20784939
47.106784 0.12405349
47.205540 0.23657590
47.304296 0.46637081
47.403053 0.74008514
47.501809 0.99432199
47.600565 1.19478904
47.699322 1.37750594
47.798078 1.57650562
47.896835 1.76598651
47.995591 1.91781844
48.094347 2.03110136
48.193104 2.11456616
48.291860 2.17623114
48.390616 2.22197034
48.489373 2.25578566
48.588129 2.28038614
48.686885 2.29750503
48.785642 2.30829476
48.884398 2.31328233
48.983155 2.31422445
49.081911 2.31414481
49.180667 2.31386866
49.279424 2.31353420
49.378180 2.31317549
49.476936 2.31280479
49.575693 2.31242761
49.674449 2.31204671
49.773205 2.31166360
49.871962 2.31127913
49.970718 2.31089380
50.069474 2.31050793
50.168231 2.31012170
50.266987 2.30973523
50.365744 2.30934862
50.464500 2.30896191
50.563256 2.30857513
50.662013 2.30818830
50.760769 2.30780173
50.859525 2.30741819
50.958282 2.30703796
51.057038 2.30666105
51.155794 2.30628746
51.254551 2.30591719
51.353307 2.30555025
51.452064 2.30518664
51.550820 2.30482635
51.649576 2.30446939
51.748333 2.30411576
51.847089 2.30376546
51.945845 2.30341848
52.044602 2.30307483
52.143358 2.30273451
52.242114 2.30239752
52.340871 2.30206385
52.439627 2.30173352
52.538383 2.30140651
52.637140 2.30108283
52.735896 2.30076248
52.834653 2.30044545
52.933409 2.30013175
53.032165 2.29982138
53.130922 2.29951434
53.229678 2.29921063
53.328434 2.29891024
53.427191 2.29861319
53.525947 2.29831946
53.624703 2.29802906
53.723460 2.29774198
53.822216 2.29745823
53.920973 2.29717782
54.019729 2.29690072
54.118485 2.29662696
54.217242 2.29635653
54.315998 2.29608942
54.414754 2.29582564
54.513511 2.29556518
54.612267 2.29530806
54.711023 2.29505426
54.809780 2.29480379
54.908536 2.29455665
55.007292 2.29431283
55.106049 2.29407234
55.204805 2.29383518
55.303562 2.29360135
55.402318 2.29337084
55.501074 2.29314367
55.599831 2.29291982
55.698587 2.29269929
55.797343 2.29248210
55.896100 2.29226823
55.994856 2.29205769
56.093612 2.29185047
56.192369 2.29164659
56.291125 2.29144603
56.389882 2.29124879
56.488638 2.29105489
56.587394 2.29086431
56.686151 2.29067706
56.784907 2.29049314
56.883663 2.29031254
56.982420 2.29013527
57.081176 2.28996133
57.179932 2.28979072
57.278689 2.28962343
57.377445 2.28945947
57.476201 2.28929883
57.574958 2.28914153
57.673714 2.28898755
57.772471 2.28883689
57.871227 2.28868957
57.969983 2.28854557
58.068740 2.28840490
58.167496 2.28826755
58.266252 2.28813353
58.365009 2.28800284
58.463765 2.28787548
58.562521 2.28775144
58.661278 2.28763073
58.760034 2.28751335
58.858791 2.28739929
58.957547 2.28728856
59.056303 2.28718116
59.155060 2.28707708
59.253816 2.28697633
59.352572 2.28687891
59.451329 2.28678481
59.550085 2.28669404
59.648841 2.28660660
59.747598 2.28652249
59.846354 2.28644170
59.945110 2.28636423
60.043867 2.28629010
60.142623 2.28621929
60.241380 2.28615181
60.340136 2.28608765
60.438892 2.28602682
60.537649 2.28596932
60.636405 2.28591514
60.735161 2.28586429
60.833918 2.28581677
60.932674 2.28577257
61.031430 2.28573170
61.130187 2.28569415
61.228943 2.28565994
61.327700 2.28562905
61.426456 2.28560148
61.525212 2.28557724
61.623969 2.28555633
61.722725 2.28553875
61.821481 2.28552449
61.920238 2.28551355
62.018994 2.28550595
62.117750 2.28550167
62.216507 2.28550071
62.315263 2.28550309
62.414019 2.28550878
62.512776 2.28551781
62.611532 2.28553016
62.710289 2.28554584
62.809045 2.28556484
62.907801 2.28558717
63.006558 2.28561283
63.105314 2.28564181
63.204070 2.28567412
63.302827 2.28570976
63.401583 2.28574872
63.500339 2.28579100
63.599096 2.28583662
63.697852 2.28588556
63.796609 2.28593782
63.895365 2.28599342
63.994121 2.28605233
64.092878 2.28611458
64.191634 2.28618015
64.290390 2.28624904
64.389147 2.28632127
64.487903 2.28639682
64.586659 2.28647569
64.685416 2.28655789
64.784172 2.28664342
64.882928 2.28673227
64.981685 2.28682445
65.080441 2.28691995
65.179198 2.28701878
65.277954 2.28712094
65.376710 2.28722642
65.475467 2.28733523
65.574223 2.28744736
65.672979 2.28756282
65.771736 2.28768161
65.870492 2.28780372
65.969248 2.28792916
66.068005 2.28805792
66.166761 2.28819001
66.265518 2.28832543
66.364274 2.28846417
66.463030 2.28860624
66.561787 2.28875163
66.660543 2.28890035
66.759299 2.28905239
66.858056 2.28920776
66.956812 2.28936646
67.055568 2.28952848
67.154325 2.28969383
67.253081 2.28986250
67.351837 2.29003450
67.450594 2.29020983
67.549350 2.29038848
67.648107 2.29057045
67.746863 2.29075576
67.845619 2.29094438
67.944376 2.29113634
68.043132 2.29133162
68.141888 2.29153022
68.240645 2.29173215
68.339401 2.29193741
68.438157 2.29214599
68.536914 2.29235790
68.635670 2.29257313
68.734427 2.29279169
68.833183 2.29301357
68.931939 2.29323878
69.030696 2.29346732
69.129452 2.29369918
69.228208 2.29393437
69.326965 2.29417288
69.425721 2.29441472
69.524477 2.29465988
69.623234 2.29490837
69.721990 2.29516018
69.820746 2.29541532
69.919503 2.29567379
70.018259 2.29593558
70.117016 2.29620070
70.215772 2.29646914
70.314528 2.29674091
70.413285 2.29701600
70.512041 2.29729442
70.610797 2.29757616
70.709554 2.29786123
70.808310 2.29814963
70.907066 2.29844135
71.005823 2.29873639
71.104579 2.29903476
71.203336 2.29933646
71.302092 2.29964148
71.400848 2.29994983
71.499605 2.30026150
71.598361 2.30057650
71.697117 2.30089454
71.795874 2.30121286
71.894630 2.30153119
71.993386 2.30184951
72.092143 2.30216784
72.190899 2.30248616
72.289655 2.30280449
72.388412 2.30312284
72.487168 2.30344139
72.585925 2.30375950
