0.098756 1.64972665
0.197513 1.64972906
0.296269 1.64972654
0.395025 1.64972629
0.493782 1.64972632
0.592538 1.64972636
0.691295 1.64972640
0.790051 1.64972643
0.888807 1.64972647
0.987564 1.64972651
1.086320 1.64972654
1.185076 1.64972658
1.283833 1.64972661
1.382589 1.64972664
1.481345 1.64972668
1.580102 1.64972671
1.678858 1.64972674
1.777614 1.64972677
1.876371 1.64972680
1.975127 1.64972682
2.073884 1.64972685
2.172640 1.64972687
2.271396 1.64972689
2.370153 1.64972691
2.468909 1.64972693
2.567665 1.64972695
2.666422 1.64972697
2.765178 1.64972698
2.863934 1.64972699
2.962691 1.64972700
3.061447 1.64972701
3.160204 1.64972702
3.258960 1.64972702
3.357716 1.64972703
3.456473 1.64972703
3.555229 1.64972703
3.653985 1.64972703
3.752742 1.64972702
3.851498 1.64972702
3.950254 1.64972701
4.049011 1.64972700
4.147767 1.64972699
4.246523 1.64972698
4.345280 1.64972696
4.444036 1.64972695
4.542793 1.64972692
4.641549 1.64972691
4.740305 1.64972688
4.839062 1.64972686
4.937818 1.64972683
5.036574 1.64972681
5.135331 1.64972677
5.234087 1.64972675
5.332843 1.64972671
5.431600 1.64972668
5.530356 1.64972664
5.629113 1.64972661
5.727869 1.64972657
5.826625 1.64972653
5.925382 1.64972649
6.024138 1.64972645
6.122894 1.64972640
6.221651 1.64972637
6.320407 1.64972632
6.419163 1.64972628
6.517920 1.64972623
6.616676 1.64972619
6.715432 1.64972614
6.814189 1.64972610
6.912945 1.64972605
7.011702 1.64972601
7.110458 1.64972596
7.209214 1.64972592
7.307971 1.64972587
7.406727 1.64972583
7.505483 1.64972579
7.604240 1.64972575
7.702996 1.64972571
7.801752 1.64972567
7.900509 1.64972563
7.999265 1.64972560
8.098022 1.64972556
8.196778 1.64972554
8.295534 1.64972551
8.394291 1.64972548
8.493047 1.64972546
8.591803 1.64972544
8.690560 1.64972542
8.789316 1.64972541
8.888072 1.64972540
8.986829 1.64972539
9.085585 1.64972539
9.184341 1.64972539
9.283098 1.64972540
9.381854 1.64972541
9.480611 1.64972543
9.579367 1.64972545
9.678123 1.64972548
9.776880 1.64972551
9.875636 1.64972555
9.974392 1.64972560
10.073149 1.64972565
10.171905 1.64972571
10.270661 1.64972578
10.369418 1.64972585
10.468174 1.64972593
10.566931 1.64972602
10.665687 1.64972612
10.764443 1.64972623
10.863200 1.64972634
10.961956 1.64972646
11.060712 1.64972659
11.159469 1.64972673
11.258225 1.64972688
11.356981 1.64972704
11.455738 1.64972720
11.554494 1.64972738
11.653250 1.64972756
11.752007 1.64972776
11.850763 1.64972796
11.949520 1.64972818
12.048276 1.64972840
12.147032 1.64972863
12.245789 1.64972886
12.344545 1.64972911
12.443301 1.64972936
12.542058 1.64972962
12.640814 1.64972988
12.739570 1.64973015
12.838327 1.64973041
12.937083 1.64973069
13.035840 1.64973095
13.134596 1.64973122
13.233352 1.64973148
13.332109 1.64973173
13.430865 1.64973197
13.529621 1.64973220
13.628378 1.64973241
13.727134 1.64973259
13.825890 1.64973274
13.924647 1.64973286
14.023403 1.64973293
14.122159 1.64973295
14.220916 1.64973290
14.319672 1.64973279
14.418429 1.64973258
14.517185 1.64973228
14.615941 1.64973185
14.714698 1.64973129
14.813454 1.64973058
14.912210 1.64972968
15.010967 1.64972857
15.109723 1.64972722
15.208479 1.64972560
15.307236 1.64972366
15.405992 1.64972135
15.504749 1.64971864
15.603505 1.64971544
15.702261 1.64971171
15.801018 1.64970737
15.899774 1.64970232
15.998530 1.64969648
16.097287 1.64968973
16.196043 1.64968195
16.294799 1.64967299
16.393556 1.64966271
16.492312 1.64965092
16.591068 1.64963743
16.689825 1.64962199
16.788581 1.64960436
16.887338 1.64958424
16.986094 1.64956132
17.084850 1.64953521
17.183607 1.64950551
17.282363 1.64947174
17.381119 1.64943339
17.479876 1.64938985
17.578632 1.64934047
17.677388 1.64928449
17.776145 1.64922108
17.874901 1.64914929
17.973658 1.64906806
18.072414 1.64897622
18.171170 1.64887242
18.269927 1.64875519
18.368683 1.64862285
18.467439 1.64847354
18.566196 1.64830518
18.664952 1.64811543
18.763708 1.64790171
18.862465 1.64766110
18.961221 1.64739038
19.059977 1.64708592
19.158734 1.64674372
19.257490 1.64635930
19.356247 1.64592770
19.455003 1.64544337
19.553759 1.64490017
19.652516 1.64429127
19.751272 1.64360911
19.850028 1.64284525
19.948785 1.64199041
20.047541 1.64103425
20.146297 1.63996535
20.245054 1.63877103
20.343810 1.63743735
20.442567 1.63594878
20.541323 1.63428828
20.640079 1.63243693
20.738836 1.63037394
20.837592 1.62807629
20.936348 1.62551868
21.035105 1.62267315
21.133861 1.61950900
21.232617 1.61599234
21.331374 1.61208597
21.430130 1.60774888
21.528886 1.60293607
21.627643 1.59759797
21.726399 1.59168013
21.825156 1.58512259
21.923912 1.57785936
22.022668 1.56981763
22.121425 1.56091695
22.220181 1.55106811
22.318937 1.54017187
22.417694 1.52811717
22.516450 1.51477903
22.615206 1.50001566
22.713963 1.48366465
22.812719 1.46553810
22.911476 1.44541579
23.010232 1.42303641
23.108988 1.39808508
23.207745 1.37017722
23.306501 1.33883522
23.405257 1.30345830
23.504014 1.26327824
23.602770 1.21730202
23.701526 1.16422705
23.800283 1.10233085
23.899039 1.02930805
23.997795 0.94205665
24.096552 0.83636641
24.195308 0.70650488
24.294065 0.54464422
24.392821 0.34004114
24.491577 0.07809525
24.590334 -0.26116777
24.689090 -0.70303582
24.787846 -1.26552954
24.886603 -1.89047206
24.985359 -2.33645866
25.084115 -2.37789868
25.182872 -2.17345066
25.281628 -2.03935492
25.380385 -2.12667282
25.479141 -2.48824235
25.577897 -3.17774280
25.676654 -4.26709810
25.775410 -5.80822508
25.874166 -7.71919524
25.972923 -9.60017267
26.071679 -10.74818371
26.170435 -10.70552861
26.269192 -9.81452520
26.367948 -8.92336267
26.466704 -8.68793690
26.565461 -9.27740368
26.664217 -10.35338473
26.762974 -11.13250725
26.861730 -10.84120729
26.960486 -9.40302489
27.059243 -7.44419457
27.157999 -5.62075578
27.256755 -4.23047950
27.355512 -3.31223805
27.454268 -2.82107721
27.553024 -2.71433058
27.651781 -2.98182627
27.750537 -3.65026968
27.849294 -4.77091030
27.948050 -6.37121514
28.046806 -8.32809594
28.145563 -10.18606298
28.244319 -11.22311603
28.343075 -11.04753127
28.441832 -10.08887758
28.540588 -9.20922489
28.639344 -9.02028676
28.738101 -9.63976481
28.836857 -10.67731257
28.935613 -11.32162422
29.034370 -10.85051476
29.133126 -9.28534613
29.231883 -7.29080810
29.330639 -5.49012028
29.429395 -4.14134767
29.528152 -3.26559925
29.626908 -2.81461826
29.725664 -2.74767040
29.824421 -3.05803049
29.923177 -3.77541263
30.021933 -4.95116643
30.120690 -6.60377761
30.219446 -8.58067651
30.318203 -10.38311741
30.416959 -11.28836217
30.515715 -10.98465903
30.614472 -9.98461015
30.713228 -9.15215688
30.811984 -9.04829486
30.910741 -9.73532584
31.009497 -10.76771155
31.108253 -11.30927201
31.207010 -10.69561688
31.305766 -9.04280782
31.404522 -7.04428755
31.503279 -5.28714603
31.602035 -3.99248778
31.700792 -3.16651323
31.799548 -2.75917079
31.898304 -2.73249575
31.997061 -3.08371016
32.095817 -3.84570684
32.194573 -5.06960940
32.293330 -6.76357380
32.392086 -8.74342828
32.490842 -10.46888172
32.589599 -11.22595593
32.688355 -10.78924508
32.787112 -9.74704742
32.885868 -8.95522718
32.984624 -8.92093647
33.083381 -9.64991428
33.182137 -10.64107027
33.280893 -11.03967796
33.379650 -10.24741666
33.478406 -8.47235239
33.577162 -6.42872946
33.675919 -4.66792977
33.774675 -3.38200194
33.873431 -2.57156787
33.972188 -2.19279411
34.070944 -2.21532928
34.169701 -2.64039113
34.268457 -3.49938142
34.367213 -4.83558683
34.465970 -6.63813958
34.564726 -8.68358988
34.663482 -10.38890128
34.762239 -11.05672415
34.860995 -10.55291133
34.959751 -9.53501996
35.058508 -8.84445895
35.157264 -8.93491592
35.256021 -9.75714650
35.354777 -10.75720495
35.453533 -11.07115182
35.552290 -10.17563752
35.651046 -8.36631175
35.749802 -6.36708121
35.848559 -4.68623758
35.947315 -3.47928050
36.046071 -2.72914962
36.144828 -2.38448222
36.243584 -2.41309264
36.342340 -2.81932499
36.441097 -3.64079035
36.539853 -4.92505300
36.638610 -6.65321273
36.737366 -8.57007656
36.836122 -10.05863586
36.934879 -10.45073216
37.033635 -9.70795925
37.132391 -8.54826596
37.231148 -7.79014947
37.329904 -7.83135329
37.428660 -8.56561949
37.527417 -9.38610443
37.626173 -9.42579635
37.724929 -8.23859364
37.823686 -6.19601201
37.922442 -4.01924315
38.021199 -2.17597325
38.119955 -0.80101500
38.218711 0.11985571
38.317468 0.63178134
38.416224 0.77808682
38.514980 0.61304280
38.613737 0.28888368
38.712493 0.13831872
38.811249 0.39431659
38.910006 0.88170816
39.008762 1.34571270
39.107519 1.70820516
39.206275 1.98058188
39.305031 2.18461272
39.403788 2.33711604
39.502544 2.45040788
39.601300 2.53314170
39.700057 2.59134000
39.798813 2.62886598
39.897569 2.64819463
39.996326 2.65209586
40.095082 2.65155036
40.193838 2.64904180
40.292595 2.64303221
40.391351 2.63324003
40.490108 2.61968032
40.588864 2.60236900
40.687620 2.58131215
40.786377 2.55651094
40.885133 2.52795974
40.983889 2.49565388
41.082646 2.45956860
41.181402 2.41964741
41.280158 2.37581962
41.378915 2.32810173
41.477671 2.27682657
41.576428 2.22323653
41.675184 2.17022669
41.773940 2.12286831
41.872697 2.08802687
41.971453 2.07255612
42.070209 2.08062167
42.168966 2.11173802
42.267722 2.16090474
42.366478 2.22071142
42.465235 2.28389056
42.563991 2.34483196
42.662747 2.39967150
42.761504 2.44554561
42.860260 2.47964089
42.959017 2.49834293
43.057773 2.49665635
43.156529 2.46729925
43.255286 2.40036794
43.354042 2.28532598
43.452798 2.11966503
43.551555 1.92982252
43.650311 1.78367581
43.749067 1.75370037
43.847824 1.84967691
43.946580 2.00830373
44.045337 2.15389437
44.144093 2.24576174
44.242849 2.27554551
44.341606 2.24730935
44.440362 2.16588889
44.539118 2.03526656
44.637875 1.86319460
44.736631 1.67388609
44.835387 1.51995885
44.934144 1.45883391
45.032900 1.49447887
45.131656 1.56079618
45.230413 1.57267846
45.329169 1.47268180
45.427926 1.24685509
45.526682 0.95014657
45.625438 0.72244415
45.724195 0.71353868
45.822951 0.94867524
45.921707 1.30766773
46.020464 1.64624910
46.119220 1.89013390
46.217976 2.02882492
46.316733 2.07515969
46.415489 2.04122510
46.514246 1.93280293
46.613002 1.74983015
46.711758 1.48982627
46.810515 1.16058688
46.909271 0.80870217
47.008027 0.53885734
47.106784 0.45767574
47.205540 0.57249406
47.304296 0.80436844
47.403053 1.08008894
47.501809 1.33639649
47.600565 1.53910774
47.699322 1.72432218
47.798078 1.92611379
47.896835 2.11867776
47.995591 2.27384541
48.094347 2.39065752
48.193104 2.47777168
48.291860 2.54312778
48.390616 2.59251988
48.489373 2.62986538
48.588129 2.65778432
48.686885 2.67791282
48.785642 2.69132629
48.884398 2.69848121
48.983155 2.70123251
49.081911 2.70285169
49.180667 2.70424396
49.279424 2.70556435
49.378180 2.70685280
49.476936 2.70812450
49.575693 2.70938662
49.674449 2.71064296
49.773205 2.71189571
49.871962 2.71314614
49.970718 2.71439505
50.069474 2.71564294
50.168231 2.71689016
50.266987 2.71813690
50.365744 2.71938332
50.464500 2.72062951
50.563256 2.72187555
50.662013 2.72312147
50.760769 2.72436692
50.859525 2.72560827
50.958282 2.72684514
51.057038 2.72807754
51.155794 2.72930549
51.254551 2.73052899
51.353307 2.73174805
51.452064 2.73296266
51.550820 2.73417284
51.649576 2.73537857
51.748333 2.73657987
51.847089 2.73777674
51.945845 2.73896917
52.044602 2.74015717
52.143358 2.74134073
52.242114 2.74251986
52.340871 2.74369456
52.439627 2.74486483
52.538383 2.74603066
52.637140 2.74719206
52.735896 2.74834903
52.834653 2.74950156
52.933409 2.75064967
53.032165 2.75179334
53.130922 2.75293258
53.229678 2.75406739
53.328434 2.75519777
53.427191 2.75632371
53.525947 2.75744523
53.624703 2.75856231
53.723460 2.75967496
53.822216 2.76078318
53.920973 2.76188696
54.019729 2.76298632
54.118485 2.76408124
54.217242 2.76517174
54.315998 2.76625780
54.414754 2.76733943
54.513511 2.76841663
54.612267 2.76948939
54.711023 2.77055773
54.809780 2.77162163
54.908536 2.77268111
55.007292 2.77373615
55.106049 2.77478676
55.204805 2.77583294
55.303562 2.77687468
55.402318 2.77791200
55.501074 2.77894489
55.599831 2.77997334
55.698587 2.78099736
55.797343 2.78201695
55.896100 2.78303211
55.994856 2.78404284
56.093612 2.78504914
56.192369 2.78605101
56.291125 2.78704844
56.389882 2.78804145
56.488638 2.78903002
56.587394 2.79001416
56.686151 2.79099387
56.784907 2.79196915
56.883663 2.79294000
56.982420 2.79390642
57.081176 2.79486840
57.179932 2.79582596
57.278689 2.79677908
57.377445 2.79772778
57.476201 2.79867204
57.574958 2.79961187
57.673714 2.80054727
57.772471 2.80147824
57.871227 2.80240478
57.969983 2.80332689
58.068740 2.80424456
58.167496 2.80515781
58.266252 2.80606662
58.365009 2.80697101
58.463765 2.80787096
58.562521 2.80876648
58.661278 2.80965757
58.760034 2.81054423
58.858791 2.81142646
58.957547 2.81230426
59.056303 2.81317762
59.155060 2.81404656
59.253816 2.81491107
59.352572 2.81577114
59.451329 2.81662678
59.550085 2.81747800
59.648841 2.81832478
59.747598 2.81916713
59.846354 2.82000505
59.945110 2.82083854
60.043867 2.82166760
60.142623 2.82249222
60.241380 2.82331242
60.340136 2.82412819
60.438892 2.82493952
60.537649 2.82574643
60.636405 2.82654890
60.735161 2.82734694
60.833918 2.82814055
60.932674 2.82892973
61.031430 2.82971449
61.130187 2.83049480
61.228943 2.83127069
61.327700 2.83204215
61.426456 2.83280918
61.525212 2.83357177
61.623969 2.83432994
61.722725 2.83508367
61.821481 2.83583298
61.920238 2.83657785
62.018994 2.83731829
62.117750 2.83805431
62.216507 2.83878589
62.315263 2.83951304
62.414019 2.84023576
62.512776 2.84095404
62.611532 2.84166790
62.710289 2.84237733
62.809045 2.84308232
62.907801 2.84378289
63.006558 2.84447903
63.105314 2.84517073
63.204070 2.84585800
63.302827 2.84654084
63.401583 2.84721926
63.500339 2.84789324
63.599096 2.84856279
63.697852 2.84922791
63.796609 2.84988860
63.895365 2.85054485
63.994121 2.85119668
64.092878 2.85184408
64.191634 2.85248704
64.290390 2.85312558
64.389147 2.85375968
64.487903 2.85438936
64.586659 2.85501460
64.685416 2.85563541
64.784172 2.85625179
64.882928 2.85686374
64.981685 2.85747126
65.080441 2.85807435
65.179198 2.85867301
65.277954 2.85926724
65.376710 2.85985703
65.475467 2.86044240
65.574223 2.86102333
65.672979 2.86159984
65.771736 2.86217191
65.870492 2.86273956
65.969248 2.86330277
66.068005 2.86386155
66.166761 2.86441590
66.265518 2.86496582
66.364274 2.86551131
66.463030 2.86605237
66.561787 2.86658899
66.660543 2.86712119
66.759299 2.86764896
66.858056 2.86817229
66.956812 2.86869120
67.055568 2.86920567
67.154325 2.86971571
67.253081 2.87022132
67.351837 2.87072251
67.450594 2.87121926
67.549350 2.87171158
67.648107 2.87219946
67.746863 2.87268292
67.845619 2.87316195
67.944376 2.87363655
68.043132 2.87410671
68.141888 2.87457245
68.240645 2.87503375
68.339401 2.87549062
68.438157 2.87594307
68.536914 2.87639108
68.635670 2.87683466
68.734427 2.87727381
68.833183 2.87770853
68.931939 2.87813881
69.030696 2.87856467
69.129452 2.87898610
69.228208 2.87940309
69.326965 2.87981566
69.425721 2.88022379
69.524477 2.88062749
69.623234 2.88102677
69.721990 2.88142161
69.820746 2.88181202
69.919503 2.88219800
70.018259 2.88257955
70.117016 2.88295666
70.215772 2.88332935
70.314528 2.88369761
70.413285 2.88406143
70.512041 2.88442083
70.610797 2.88477579
70.709554 2.88512632
70.808310 2.88547242
70.907066 2.88581409
71.005823 2.88615133
71.104579 2.88648414
71.203336 2.88681252
71.302092 2.88713647
71.400848 2.88745598
71.499605 2.88777106
71.598361 2.88808172
71.697117 2.88838832
71.795874 2.88869454
71.894630 2.88900076
71.993386 2.88930698
72.092143 2.88961321
72.190899 2.88991943
72.289655 2.89022565
72.388412 2.89053190
72.487168 2.89083833
72.585925 2.89114437
