0.098756 1.64831296
0.197513 1.64831863
0.296269 1.64831263
0.395025 1.64831206
0.493782 1.64831214
0.592538 1.64831224
0.691295 1.64831234
0.790051 1.64831242
0.888807 1.64831250
0.987564 1.64831257
1.086320 1.64831263
1.185076 1.64831269
1.283833 1.64831273
1.382589 1.64831276
1.481345 1.64831278
1.580102 1.64831279
1.678858 1.64831278
1.777614 1.64831276
1.876371 1.64831272
1.975127 1.64831267
2.073884 1.64831259
2.172640 1.64831251
2.271396 1.64831240
2.370153 1.64831227
2.468909 1.64831212
2.567665 1.64831195
2.666422 1.64831175
2.765178 1.64831154
2.863934 1.64831130
2.962691 1.64831103
3.061447 1.64831074
3.160204 1.64831042
3.258960 1.64831007
3.357716 1.64830969
3.456473 1.64830928
3.555229 1.64830885
3.653985 1.64830838
3.752742 1.64830788
3.851498 1.64830734
3.950254 1.64830677
4.049011 1.64830617
4.147767 1.64830553
4.246523 1.64830485
4.345280 1.64830413
4.444036 1.64830338
4.542793 1.64830258
4.641549 1.64830174
4.740305 1.64830087
4.839062 1.64829994
4.937818 1.64829898
5.036574 1.64829797
5.135331 1.64829692
5.234087 1.64829581
5.332843 1.64829466
5.431600 1.64829346
5.530356 1.64829222
5.629113 1.64829091
5.727869 1.64828957
5.826625 1.64828816
5.925382 1.64828671
6.024138 1.64828519
6.122894 1.64828363
6.221651 1.64828200
6.320407 1.64828032
6.419163 1.64827857
6.517920 1.64827678
6.616676 1.64827491
6.715432 1.64827299
6.814189 1.64827100
6.912945 1.64826896
7.011702 1.64826684
7.110458 1.64826466
7.209214 1.64826241
7.307971 1.64826009
7.406727 1.64825770
7.505483 1.64825525
7.604240 1.64825272
7.702996 1.64825013
7.801752 1.64824745
7.900509 1.64824470
7.999265 1.64824188
8.098022 1.64823898
8.196778 1.64823600
8.295534 1.64823295
8.394291 1.64822980
8.493047 1.64822659
8.591803 1.64822329
8.690560 1.64821991
8.789316 1.64821643
8.888072 1.64821288
8.986829 1.64820924
9.085585 1.64820551
9.184341 1.64820169
9.283098 1.64819779
9.381854 1.64819378
9.480611 1.64818969
9.579367 1.64818550
9.678123 1.64818123
9.776880 1.64817684
9.875636 1.64817237
9.974392 1.64816780
10.073149 1.64816313
10.171905 1.64815835
10.270661 1.64815348
10.369418 1.64814850
10.468174 1.64814342
10.566931 1.64813822
10.665687 1.64813293
10.764443 1.64812752
10.863200 1.64812201
10.961956 1.64811639
11.060712 1.64811065
11.159469 1.64810480
11.258225 1.64809884
11.356981 1.64809275
11.455738 1.64808655
11.554494 1.64808023
11.653250 1.64807379
11.752007 1.64806723
11.850763 1.64806055
11.949520 1.64805373
12.048276 1.64804679
12.147032 1.64803972
12.245789 1.64803253
12.344545 1.64802519
12.443301 1.64801772
12.542058 1.64801011
12.640814 1.64800237
12.739570 1.64799447
12.838327 1.64798644
12.937083 1.64797825
13.035840 1.64796991
13.134596 1.64796142
13.233352 1.64795276
13.332109 1.64794394
13.430865 1.64793495
13.529621 1.64792579
13.628378 1.64791644
13.727134 1.64790691
13.825890 1.64789718
13.924647 1.64788725
14.023403 1.64787711
14.122159 1.64786675
14.220916 1.64785615
14.319672 1.64784530
14.418429 1.64783420
14.517185 1.64782282
14.615941 1.64781114
14.714698 1.64779915
14.813454 1.64778681
14.912210 1.64777412
15.010967 1.64776103
15.109723 1.64774751
15.208479 1.64773353
15.307236 1.64771904
15.405992 1.64770399
15.504749 1.64768835
15.603505 1.64767202
15.702261 1.64765497
15.801018 1.64763709
15.899774 1.64761832
15.998530 1.64759854
16.097287 1.64757765
16.196043 1.64755552
16.294799 1.64753201
16.393556 1.64750695
16.492312 1.64748017
16.591068 1.64745146
16.689825 1.64742060
16.788581 1.64738731
16.887338 1.64735132
16.986094 1.64731228
17.084850 1.64726983
17.183607 1.64722354
17.282363 1.64717296
17.381119 1.64711754
17.479876 1.64705670
17.578632 1.64698976
17.677388 1.64691598
17.776145 1.64683449
17.874901 1.64674439
17.973658 1.64664457
18.072414 1.64653389
18.171170 1.64641096
18.269927 1.64627435
18.368683 1.64612234
18.467439 1.64595310
18.566196 1.64576451
18.664952 1.64555429
18.763708 1.64531978
18.862465 1.64505814
18.961221 1.64476608
19.059977 1.64444004
19.158734 1.64407598
19.257490 1.64366946
19.356247 1.64321548
19.455003 1.64270856
19.553759 1.64214253
19.652516 1.64151063
19.751272 1.64080525
19.850028 1.64001808
19.948785 1.63913977
20.047541 1.63816010
20.146297 1.63706764
20.245054 1.63584986
20.343810 1.63449276
20.442567 1.63298102
20.541323 1.63129757
20.640079 1.62942373
20.738836 1.62733870
20.837592 1.62501973
20.936348 1.62244158
21.035105 1.61957658
21.133861 1.61639414
21.232617 1.61286073
21.331374 1.60893931
21.430130 1.60458931
21.528886 1.59976597
21.627643 1.59442024
21.726399 1.58849800
21.825156 1.58193991
21.923912 1.57468044
22.022668 1.56664749
22.121425 1.55776118
22.220181 1.54793317
22.318937 1.53706492
22.417694 1.52504638
22.516450 1.51175341
22.615206 1.49704536
22.713963 1.48076084
22.812719 1.46271327
22.911476 1.44268358
23.010232 1.42041200
23.108988 1.39558498
23.207745 1.36781970
23.306501 1.33664019
23.405257 1.30144768
23.504014 1.26147597
23.602770 1.21573448
23.701526 1.16292320
23.800283 1.10132279
23.899039 1.02863135
23.997795 0.94175117
24.096552 0.83647699
24.195308 0.70708252
24.294065 0.54574728
24.392821 0.34173707
24.491577 0.08046233
24.590334 -0.25803832
24.689090 -0.69903806
24.787846 -1.26054172
24.886603 -1.88435655
24.985359 -2.32906637
25.084115 -2.37232610
25.182872 -2.16950410
25.281628 -2.03681469
25.380385 -2.12527185
25.479141 -2.48770030
25.577897 -3.17781873
25.676654 -4.26762624
25.775410 -5.80912282
25.874166 -7.72044325
25.972923 -9.60176700
26.071679 -10.75009530
26.170435 -10.70770316
26.269192 -9.81691129
26.367948 -8.92593271
26.466704 -8.69069227
26.565461 -9.28037371
26.664217 -10.35662045
26.762974 -11.13607212
26.861730 -10.84516348
26.960486 -9.40741924
27.059243 -7.44905487
27.157999 -5.62610326
27.256755 -4.23634001
27.355512 -3.31862769
27.454268 -2.82797120
27.553024 -2.72163893
27.651781 -2.98939320
27.750537 -3.65790085
27.849294 -4.77841836
27.948050 -6.37845993
28.046806 -8.33499943
28.145563 -10.19259870
28.244319 -11.22929558
28.343075 -11.05339684
28.441832 -10.09449825
28.540588 -9.21469005
28.639344 -9.02570032
28.738101 -9.64523925
28.836857 -10.68296293
28.935613 -11.32755966
29.034370 -10.85682784
29.133126 -9.29210446
29.231883 -7.29805635
29.330639 -5.49789451
29.429395 -4.14968353
29.528152 -3.27451487
29.626908 -2.82408197
29.725664 -2.75757862
29.824421 -3.06821025
29.923177 -3.78565129
30.021933 -4.96125655
30.120690 -6.61355373
30.219446 -8.59002576
30.318203 -10.39196876
30.416959 -11.29667645
30.515715 -10.99243220
30.614472 -9.99188363
30.713228 -9.15901923
30.811984 -9.05487342
30.910741 -9.74177773
31.009497 -10.77421603
31.108253 -11.31601986
31.207010 -10.70278671
31.305766 -9.05053726
31.404522 -7.05266194
31.503279 -5.29621347
31.602035 -4.00226984
31.700792 -3.17698928
31.799548 -2.77024950
31.898304 -2.74399946
31.997061 -3.09538231
32.095817 -3.85724217
32.194573 -5.08069593
32.293330 -6.77392872
32.392086 -8.75281264
32.490842 -10.47709907
32.589599 -11.23285648
32.688355 -10.79476619
32.787112 -9.75127285
32.885868 -8.95838506
32.984624 -8.92334062
33.083381 -9.65190693
33.182137 -10.64297325
33.280893 -11.04174949
33.379650 -10.24981604
33.478406 -8.47513432
33.577162 -6.43187575
33.675919 -4.67137066
33.774675 -3.38560219
33.873431 -2.57509410
33.972188 -2.19588670
34.070944 -2.21749959
34.169701 -2.64105371
34.268457 -3.49791979
34.367213 -4.83144402
34.465970 -6.63091847
34.564726 -8.67313358
34.663482 -10.37532966
34.762239 -11.04043374
34.860995 -10.53452175
34.959751 -9.51527606
35.058508 -8.82405849
35.157264 -8.91429197
35.256021 -9.73629377
35.354777 -10.73552463
35.453533 -11.04741048
35.552290 -10.14824830
35.651046 -8.33385599
35.749802 -6.32870258
35.848559 -4.64162676
35.947315 -3.42844250
36.046071 -2.67223484
36.144828 -2.32167822
36.243584 -2.34455869
36.342340 -2.74521531
36.441097 -3.56135899
36.539853 -4.84081785
36.638610 -6.56520192
36.737366 -8.48011221
36.836122 -9.96949829
36.934879 -10.36607680
37.033635 -9.63185184
37.132391 -8.48455534
37.231148 -7.74188305
37.329904 -7.80020740
37.428660 -8.55137873
37.527417 -9.38580470
37.626173 -9.43277650
37.724929 -8.24231228
37.823686 -6.18245078
37.922442 -3.97138141
38.021199 -2.07477393
38.119955 -0.62785074
38.218711 0.37961595
38.317468 0.98647703
38.416224 1.23005645
38.514980 1.16036802
38.613737 0.92754507
38.712493 0.86410199
38.811249 1.20355492
38.910006 1.77138013
39.008762 2.31301790
39.107519 2.75028567
39.206275 3.09400772
39.305031 3.36474059
39.403788 3.57790027
39.502544 3.74446231
39.601300 3.87132527
39.700057 3.96297972
39.798813 4.02374867
39.897569 4.05685916
39.996326 4.06725223
40.095082 4.07132217
40.193838 4.07434820
40.292595 4.07705832
40.391351 4.07962613
40.490108 4.08211818
40.588864 4.08456654
40.687620 4.08698837
40.786377 4.08939350
40.885133 4.09178784
40.983889 4.09417508
41.082646 4.09655763
41.181402 4.09893711
41.280158 4.10131470
41.378915 4.10369137
41.477671 4.10606802
41.576428 4.10844578
41.675184 4.11082626
41.773940 4.11321224
41.872697 4.11560923
41.971453 4.11803053
42.070209 4.12052033
42.168966 4.12327170
42.267722 4.12702460
42.366478 4.13175192
42.465235 4.13700268
42.563991 4.14205579
42.662747 4.14581916
42.761504 4.14666304
42.860260 4.14215956
42.959017 4.12871397
43.057773 4.10109551
43.156529 4.05156877
43.255286 3.96952007
43.354042 3.84356272
43.452798 3.67022818
43.551555 3.47510375
43.650311 3.32553617
43.749067 3.29373559
43.847824 3.38928512
43.946580 3.54858493
44.045337 3.69558942
44.144093 3.78930237
44.242849 3.82108750
44.341606 3.79473774
44.440362 3.71483949
44.539118 3.58518759
44.637875 3.41344394
44.736631 3.22387699
44.835387 3.06933087
44.934144 3.00754222
45.032900 3.04278463
45.131656 3.10918250
45.230413 3.12171108
45.329169 3.02286091
45.427926 2.79848628
45.526682 2.50327390
45.625438 2.27684586
45.724195 2.26881476
45.822951 2.50445157
45.921707 2.86374156
46.020464 3.20258257
46.119220 3.44678016
46.217976 3.58585089
46.316733 3.63260977
46.415489 3.59911862
46.514246 3.49113428
46.613002 3.30857462
46.711758 3.04896114
46.810515 2.72012165
46.909271 2.36871291
47.008027 2.09952322
47.106784 2.01925993
47.205540 2.13525612
47.304296 2.36848737
47.403053 2.64563330
47.501809 2.90333205
47.600565 3.10732184
47.699322 3.29364560
47.798078 3.49634840
47.896835 3.68962698
47.995591 3.84533710
48.094347 3.96255629
48.193104 4.04998647
48.291860 4.11561328
48.390616 4.16527569
48.489373 4.20293672
48.588129 4.23126238
48.686885 4.25193759
48.785642 4.26607591
48.884398 4.27416601
48.983155 4.27800951
49.081911 4.28075839
49.180667 4.28328337
49.279424 4.28573465
49.378180 4.28815181
49.476936 4.29055040
49.575693 4.29293804
49.674449 4.29531890
49.773205 4.29769541
49.871962 4.30006909
49.970718 4.30244087
50.069474 4.30481135
50.168231 4.30718096
50.266987 4.30954995
50.365744 4.31191851
50.464500 4.31428676
50.563256 4.31665481
50.662013 4.31902270
50.760769 4.32138961
50.859525 4.32374730
50.958282 4.32609492
51.057038 4.32843248
51.155794 4.33076000
51.254551 4.33307749
51.353307 4.33538495
51.452064 4.33768239
51.550820 4.33996982
51.649576 4.34224723
51.748333 4.34451462
51.847089 4.34677201
51.945845 4.34901938
52.044602 4.35125675
52.143358 4.35348410
52.242114 4.35570145
52.340871 4.35790879
52.439627 4.36010612
52.538383 4.36229345
52.637140 4.36447077
52.735896 4.36663808
52.834653 4.36879538
52.933409 4.37094268
53.032165 4.37307996
53.130922 4.37520725
53.229678 4.37732452
53.328434 4.37943179
53.427191 4.38152905
53.525947 4.38361630
53.624703 4.38569355
53.723460 4.38776079
53.822216 4.38981802
53.920973 4.39186524
54.019729 4.39390246
54.118485 4.39592967
54.217242 4.39794687
54.315998 4.39995407
54.414754 4.40195126
54.513511 4.40393844
54.612267 4.40591561
54.711023 4.40788277
54.809780 4.40983993
54.908536 4.41178708
55.007292 4.41372422
55.106049 4.41565136
55.204805 4.41756849
55.303562 4.41947561
55.402318 4.42137272
55.501074 4.42325982
55.599831 4.42513692
55.698587 4.42700401
55.797343 4.42886109
55.896100 4.43070816
55.994856 4.43254522
56.093612 4.43437228
56.192369 4.43618933
56.291125 4.43799637
56.389882 4.43979340
56.488638 4.44158042
56.587394 4.44335744
56.686151 4.44512444
56.784907 4.44688144
56.883663 4.44862843
56.982420 4.45036542
57.081176 4.45209239
57.179932 4.45380935
57.278689 4.45551631
57.377445 4.45721326
57.476201 4.45890020
57.574958 4.46057713
57.673714 4.46224405
57.772471 4.46390097
57.871227 4.46554787
57.969983 4.46718477
58.068740 4.46881166
58.167496 4.47042854
58.266252 4.47203541
58.365009 4.47363227
58.463765 4.47521913
58.562521 4.47679597
58.661278 4.47836281
58.760034 4.47991964
58.858791 4.48146645
58.957547 4.48300326
59.056303 4.48453007
59.155060 4.48604686
59.253816 4.48755364
59.352572 4.48905041
59.451329 4.49053718
59.550085 4.49201394
59.648841 4.49348068
59.747598 4.49493742
59.846354 4.49638415
59.945110 4.49782087
60.043867 4.49924758
60.142623 4.50066428
60.241380 4.50207097
60.340136 4.50346766
60.438892 4.50485433
60.537649 4.50623100
60.636405 4.50759765
60.735161 4.50895430
60.833918 4.51030094
60.932674 4.51163756
61.031430 4.51296418
61.130187 4.51428079
61.228943 4.51558739
61.327700 4.51688398
61.426456 4.51817057
61.525212 4.51944714
61.623969 4.52071370
61.722725 4.52197026
61.821481 4.52321680
61.920238 4.52445334
62.018994 4.52567986
62.117750 4.52689638
62.216507 4.52810289
62.315263 4.52929938
62.414019 4.53048587
62.512776 4.53166235
62.611532 4.53282882
62.710289 4.53398528
62.809045 4.53513173
62.907801 4.53626817
63.006558 4.53739460
63.105314 4.53851103
63.204070 4.53961744
63.302827 4.54071384
63.401583 4.54180024
63.500339 4.54287662
63.599096 4.54394300
63.697852 4.54499936
63.796609 4.54604572
63.895365 4.54708207
63.994121 4.54810840
64.092878 4.54912473
64.191634 4.55013105
64.290390 4.55112736
64.389147 4.55211366
64.487903 4.55308995
64.586659 4.55405623
64.685416 4.55501250
64.784172 4.55595876
64.882928 4.55689501
64.981685 4.55782126
65.080441 4.55873749
65.179198 4.55964371
65.277954 4.56053993
65.376710 4.56142613
65.475467 4.56230233
65.574223 4.56316851
65.672979 4.56402469
65.771736 4.56487086
65.870492 4.56570701
65.969248 4.56653316
66.068005 4.56734930
66.166761 4.56815543
66.265518 4.56895155
66.364274 4.56973766
66.463030 4.57051376
66.561787 4.57127985
66.660543 4.57203593
66.759299 4.57278201
66.858056 4.57351807
66.956812 4.57424412
67.055568 4.57496017
67.154325 4.57566620
67.253081 4.57636223
67.351837 4.57704824
67.450594 4.57772425
67.549350 4.57839025
67.648107 4.57904623
67.746863 4.57969221
67.845619 4.58032818
67.944376 4.58095414
68.043132 4.58157009
68.141888 4.58217603
68.240645 4.58277197
68.339401 4.58335789
68.438157 4.58393380
68.536914 4.58449971
68.635670 4.58505560
68.734427 4.58560149
68.833183 4.58613736
68.931939 4.58666323
69.030696 4.58717909
69.129452 4.58768494
69.228208 4.58818078
69.326965 4.58866661
69.425721 4.58914243
69.524477 4.58960824
69.623234 4.59006404
69.721990 4.59050984
69.820746 4.59094562
69.919503 4.59137140
70.018259 4.59178716
70.117016 4.59219292
70.215772 4.59258867
70.314528 4.59297441
70.413285 4.59335013
70.512041 4.59371586
70.610797 4.59407157
70.709554 4.59441727
70.808310 4.59475296
70.907066 4.59507865
71.005823 4.59539432
71.104579 4.59569999
71.203336 4.59599565
71.302092 4.59628130
71.400848 4.59655693
71.499605 4.59682256
71.598361 4.59707818
71.697117 4.59732465
71.795874 4.59757026
71.894630 4.59781586
71.993386 4.59806147
72.092143 4.59830708
72.190899 4.59855270
72.289655 4.59879831
72.388412 4.59904394
72.487168 4.59928966
72.585925 4.59953517
