0.098756 1.65271113
0.197513 1.65271200
0.296269 1.65271108
0.395025 1.65271097
0.493782 1.65271097
0.592538 1.65271098
0.691295 1.65271099
0.790051 1.65271101
0.888807 1.65271103
0.987564 1.65271105
1.086320 1.65271108
1.185076 1.65271111
1.283833 1.65271115
1.382589 1.65271120
1.481345 1.65271126
1.580102 1.65271132
1.678858 1.65271139
1.777614 1.65271147
1.876371 1.65271156
1.975127 1.65271166
2.073884 1.65271178
2.172640 1.65271190
2.271396 1.65271203
2.370153 1.65271218
2.468909 1.65271234
2.567665 1.65271251
2.666422 1.65271270
2.765178 1.65271291
2.863934 1.65271313
2.962691 1.65271336
3.061447 1.65271361
3.160204 1.65271388
3.258960 1.65271417
3.357716 1.65271447
3.456473 1.65271479
3.555229 1.65271513
3.653985 1.65271550
3.752742 1.65271588
3.851498 1.65271629
3.950254 1.65271671
4.049011 1.65271717
4.147767 1.65271763
4.246523 1.65271814
4.345280 1.65271865
4.444036 1.65271921
4.542793 1.65271977
4.641549 1.65272038
4.740305 1.65272100
4.839062 1.65272166
4.937818 1.65272234
5.036574 1.65272306
5.135331 1.65272380
5.234087 1.65272458
5.332843 1.65272538
5.431600 1.65272622
5.530356 1.65272709
5.629113 1.65272800
5.727869 1.65272894
5.826625 1.65272992
5.925382 1.65273092
6.024138 1.65273198
6.122894 1.65273306
6.221651 1.65273419
6.320407 1.65273535
6.419163 1.65273656
6.517920 1.65273780
6.616676 1.65273909
6.715432 1.65274041
6.814189 1.65274179
6.912945 1.65274320
7.011702 1.65274467
7.110458 1.65274617
7.209214 1.65274773
7.307971 1.65274933
7.406727 1.65275098
7.505483 1.65275268
7.604240 1.65275444
7.702996 1.65275623
7.801752 1.65275809
7.900509 1.65275999
7.999265 1.65276196
8.098022 1.65276397
8.196778 1.65276604
8.295534 1.65276817
8.394291 1.65277036
8.493047 1.65277260
8.591803 1.65277491
8.690560 1.65277726
8.789316 1.65277970
8.888072 1.65278218
8.986829 1.65278474
9.085585 1.65278735
9.184341 1.65279004
9.283098 1.65279278
9.381854 1.65279561
9.480611 1.65279849
9.579367 1.65280145
9.678123 1.65280447
9.776880 1.65280758
9.875636 1.65281075
9.974392 1.65281400
10.073149 1.65281732
10.171905 1.65282072
10.270661 1.65282419
10.369418 1.65282775
10.468174 1.65283138
10.566931 1.65283509
10.665687 1.65283888
10.764443 1.65284277
10.863200 1.65284672
10.961956 1.65285077
11.060712 1.65285490
11.159469 1.65285912
11.258225 1.65286342
11.356981 1.65286782
11.455738 1.65287229
11.554494 1.65287687
11.653250 1.65288153
11.752007 1.65288629
11.850763 1.65289114
11.949520 1.65289608
12.048276 1.65290111
12.147032 1.65290625
12.245789 1.65291147
12.344545 1.65291680
12.443301 1.65292221
12.542058 1.65292772
12.640814 1.65293333
12.739570 1.65293903
12.838327 1.65294483
12.937083 1.65295073
13.035840 1.65295671
13.134596 1.65296279
13.233352 1.65296896
13.332109 1.65297522
13.430865 1.65298156
13.529621 1.65298799
13.628378 1.65299449
13.727134 1.65300108
13.825890 1.65300773
13.924647 1.65301446
14.023403 1.65302123
14.122159 1.65302807
14.220916 1.65303494
14.319672 1.65304184
14.418429 1.65304877
14.517185 1.65305570
14.615941 1.65306262
14.714698 1.65306952
14.813454 1.65307637
14.912210 1.65308315
15.010967 1.65308983
15.109723 1.65309638
15.208479 1.65310277
15.307236 1.65310896
15.405992 1.65311490
15.504749 1.65312055
15.603505 1.65312584
15.702261 1.65313071
15.801018 1.65313508
15.899774 1.65313887
15.998530 1.65314198
16.097287 1.65314431
16.196043 1.65314573
16.294799 1.65314611
16.393556 1.65314527
16.492312 1.65314306
16.591068 1.65313926
16.689825 1.65313364
16.788581 1.65312596
16.887338 1.65311592
16.986094 1.65310320
17.084850 1.65308741
17.183607 1.65306817
17.282363 1.65304498
17.381119 1.65301733
17.479876 1.65298462
17.578632 1.65294620
17.677388 1.65290129
17.776145 1.65284908
17.874901 1.65278861
17.973658 1.65271883
18.072414 1.65263854
18.171170 1.65254641
18.269927 1.65244094
18.368683 1.65232048
18.467439 1.65218314
18.566196 1.65202685
18.664952 1.65184924
18.763708 1.65164774
18.862465 1.65141941
18.961221 1.65116101
19.059977 1.65086891
19.158734 1.65053910
19.257490 1.65016706
19.356247 1.64974781
19.455003 1.64927578
19.553759 1.64874481
19.652516 1.64814802
19.751272 1.64747781
19.850028 1.64672572
19.948785 1.64588240
20.047541 1.64493744
20.146297 1.64387939
20.245054 1.64269548
20.343810 1.64137167
20.442567 1.63989236
20.541323 1.63824040
20.640079 1.63639674
20.738836 1.63434047
20.837592 1.63204839
20.936348 1.62949507
21.035105 1.62665234
21.133861 1.62348930
21.232617 1.61997180
21.331374 1.61606242
21.430130 1.61171983
21.528886 1.60689874
21.627643 1.60154920
21.726399 1.59561643
21.825156 1.58904001
21.923912 1.58175356
22.022668 1.57368372
22.121425 1.56474959
22.220181 1.55486136
22.318937 1.54391926
22.417694 1.53181157
22.516450 1.51841274
22.615206 1.50358022
22.713963 1.48715104
22.812719 1.46893647
22.911476 1.44871571
23.010232 1.42622660
23.108988 1.40115367
23.207745 1.37311150
23.306501 1.34162192
23.405257 1.30608333
23.504014 1.26572697
23.602770 1.21955900
23.701526 1.16627632
23.800283 1.10415559
23.899039 1.03089080
23.997795 0.94337889
24.096552 0.83740864
24.195308 0.70724593
24.294065 0.54506105
24.392821 0.34010788
24.491577 0.07778256
24.590334 -0.26189405
24.689090 -0.70421576
24.787846 -1.26721027
24.886603 -1.89270859
24.985359 -2.33931298
25.084115 -2.37992213
25.182872 -2.17473489
25.281628 -2.04000838
25.380385 -2.12683169
25.479141 -2.48805535
25.577897 -3.17734795
25.676654 -4.26660661
25.775410 -5.80771583
25.874166 -7.71871877
25.972923 -9.59976771
26.071679 -10.74789013
26.170435 -10.70538326
26.269192 -9.81454548
26.367948 -8.92353374
26.466704 -8.68820769
26.565461 -9.27768697
26.664217 -10.35355778
26.762974 -11.13241832
26.861730 -10.84069413
26.960486 -9.40194756
27.059243 -7.44246296
27.157999 -5.61832880
27.256755 -4.22735171
27.355512 -3.30843784
27.454268 -2.81667288
27.553024 -2.70943426
27.651781 -2.97659017
27.750537 -3.64487070
27.849294 -4.76552652
27.948050 -6.36600472
28.046806 -8.32318703
28.145563 -10.18155370
28.244319 -11.21907294
28.343075 -11.04397688
28.441832 -10.08577283
28.540588 -9.20646608
28.639344 -9.01771542
28.738101 -9.63718151
28.836857 -10.67449167
28.935613 -11.31833408
29.034370 -10.84654668
29.133126 -9.28054620
29.231883 -7.28509548
29.330639 -5.48348059
29.429395 -4.13381752
29.528152 -3.25726228
29.626908 -2.80560867
29.725664 -2.73817333
29.824421 -3.04827282
29.923177 -3.76564106
30.021933 -4.94161728
30.120690 -6.59464915
30.219446 -8.57211277
30.318203 -10.37520176
30.416959 -11.28111035
30.515715 -10.97801273
30.614472 -9.97843847
30.713228 -9.14627136
30.811984 -9.04247216
30.910741 -9.72933113
31.009497 -10.76132197
31.108253 -11.30230087
31.207010 -10.68793615
31.305766 -9.03435785
31.404522 -7.03507201
31.503279 -5.27721934
31.602035 -3.98194587
31.700792 -3.15549449
31.799548 -2.74786270
31.898304 -2.72113592
31.997061 -3.07257715
32.095817 -3.83510098
32.194573 -5.05982699
32.293330 -6.75488021
32.392086 -8.73603875
32.490842 -10.46294965
32.589599 -11.22156055
32.688355 -10.78636511
32.787112 -9.74553073
32.885868 -8.95480559
32.984624 -8.92128081
33.083381 -9.65068620
33.182137 -10.64196308
33.280893 -11.04045216
33.379650 -10.24792806
33.478406 -8.47255466
33.577162 -6.42864856
33.675919 -4.66764906
33.774675 -3.38167453
33.873431 -2.57143644
33.972188 -2.19320544
34.070944 -2.21673399
34.169701 -2.64332406
34.268457 -3.50442371
34.367213 -4.84331074
34.465970 -6.64903601
34.564726 -8.69800003
34.663482 -10.40697236
34.762239 -11.07838733
34.860995 -10.57788380
34.959751 -9.56283863
35.058508 -8.87461607
35.157264 -8.96706717
35.256021 -9.79128008
35.354777 -10.79378830
35.453533 -11.11118117
35.552290 -10.22042812
35.651046 -8.41708341
35.749802 -6.42464003
35.848559 -4.75098942
35.947315 -3.55143510
36.046071 -2.80888546
36.144828 -2.47206720
36.243584 -2.50895079
36.342340 -2.92402191
36.441097 -3.75496079
36.539853 -5.04928723
36.638610 -6.78787440
36.737366 -8.71508355
36.836122 -10.21331878
36.934879 -10.61385551
37.033635 -9.87800944
37.132391 -8.72388037
37.231148 -7.97055856
37.329904 -8.01682927
37.428660 -8.75780302
37.527417 -9.58827493
37.626173 -9.64278449
37.724929 -8.47581534
37.823686 -6.45803999
37.922442 -4.30893873
38.021199 -2.49471486
38.119955 -1.14956107
38.218711 -0.25918146
38.317468 0.22185301
38.416224 0.33662306
38.514980 0.13879355
38.613737 -0.22010808
38.712493 -0.40810241
38.811249 -0.19281462
38.910006 0.25023987
39.008762 0.66623288
39.107519 0.97716757
39.206275 1.19477447
39.305031 1.34130255
39.403788 1.43404369
39.502544 1.48604154
39.601300 1.50764707
39.700057 1.50835751
39.798813 1.49765904
39.897569 1.48487660
39.996326 1.47820179
40.095082 1.48939026
40.193838 1.52083864
40.292595 1.56773312
40.391351 1.62325264
40.490108 1.68134251
40.588864 1.73798053
40.687620 1.79112128
40.786377 1.84004434
40.885133 1.88463792
40.983889 1.92496526
41.082646 1.96112948
41.181402 1.99317671
41.280158 2.02114707
41.378915 2.04504810
41.477671 2.06487857
41.576428 2.08063701
41.675184 2.09233013
41.773940 2.10001769
41.872697 2.10400601
41.971453 2.10550722
42.070209 2.10627771
42.168966 2.10716632
42.267722 2.10882696
42.366478 2.11127474
42.465235 2.11413337
42.563991 2.11671930
42.662747 2.11795816
42.761504 2.11623111
42.860260 2.10911949
42.959017 2.09303717
43.057773 2.06276345
43.156529 2.01057222
43.255286 1.92585960
43.354042 1.79724633
43.452798 1.62126900
43.551555 1.42351835
43.650311 1.27134260
43.749067 1.23695084
43.847824 1.32992134
43.946580 1.48664466
44.045337 1.63106224
44.144093 1.72216345
44.242849 1.75129710
44.341606 1.72224259
44.440362 1.63957797
44.539118 1.50709665
44.637875 1.33246572
44.736631 1.13996546
44.835387 0.98245759
44.934144 0.91769976
45.032900 0.94998780
45.131656 1.01346507
45.230413 1.02311787
45.329169 0.92143655
45.427926 0.69426268
45.526682 0.39626082
45.625438 0.16702330
45.724195 0.15613945
45.822951 0.38888369
45.921707 0.74526231
46.020464 1.08119012
46.119220 1.32247606
46.217976 1.45862642
46.316733 1.50244173
46.415489 1.46597355
46.514246 1.35497318
46.613002 1.16935758
46.711758 0.90665382
46.810515 0.57470277
46.909271 0.22018145
47.008027 -0.05209575
47.106784 -0.13540132
47.205540 -0.02240181
47.304296 0.20786140
47.403053 0.48204189
47.501809 0.73674957
47.600565 0.93769795
47.699322 1.12091097
47.798078 1.32042389
47.896835 1.51043482
47.995591 1.66281114
48.094347 1.77664888
48.193104 1.86067392
48.291860 1.92289895
48.390616 1.96919209
48.489373 2.00354871
48.588129 2.02867067
48.686885 2.04628319
48.785642 2.05753226
48.884398 2.06293865
48.983155 2.06426686
49.081911 2.06456204
49.180667 2.06465681
49.279424 2.06469118
49.378180 2.06469996
49.476936 2.06469588
49.575693 2.06468471
49.674449 2.06466941
49.773205 2.06465161
49.871962 2.06463224
49.970718 2.06461187
50.069474 2.06459085
50.168231 2.06456940
50.266987 2.06454766
50.365744 2.06452572
50.464500 2.06450366
50.563256 2.06448150
50.662013 2.06445928
50.760769 2.06443716
50.859525 2.06441650
50.958282 2.06439745
51.057038 2.06438003
51.155794 2.06436423
51.254551 2.06435007
51.353307 2.06433753
51.452064 2.06432662
51.550820 2.06431734
51.649576 2.06430970
51.748333 2.06430370
51.847089 2.06429932
51.945845 2.06429659
52.044602 2.06429548
52.143358 2.06429602
52.242114 2.06429818
52.340871 2.06430199
52.439627 2.06430742
52.538383 2.06431450
52.637140 2.06432321
52.735896 2.06433355
52.834653 2.06434553
52.933409 2.06435915
53.032165 2.06437440
53.130922 2.06439129
53.229678 2.06440981
53.328434 2.06442997
53.427191 2.06445177
53.525947 2.06447520
53.624703 2.06450027
53.723460 2.06452697
53.822216 2.06455531
53.920973 2.06458529
54.019729 2.06461690
54.118485 2.06465015
54.217242 2.06468503
54.315998 2.06472155
54.414754 2.06475971
54.513511 2.06479950
54.612267 2.06484093
54.711023 2.06488399
54.809780 2.06492869
54.908536 2.06497503
55.007292 2.06502301
55.106049 2.06507262
55.204805 2.06512386
55.303562 2.06517674
55.402318 2.06523126
55.501074 2.06528742
55.599831 2.06534521
55.698587 2.06540464
55.797343 2.06546570
55.896100 2.06552840
55.994856 2.06559274
56.093612 2.06565871
56.192369 2.06572632
56.291125 2.06579557
56.389882 2.06586645
56.488638 2.06593897
56.587394 2.06601313
56.686151 2.06608892
56.784907 2.06616635
56.883663 2.06624542
56.982420 2.06632612
57.081176 2.06640846
57.179932 2.06649244
57.278689 2.06657805
57.377445 2.06666530
57.476201 2.06675418
57.574958 2.06684471
57.673714 2.06693687
57.772471 2.06703066
57.871227 2.06712609
57.969983 2.06722316
58.068740 2.06732187
58.167496 2.06742221
58.266252 2.06752419
58.365009 2.06762781
58.463765 2.06773306
58.562521 2.06783995
58.661278 2.06794848
58.760034 2.06805864
58.858791 2.06817044
58.957547 2.06828388
59.056303 2.06839896
59.155060 2.06851567
59.253816 2.06863401
59.352572 2.06875400
59.451329 2.06887562
59.550085 2.06899888
59.648841 2.06912377
59.747598 2.06925031
59.846354 2.06937848
59.945110 2.06950828
60.043867 2.06963972
60.142623 2.06977280
60.241380 2.06990752
60.340136 2.07004387
60.438892 2.07018187
60.537649 2.07032149
60.636405 2.07046276
60.735161 2.07060566
60.833918 2.07075020
60.932674 2.07089637
61.031430 2.07104418
61.130187 2.07119363
61.228943 2.07134472
61.327700 2.07149744
61.426456 2.07165180
61.525212 2.07180780
61.623969 2.07196543
61.722725 2.07212470
61.821481 2.07228561
61.920238 2.07244815
62.018994 2.07261234
62.117750 2.07277815
62.216507 2.07294561
62.315263 2.07311470
62.414019 2.07328543
62.512776 2.07345780
62.611532 2.07363180
62.710289 2.07380744
62.809045 2.07398472
62.907801 2.07416363
63.006558 2.07434418
63.105314 2.07452637
63.204070 2.07471019
63.302827 2.07489566
63.401583 2.07508275
63.500339 2.07527149
63.599096 2.07546186
63.697852 2.07565387
63.796609 2.07584752
63.895365 2.07604280
63.994121 2.07623972
64.092878 2.07643828
64.191634 2.07663847
64.290390 2.07684030
64.389147 2.07704377
64.487903 2.07724888
64.586659 2.07745562
64.685416 2.07766400
64.784172 2.07787401
64.882928 2.07808566
64.981685 2.07829895
65.080441 2.07851388
65.179198 2.07873044
65.277954 2.07894864
65.376710 2.07916848
65.475467 2.07938995
65.574223 2.07961306
65.672979 2.07983781
65.771736 2.08006419
65.870492 2.08029221
65.969248 2.08052187
66.068005 2.08075317
66.166761 2.08098610
66.265518 2.08122067
66.364274 2.08145687
66.463030 2.08169471
66.561787 2.08193419
66.660543 2.08217531
66.759299 2.08241806
66.858056 2.08266245
66.956812 2.08290847
67.055568 2.08315614
67.154325 2.08340544
67.253081 2.08365637
67.351837 2.08390895
67.450594 2.08416315
67.549350 2.08441900
67.648107 2.08467648
67.746863 2.08493560
67.845619 2.08519636
67.944376 2.08545875
68.043132 2.08572278
68.141888 2.08598845
68.240645 2.08625575
68.339401 2.08652469
68.438157 2.08679527
68.536914 2.08706748
68.635670 2.08734133
68.734427 2.08761682
68.833183 2.08789394
68.931939 2.08817270
69.030696 2.08845310
69.129452 2.08873513
69.228208 2.08901880
69.326965 2.08930410
69.425721 2.08959105
69.524477 2.08987963
69.623234 2.09016984
69.721990 2.09046169
69.820746 2.09075518
69.919503 2.09105031
70.018259 2.09134707
70.117016 2.09164547
70.215772 2.09194550
70.314528 2.09224717
70.413285 2.09255048
70.512041 2.09285543
70.610797 2.09316201
70.709554 2.09347022
70.808310 2.09378008
70.907066 2.09409157
71.005823 2.09440469
71.104579 2.09471946
71.203336 2.09503586
71.302092 2.09535389
71.400848 2.09567356
71.499605 2.09599487
71.598361 2.09631782
71.697117 2.09664226
71.795874 2.09696684
71.894630 2.09729143
71.993386 2.09761601
72.092143 2.09794059
72.190899 2.09826517
72.289655 2.09858975
72.388412 2.09891436
72.487168 2.09923919
72.585925 2.09956355
