0.098756 1.64744925
0.197513 1.64745242
0.296269 1.64744908
0.395025 1.64744877
0.493782 1.64744882
0.592538 1.64744888
0.691295 1.64744893
0.790051 1.64744898
0.888807 1.64744902
0.987564 1.64744906
1.086320 1.64744908
1.185076 1.64744910
1.283833 1.64744911
1.382589 1.64744910
1.481345 1.64744909
1.580102 1.64744906
1.678858 1.64744902
1.777614 1.64744896
1.876371 1.64744889
1.975127 1.64744881
2.073884 1.64744870
2.172640 1.64744859
2.271396 1.64744845
2.370153 1.64744829
2.468909 1.64744811
2.567665 1.64744792
2.666422 1.64744770
2.765178 1.64744746
2.863934 1.64744719
2.962691 1.64744691
3.061447 1.64744659
3.160204 1.64744626
3.258960 1.64744589
3.357716 1.64744550
3.456473 1.64744508
3.555229 1.64744463
3.653985 1.64744415
3.752742 1.64744364
3.851498 1.64744310
3.950254 1.64744253
4.049011 1.64744192
4.147767 1.64744128
4.246523 1.64744060
4.345280 1.64743989
4.444036 1.64743914
4.542793 1.64743836
4.641549 1.64743754
4.740305 1.64743668
4.839062 1.64743577
4.937818 1.64743483
5.036574 1.64743384
5.135331 1.64743282
5.234087 1.64743175
5.332843 1.64743064
5.431600 1.64742947
5.530356 1.64742827
5.629113 1.64742702
5.727869 1.64742572
5.826625 1.64742437
5.925382 1.64742298
6.024138 1.64742153
6.122894 1.64742003
6.221651 1.64741848
6.320407 1.64741689
6.419163 1.64741523
6.517920 1.64741352
6.616676 1.64741176
6.715432 1.64740994
6.814189 1.64740806
6.912945 1.64740613
7.011702 1.64740414
7.110458 1.64740209
7.209214 1.64739998
7.307971 1.64739781
7.406727 1.64739558
7.505483 1.64739328
7.604240 1.64739093
7.702996 1.64738851
7.801752 1.64738602
7.900509 1.64738347
7.999265 1.64738086
8.098022 1.64737817
8.196778 1.64737542
8.295534 1.64737261
8.394291 1.64736972
8.493047 1.64736676
8.591803 1.64736373
8.690560 1.64736063
8.789316 1.64735746
8.888072 1.64735422
8.986829 1.64735090
9.085585 1.64734751
9.184341 1.64734404
9.283098 1.64734050
9.381854 1.64733688
9.480611 1.64733319
9.579367 1.64732942
9.678123 1.64732557
9.776880 1.64732164
9.875636 1.64731763
9.974392 1.64731354
10.073149 1.64730937
10.171905 1.64730512
10.270661 1.64730079
10.369418 1.64729637
10.468174 1.64729187
10.566931 1.64728729
10.665687 1.64728262
10.764443 1.64727787
10.863200 1.64727303
10.961956 1.64726811
11.060712 1.64726310
11.159469 1.64725800
11.258225 1.64725281
11.356981 1.64724754
11.455738 1.64724217
11.554494 1.64723672
11.653250 1.64723117
11.752007 1.64722553
11.850763 1.64721979
11.949520 1.64721397
12.048276 1.64720805
12.147032 1.64720204
12.245789 1.64719592
12.344545 1.64718972
12.443301 1.64718340
12.542058 1.64717700
12.640814 1.64717049
12.739570 1.64716388
12.838327 1.64715715
12.937083 1.64715033
13.035840 1.64714339
13.134596 1.64713635
13.233352 1.64712917
13.332109 1.64712190
13.430865 1.64711448
13.529621 1.64710696
13.628378 1.64709929
13.727134 1.64709149
13.825890 1.64708354
13.924647 1.64707545
14.023403 1.64706719
14.122159 1.64705878
14.220916 1.64705017
14.319672 1.64704139
14.418429 1.64703239
14.517185 1.64702320
14.615941 1.64701375
14.714698 1.64700407
14.813454 1.64699409
14.912210 1.64698384
15.010967 1.64697323
15.109723 1.64696230
15.208479 1.64695094
15.307236 1.64693918
15.405992 1.64692691
15.504749 1.64691413
15.603505 1.64690073
15.702261 1.64688671
15.801018 1.64687192
15.899774 1.64685634
15.998530 1.64683981
16.097287 1.64682230
16.196043 1.64680359
16.294799 1.64678364
16.393556 1.64676219
16.492312 1.64673917
16.591068 1.64671427
16.689825 1.64668736
16.788581 1.64665809
16.887338 1.64662627
16.986094 1.64659147
17.084850 1.64655342
17.183607 1.64651162
17.282363 1.64646569
17.381119 1.64641501
17.479876 1.64635910
17.578632 1.64629718
17.677388 1.64622862
17.776145 1.64615247
17.874901 1.64606791
17.973658 1.64597377
18.072414 1.64586898
18.171170 1.64575212
18.269927 1.64562181
18.368683 1.64547628
18.467439 1.64531380
18.566196 1.64513217
18.664952 1.64492922
18.763708 1.64470222
18.862465 1.64444843
18.961221 1.64416451
19.059977 1.64384701
19.158734 1.64349181
19.257490 1.64309460
19.356247 1.64265032
19.455003 1.64215363
19.553759 1.64159828
19.652516 1.64097766
19.751272 1.64028410
19.850028 1.63950945
19.948785 1.63864430
20.047541 1.63767860
20.146297 1.63660088
20.245054 1.63539875
20.343810 1.63405823
20.442567 1.63256414
20.541323 1.63089942
20.640079 1.62904555
20.738836 1.62698176
20.837592 1.62468546
20.936348 1.62213145
21.035105 1.61929225
21.133861 1.61613731
21.232617 1.61263328
21.331374 1.60874318
21.430130 1.60442663
21.528886 1.59963892
21.627643 1.59433117
21.726399 1.58844934
21.825156 1.58193421
21.923912 1.57472031
22.022668 1.56673560
22.121425 1.55790026
22.220181 1.54812593
22.318937 1.53731404
22.417694 1.52535441
22.516450 1.51212282
22.615206 1.49747828
22.713963 1.48125921
22.812719 1.46327846
22.911476 1.44331658
23.010232 1.42111289
23.108988 1.39635320
23.207745 1.36865336
23.306501 1.33753630
23.405257 1.30240135
23.504014 1.26248059
23.602770 1.21678067
23.701526 1.16399896
23.800283 1.10241215
23.899039 1.02971433
23.997795 0.94280214
24.096552 0.83746433
24.195308 0.70796653
24.294065 0.54647956
24.392821 0.34225800
24.491577 0.08070016
24.590334 -0.25817006
24.689090 -0.69964127
24.787846 -1.26173506
24.886603 -1.88627460
24.985359 -2.33185631
25.084115 -2.37366359
25.182872 -2.16956868
25.281628 -2.03580892
25.380385 -2.12343870
25.479141 -2.48529639
25.577897 -3.17507458
25.676654 -4.26471736
25.775410 -5.80616190
25.874166 -7.71748882
25.972923 -9.59885651
26.071679 -10.74726974
26.170435 -10.70500427
26.269192 -9.81435227
26.367948 -8.92348148
26.466704 -8.68826973
26.565461 -9.27786008
26.664217 -10.35386398
26.762974 -11.13290370
26.861730 -10.84142100
26.960486 -9.40298084
27.059243 -7.44385830
27.157999 -5.62013762
27.256755 -4.22962896
27.355512 -3.31123138
27.454268 -2.82000163
27.553024 -2.71326948
27.651781 -2.98085289
27.750537 -3.64944704
27.849294 -4.77029538
27.948050 -6.37085985
28.046806 -8.32804028
28.145563 -10.18632184
28.244319 -11.22366612
28.343075 -11.04830871
28.441832 -10.08979140
28.540588 -9.21017051
28.639344 -9.02115816
28.738101 -9.64046313
28.836857 -10.67775701
28.935613 -11.32176217
29.034370 -10.85032778
29.133126 -9.28484639
29.231883 -7.29003145
29.330639 -5.48912455
29.429395 -4.14021017
29.528152 -3.26440554
29.626908 -2.81344930
29.725664 -2.74659061
29.824421 -3.05708226
29.923177 -3.77461540
30.021933 -4.95051956
30.120690 -6.60326101
30.219446 -8.58024541
30.318203 -10.38269339
30.416959 -11.28782866
30.515715 -10.98387529
30.614472 -9.98344562
30.713228 -9.15051268
30.811984 -9.04611277
30.910741 -9.73259151
31.009497 -10.76445960
31.108253 -11.30558648
31.207010 -10.69161580
31.305766 -9.03861414
31.404522 -7.04000418
31.503279 -5.28285474
31.602035 -3.98825542
31.700792 -3.16238910
31.799548 -2.75518239
31.898304 -2.72864786
31.997061 -3.07999084
32.095817 -3.84210035
32.194573 -5.06611210
32.293330 -6.76020618
32.392086 -8.74024062
32.490842 -10.46595659
32.589599 -11.22341580
32.688355 -10.78726336
32.787112 -9.74585749
32.885868 -8.95513996
32.984624 -8.92236900
33.083381 -9.65340734
33.182137 -10.64730044
33.280893 -11.04943521
33.379650 -10.26149607
33.478406 -8.49139545
33.577162 -6.45311667
33.675919 -4.69780651
33.774675 -3.41738296
33.873431 -2.61244895
33.972188 -2.23928935
34.070944 -2.26784963
34.169701 -2.69974207
34.268457 -3.56641031
34.367213 -4.91122663
34.465970 -6.72360985
34.564726 -8.78047353
34.663482 -10.49918360
34.762239 -11.18281680
34.860995 -10.69762372
34.959751 -9.70149392
35.058508 -9.03619949
35.157264 -9.15592038
35.256021 -10.01202593
35.354777 -11.05121519
35.453533 -11.40990575
35.552290 -10.56415775
35.651046 -8.80723724
35.749802 -6.85829875
35.848559 -5.21876575
35.947315 -4.03664945
36.046071 -3.28934670
36.144828 -2.92421426
36.243584 -2.91252567
36.342340 -3.26515908
36.441097 -4.02674109
36.539853 -5.25038934
36.638610 -6.92074067
36.737366 -8.78456632
36.836122 -10.22586366
36.934879 -10.57683561
37.033635 -9.79873924
37.132391 -8.60851830
37.231148 -7.82326274
37.329904 -7.83907839
37.428660 -8.54799275
37.527417 -9.34145732
37.626173 -9.35105480
37.724929 -8.13031688
37.823686 -6.05178999
37.922442 -3.83860769
38.021199 -1.96039023
38.119955 -0.55301354
38.218711 0.39732339
38.317468 0.93575172
38.416224 1.10602050
38.514980 0.96296631
38.613737 0.65936662
38.712493 0.52848795
38.811249 0.80368216
38.910006 1.30999109
39.008762 1.79258368
39.107519 2.17318111
39.206275 2.46281952
39.305031 2.68271561
39.403788 2.84930285
39.502544 2.97476532
39.601300 3.06773731
39.700057 3.13421117
39.798813 3.17798110
39.897569 3.20147633
39.996326 3.20765285
40.095082 3.20908489
40.193838 3.20985039
40.292595 3.21044834
40.391351 3.21097884
40.490108 3.21147532
40.588864 3.21195255
40.687620 3.21241802
40.786377 3.21287595
40.885133 3.21332885
40.983889 3.21377832
41.082646 3.21422541
41.181402 3.21467085
41.280158 3.21511513
41.378915 3.21555869
41.477671 3.21600192
41.576428 3.21644535
41.675184 3.21688989
41.773940 3.21733733
41.872697 3.21779179
41.971453 3.21826453
42.070209 3.21879605
42.168966 3.21956936
42.267722 3.22129050
42.366478 3.22392773
42.465235 3.22703673
42.563991 3.22990421
42.662747 3.23144619
42.761504 3.23004145
42.860260 3.22327117
42.959017 3.20754926
43.057773 3.17765370
43.156529 3.12585597
43.255286 3.04154773
43.354042 2.91334452
43.452798 2.73777751
43.551555 2.54043496
43.650311 2.38866890
43.749067 2.35469591
43.847824 2.44809992
43.946580 2.60527227
44.045337 2.75015158
44.144093 2.84172390
44.242849 2.87133547
44.341606 2.84276341
44.440362 2.76058372
44.539118 2.62858823
44.637875 2.45444305
44.736631 2.26242848
44.835387 2.10540750
44.934144 2.04113944
45.032900 2.07392098
45.131656 2.13789544
45.230413 2.14804830
45.329169 2.04686913
45.427926 1.82019884
45.526682 1.52270215
45.625438 1.29397280
45.724195 1.28360169
45.822951 1.51686310
45.921707 1.87376187
46.020464 2.21021188
46.119220 2.45202235
46.217976 2.58870102
46.316733 2.63305012
46.415489 2.59712219
46.514246 2.48666877
46.613002 2.30160650
46.711758 2.03946145
46.810515 1.70807287
46.909271 1.35411567
47.008027 1.08240189
47.106784 0.99965733
47.205540 1.11321534
47.304296 1.34403579
47.403053 1.61877449
47.501809 1.87404412
47.600565 2.07556083
47.699322 2.25935077
47.798078 2.45945028
47.896835 2.65005742
47.995591 2.80303805
48.094347 2.91748592
48.193104 3.00212378
48.291860 3.06496069
48.390616 3.11186075
48.489373 3.14681481
48.588129 3.17251959
48.686885 3.19069450
48.785642 3.20248081
48.884398 3.20839446
48.983155 3.21020492
49.081911 3.21097241
49.180667 3.21153528
49.279424 3.21203520
49.378180 3.21250790
49.476936 3.21296665
49.575693 3.21341756
49.674449 3.21386384
49.773205 3.21430727
49.871962 3.21474889
49.970718 3.21518935
50.069474 3.21562903
50.168231 3.21606820
50.266987 3.21650702
50.365744 3.21694560
50.464500 3.21738402
50.563256 3.21782233
50.662013 3.21826057
50.760769 3.21869868
50.859525 3.21913613
50.958282 3.21957285
51.057038 3.22000885
51.155794 3.22044414
51.254551 3.22087873
51.353307 3.22131262
51.452064 3.22174580
51.550820 3.22217829
51.649576 3.22261007
51.748333 3.22304116
51.847089 3.22347156
51.945845 3.22390126
52.044602 3.22433026
52.143358 3.22475856
52.242114 3.22518617
52.340871 3.22561309
52.439627 3.22603931
52.538383 3.22646483
52.637140 3.22688966
52.735896 3.22731379
52.834653 3.22773723
52.933409 3.22815997
53.032165 3.22858202
53.130922 3.22900337
53.229678 3.22942403
53.328434 3.22984399
53.427191 3.23026326
53.525947 3.23068183
53.624703 3.23109970
53.723460 3.23151689
53.822216 3.23193337
53.920973 3.23234916
54.019729 3.23276426
54.118485 3.23317866
54.217242 3.23359236
54.315998 3.23400537
54.414754 3.23441769
54.513511 3.23482930
54.612267 3.23524023
54.711023 3.23565046
54.809780 3.23605999
54.908536 3.23646883
55.007292 3.23687697
55.106049 3.23728442
55.204805 3.23769117
55.303562 3.23809722
55.402318 3.23850258
55.501074 3.23890725
55.599831 3.23931122
55.698587 3.23971449
55.797343 3.24011707
55.896100 3.24051896
55.994856 3.24092015
56.093612 3.24132064
56.192369 3.24172044
56.291125 3.24211954
56.389882 3.24251794
56.488638 3.24291565
56.587394 3.24331267
56.686151 3.24370899
56.784907 3.24410461
56.883663 3.24449954
56.982420 3.24489378
57.081176 3.24528731
57.179932 3.24568016
57.278689 3.24607230
57.377445 3.24646375
57.476201 3.24685451
57.574958 3.24724457
57.673714 3.24763393
57.772471 3.24802260
57.871227 3.24841058
57.969983 3.24879785
58.068740 3.24918444
58.167496 3.24957032
58.266252 3.24995551
58.365009 3.25034001
58.463765 3.25072381
58.562521 3.25110691
58.661278 3.25148932
58.760034 3.25187103
58.858791 3.25225205
58.957547 3.25263237
59.056303 3.25301199
59.155060 3.25339092
59.253816 3.25376916
59.352572 3.25414670
59.451329 3.25452354
59.550085 3.25489968
59.648841 3.25527514
59.747598 3.25564989
59.846354 3.25602395
59.945110 3.25639731
60.043867 3.25676998
60.142623 3.25714195
60.241380 3.25751323
60.340136 3.25788381
60.438892 3.25825370
60.537649 3.25862289
60.636405 3.25899138
60.735161 3.25935918
60.833918 3.25972628
60.932674 3.26009269
61.031430 3.26045840
61.130187 3.26082341
61.228943 3.26118773
61.327700 3.26155135
61.426456 3.26191428
61.525212 3.26227651
61.623969 3.26263805
61.722725 3.26299888
61.821481 3.26335903
61.920238 3.26371848
62.018994 3.26407723
62.117750 3.26443528
62.216507 3.26479264
62.315263 3.26514931
62.414019 3.26550528
62.512776 3.26586055
62.611532 3.26621513
62.710289 3.26656901
62.809045 3.26692219
62.907801 3.26727468
63.006558 3.26762647
63.105314 3.26797757
63.204070 3.26832797
63.302827 3.26867768
63.401583 3.26902668
63.500339 3.26937500
63.599096 3.26972262
63.697852 3.27006954
63.796609 3.27041576
63.895365 3.27076129
63.994121 3.27110612
64.092878 3.27145026
64.191634 3.27179370
64.290390 3.27213645
64.389147 3.27247850
64.487903 3.27281985
64.586659 3.27316051
64.685416 3.27350047
64.784172 3.27383974
64.882928 3.27417831
64.981685 3.27451618
65.080441 3.27485336
65.179198 3.27518984
65.277954 3.27552562
65.376710 3.27586071
65.475467 3.27619511
65.574223 3.27652880
65.672979 3.27686181
65.771736 3.27719411
65.870492 3.27752572
65.969248 3.27785663
66.068005 3.27818685
66.166761 3.27851637
66.265518 3.27884520
66.364274 3.27917332
66.463030 3.27950076
66.561787 3.27982749
66.660543 3.28015353
66.759299 3.28047888
66.858056 3.28080353
66.956812 3.28112748
67.055568 3.28145073
67.154325 3.28177329
67.253081 3.28209516
67.351837 3.28241633
67.450594 3.28273680
67.549350 3.28305657
67.648107 3.28337565
67.746863 3.28369404
67.845619 3.28401172
67.944376 3.28432871
68.043132 3.28464501
68.141888 3.28496061
68.240645 3.28527551
68.339401 3.28558971
68.438157 3.28590322
68.536914 3.28621604
68.635670 3.28652816
68.734427 3.28683958
68.833183 3.28715030
68.931939 3.28746033
69.030696 3.28776966
69.129452 3.28807830
69.228208 3.28838624
69.326965 3.28869349
69.425721 3.28900003
69.524477 3.28930589
69.623234 3.28961104
69.721990 3.28991550
69.820746 3.29021926
69.919503 3.29052233
70.018259 3.29082470
70.117016 3.29112638
70.215772 3.29142735
70.314528 3.29172764
70.413285 3.29202722
70.512041 3.29232611
70.610797 3.29262430
70.709554 3.29292180
70.808310 3.29321860
70.907066 3.29351470
71.005823 3.29381011
71.104579 3.29410482
71.203336 3.29439884
71.302092 3.29469216
71.400848 3.29498478
71.499605 3.29527671
71.598361 3.29556794
71.697117 3.29585853
71.795874 3.29614906
71.894630 3.29643960
71.993386 3.29673013
72.092143 3.29702066
72.190899 3.29731120
72.289655 3.29760173
72.388412 3.29789229
72.487168 3.29818301
72.585925 3.29847337
