0.098756 1.65546176
0.197513 1.65546220
0.296269 1.65546168
0.395025 1.65546163
0.493782 1.65546162
0.592538 1.65546162
0.691295 1.65546161
0.790051 1.65546160
0.888807 1.65546160
0.987564 1.65546159
1.086320 1.65546158
1.185076 1.65546156
1.283833 1.65546155
1.382589 1.65546154
1.481345 1.65546152
1.580102 1.65546150
1.678858 1.65546147
1.777614 1.65546145
1.876371 1.65546142
1.975127 1.65546139
2.073884 1.65546136
2.172640 1.65546133
2.271396 1.65546129
2.370153 1.65546124
2.468909 1.65546120
2.567665 1.65546115
2.666422 1.65546109
2.765178 1.65546104
2.863934 1.65546098
2.962691 1.65546091
3.061447 1.65546084
3.160204 1.65546077
3.258960 1.65546068
3.357716 1.65546060
3.456473 1.65546051
3.555229 1.65546042
3.653985 1.65546031
3.752742 1.65546021
3.851498 1.65546009
3.950254 1.65545998
4.049011 1.65545985
4.147767 1.65545972
4.246523 1.65545958
4.345280 1.65545944
4.444036 1.65545929
4.542793 1.65545913
4.641549 1.65545896
4.740305 1.65545879
4.839062 1.65545861
4.937818 1.65545842
5.036574 1.65545822
5.135331 1.65545802
5.234087 1.65545780
5.332843 1.65545758
5.431600 1.65545735
5.530356 1.65545711
5.629113 1.65545685
5.727869 1.65545660
5.826625 1.65545632
5.925382 1.65545605
6.024138 1.65545575
6.122894 1.65545545
6.221651 1.65545514
6.320407 1.65545482
6.419163 1.65545448
6.517920 1.65545414
6.616676 1.65545378
6.715432 1.65545341
6.814189 1.65545303
6.912945 1.65545264
7.011702 1.65545223
7.110458 1.65545181
7.209214 1.65545138
7.307971 1.65545093
7.406727 1.65545047
7.505483 1.65545000
7.604240 1.65544951
7.702996 1.65544901
7.801752 1.65544849
7.900509 1.65544797
7.999265 1.65544742
8.098022 1.65544686
8.196778 1.65544628
8.295534 1.65544569
8.394291 1.65544507
8.493047 1.65544445
8.591803 1.65544380
8.690560 1.65544315
8.789316 1.65544247
8.888072 1.65544177
8.986829 1.65544106
9.085585 1.65544033
9.184341 1.65543958
9.283098 1.65543881
9.381854 1.65543802
9.480611 1.65543722
9.579367 1.65543639
9.678123 1.65543555
9.776880 1.65543468
9.875636 1.65543379
9.974392 1.65543288
10.073149 1.65543195
10.171905 1.65543100
10.270661 1.65543003
10.369418 1.65542904
10.468174 1.65542802
10.566931 1.65542698
10.665687 1.65542592
10.764443 1.65542483
10.863200 1.65542372
10.961956 1.65542258
11.060712 1.65542143
11.159469 1.65542024
11.258225 1.65541903
11.356981 1.65541779
11.455738 1.65541653
11.554494 1.65541524
11.653250 1.65541392
11.752007 1.65541257
11.850763 1.65541119
11.949520 1.65540979
12.048276 1.65540835
12.147032 1.65540688
12.245789 1.65540537
12.344545 1.65540384
12.443301 1.65540226
12.542058 1.65540065
12.640814 1.65539901
12.739570 1.65539732
12.838327 1.65539559
12.937083 1.65539382
13.035840 1.65539200
13.134596 1.65539013
13.233352 1.65538821
13.332109 1.65538623
13.430865 1.65538419
13.529621 1.65538209
13.628378 1.65537992
13.727134 1.65537768
13.825890 1.65537536
13.924647 1.65537295
14.023403 1.65537044
14.122159 1.65536783
14.220916 1.65536511
14.319672 1.65536226
14.418429 1.65535927
14.517185 1.65535612
14.615941 1.65535280
14.714698 1.65534930
14.813454 1.65534558
14.912210 1.65534163
15.010967 1.65533740
15.109723 1.65533289
15.208479 1.65532804
15.307236 1.65532282
15.405992 1.65531718
15.504749 1.65531107
15.603505 1.65530443
15.702261 1.65529721
15.801018 1.65528930
15.899774 1.65528064
15.998530 1.65527113
16.097287 1.65526066
16.196043 1.65524910
16.294799 1.65523633
16.393556 1.65522216
16.492312 1.65520645
16.591068 1.65518896
16.689825 1.65516950
16.788581 1.65514779
16.887338 1.65512356
16.986094 1.65509646
17.084850 1.65506615
17.183607 1.65503220
17.282363 1.65499416
17.381119 1.65495149
17.479876 1.65490362
17.578632 1.65484986
17.677388 1.65478951
17.776145 1.65472168
17.874901 1.65464549
17.973658 1.65455984
18.072414 1.65446359
18.171170 1.65435537
18.269927 1.65423375
18.368683 1.65409703
18.467439 1.65394338
18.566196 1.65377070
18.664952 1.65357670
18.763708 1.65335876
18.862465 1.65311401
18.961221 1.65283920
19.059977 1.65253076
19.158734 1.65218465
19.257490 1.65179645
19.356247 1.65136114
19.455003 1.65087324
19.553759 1.65032657
19.652516 1.64971435
19.751272 1.64902897
19.850028 1.64826207
19.948785 1.64740428
20.047541 1.64644532
20.146297 1.64537372
20.245054 1.64417684
20.343810 1.64284063
20.442567 1.64134963
20.541323 1.63968669
20.640079 1.63783290
20.738836 1.63576735
20.837592 1.63346702
20.936348 1.63090645
21.035105 1.62805764
21.133861 1.62488969
21.232617 1.62136862
21.331374 1.61745700
21.430130 1.61311365
21.528886 1.60829326
21.627643 1.60294602
21.726399 1.59701712
21.825156 1.59044621
21.923912 1.58316687
22.022668 1.57510578
22.121425 1.56618192
22.220181 1.55630544
22.318937 1.54537641
22.417694 1.53328298
22.516450 1.51989933
22.615206 1.50508270
22.713963 1.48866971
22.812719 1.47047132
22.911476 1.45026620
23.010232 1.42779170
23.108988 1.40273170
23.207745 1.37470010
23.306501 1.34321792
23.405257 1.30768268
23.504014 1.26732464
23.602770 1.22114890
23.701526 1.16785119
23.800283 1.10570693
23.899039 1.03240880
23.997795 0.94485238
24.096552 0.83882498
24.195308 0.70859112
24.294065 0.54631957
24.392821 0.34126283
24.491577 0.07881549
24.590334 -0.26100305
24.689090 -0.70348838
24.787846 -1.26667006
24.886603 -1.89238169
24.985359 -2.33922807
25.084115 -2.37972529
25.182872 -2.17447206
25.281628 -2.03973522
25.380385 -2.12661591
25.479141 -2.48797318
25.577897 -3.17747753
25.676654 -4.26702195
25.775410 -5.80847996
25.874166 -7.71987731
25.972923 -9.60134589
26.071679 -10.74989059
26.170435 -10.70778555
26.269192 -9.81730668
26.367948 -8.92658880
26.466704 -8.69147113
26.565461 -9.28105477
26.664217 -10.35690793
26.762974 -11.13561459
26.861730 -10.84360000
26.960486 -9.40445142
27.059243 -7.44449950
27.157999 -5.61987985
27.256755 -4.22843692
27.355512 -3.30910841
27.454268 -2.81700725
27.553024 -2.70953349
27.651781 -2.97657298
27.750537 -3.64486481
27.849294 -4.76565800
27.948050 -6.36638482
28.046806 -8.32390137
28.145563 -10.18265255
28.244319 -11.22056294
28.343075 -11.04581666
28.441832 -10.08787781
28.540588 -9.20871949
28.639344 -9.01998243
28.738101 -9.63932282
28.836857 -10.67637850
28.935613 -11.31986388
29.034370 -10.84765599
29.133126 -9.28121273
29.231883 -7.28533136
29.330639 -5.48332564
29.429395 -4.13333298
29.528152 -3.25652647
29.626908 -2.80471485
29.725664 -2.73722632
29.824421 -3.04738188
29.923177 -3.76490729
30.021933 -4.94111834
30.120690 -6.59442337
30.219446 -8.57214665
30.318203 -10.37542217
30.416959 -11.28138142
30.515715 -10.97815410
30.614472 -9.97826325
30.713228 -9.14561565
30.811984 -9.04120880
30.910741 -9.72738002
31.009497 -10.75866038
31.108253 -11.29896999
31.207010 -10.68403079
31.305766 -9.02999736
31.404522 -7.03037020
31.503279 -5.27227605
31.602035 -3.97684937
31.700792 -3.15032502
31.799548 -2.74269718
31.898304 -2.71605268
31.997061 -3.06765781
32.095817 -3.83043105
32.194573 -5.05549545
32.293330 -6.75097641
32.392086 -8.73265013
32.490842 -10.46016211
32.589599 -11.21946641
32.688355 -10.78507787
32.787112 -9.74520043
32.885868 -8.95564331
32.984624 -8.92359428
33.083381 -9.65490206
33.182137 -10.64864287
33.280893 -11.05027255
33.379650 -10.26158613
33.478406 -8.49062075
33.577162 -6.45146581
33.675919 -4.69535524
33.774675 -3.41430777
33.873431 -2.60905380
33.972188 -2.23602361
34.070944 -2.26530078
34.169701 -2.69860260
34.268457 -3.56743136
34.367213 -4.91514587
34.465970 -6.73106086
34.564726 -8.79191368
34.663482 -10.51485433
34.762239 -11.20272661
34.860995 -10.72154302
34.959751 -9.72898162
35.058508 -9.06677219
35.157264 -9.18932611
35.256021 -10.04846597
35.354777 -11.09154005
35.453533 -11.45567549
35.552290 -10.61734025
35.651046 -8.86962970
35.749802 -6.93108586
35.848559 -5.30253653
35.947315 -4.13167489
36.046071 -3.39581055
36.144828 -3.04238778
36.243584 -3.04287366
36.342340 -3.40833618
36.441097 -4.18351631
36.539853 -5.42152072
36.638610 -7.10676589
36.737366 -8.98555086
36.836122 -10.44125489
36.934879 -10.80552231
37.033635 -10.03942808
37.132391 -8.86026932
37.231148 -8.08604727
37.329904 -8.11434550
37.428660 -8.83905408
37.527417 -9.65376792
37.626173 -9.69199678
37.724929 -8.50775753
37.823686 -6.47199481
37.922442 -4.30484770
38.021199 -2.47286473
38.119955 -1.10977366
38.218711 -0.20056640
38.317468 0.30030491
38.416224 0.43623135
38.514980 0.26140509
38.613737 -0.07205121
38.712493 -0.23157777
38.811249 0.01569009
38.910006 0.49451856
39.008762 0.95015724
39.107519 1.30454452
39.206275 1.56922608
39.305031 1.76620906
39.403788 1.91247375
39.502544 2.02039353
39.601300 2.09862589
39.700057 2.15320526
39.798813 2.18803059
39.897569 2.20562400
39.996326 2.20877202
40.095082 2.20810672
40.193838 2.20695966
40.292595 2.20571571
40.391351 2.20444045
40.490108 2.20315131
40.588864 2.20185453
40.687620 2.20055280
40.786377 2.19924755
40.885133 2.19793970
40.983889 2.19662983
41.082646 2.19531840
41.181402 2.19400570
41.280158 2.19269196
41.378915 2.19137731
41.477671 2.19006188
41.576428 2.18874586
41.675184 2.18742968
41.773940 2.18611446
41.872697 2.18480334
41.971453 2.18350607
42.070209 2.18226040
42.168966 2.18124166
42.267722 2.18112901
42.366478 2.18188595
42.465235 2.18307237
42.563991 2.18398042
42.662747 2.18353217
42.761504 2.18011304
42.860260 2.17131156
42.959017 2.15354879
43.057773 2.12161013
43.156529 2.06777297
43.255286 1.98143375
43.354042 1.85121001
43.452798 1.67363287
43.551555 1.47429151
43.650311 1.32054234
43.749067 1.28460733
43.847824 1.37607102
43.946580 1.53131739
44.045337 1.67427161
44.144093 1.76390449
44.242849 1.79154706
44.341606 1.76096258
44.440362 1.67671796
44.539118 1.54260239
44.637875 1.36628566
44.736631 1.17205846
44.835387 1.01280029
44.934144 0.94629038
45.032900 0.97684587
45.131656 1.03862689
45.230413 1.04662831
45.329169 0.94333890
45.427926 0.71458793
45.526682 0.41502054
45.625438 0.18420504
45.724195 0.17171279
45.822951 0.40282081
45.921707 0.75755165
46.020464 1.09183358
46.119220 1.33147913
46.217976 1.46598813
46.316733 1.50815129
46.415489 1.47001285
46.514246 1.35731963
46.613002 1.16998717
46.711758 0.90554565
46.810515 0.57184447
46.909271 0.21557472
47.008027 -0.05843059
47.106784 -0.14342918
47.205540 -0.03208737
47.304296 0.19654119
47.403053 0.46909147
47.501809 0.72215376
47.600565 0.92142470
47.699322 1.10291546
47.798078 1.30065457
47.896835 1.48884101
47.995591 1.63934958
48.094347 1.75128823
48.193104 1.83339815
48.291860 1.89370922
48.390616 1.93810792
48.489373 1.97060993
48.588129 1.99393948
48.686885 2.00984688
48.785642 2.01949826
48.884398 2.02343413
48.983155 2.02339524
49.081911 2.02235988
49.180667 2.02113735
49.279424 2.01986169
49.378180 2.01856509
49.476936 2.01725873
49.575693 2.01594740
49.674449 2.01463338
49.773205 2.01331786
49.871962 2.01200148
49.970718 2.01068460
50.069474 2.00936742
50.168231 2.00805006
50.266987 2.00673261
50.365744 2.00541509
50.464500 2.00409755
50.563256 2.00277998
50.662013 2.00146241
50.760769 2.00014551
50.859525 1.99883574
50.958282 1.99753378
51.057038 1.99623962
51.155794 1.99495326
51.254551 1.99367471
51.353307 1.99240397
51.452064 1.99114102
51.550820 1.98988588
51.649576 1.98863855
51.748333 1.98739901
51.847089 1.98616728
51.945845 1.98494334
52.044602 1.98372721
52.143358 1.98251888
52.242114 1.98131835
52.340871 1.98012563
52.439627 1.97894070
52.538383 1.97776357
52.637140 1.97659425
52.735896 1.97543272
52.834653 1.97427900
52.933409 1.97313307
53.032165 1.97199495
53.130922 1.97086462
53.229678 1.96974210
53.328434 1.96862738
53.427191 1.96752045
53.525947 1.96642133
53.624703 1.96533001
53.723460 1.96424648
53.822216 1.96317076
53.920973 1.96210284
54.019729 1.96104271
54.118485 1.95999039
54.217242 1.95894586
54.315998 1.95790914
54.414754 1.95688021
54.513511 1.95585909
54.612267 1.95484576
54.711023 1.95384024
54.809780 1.95284251
54.908536 1.95185258
55.007292 1.95087046
55.106049 1.94989613
55.204805 1.94892960
55.303562 1.94797087
55.402318 1.94701994
55.501074 1.94607681
55.599831 1.94514148
55.698587 1.94421395
55.797343 1.94329422
55.896100 1.94238229
55.994856 1.94147815
56.093612 1.94058182
56.192369 1.93969328
56.291125 1.93881255
56.389882 1.93793961
56.488638 1.93707448
56.587394 1.93621714
56.686151 1.93536760
56.784907 1.93452586
56.883663 1.93369192
56.982420 1.93286578
57.081176 1.93204744
57.179932 1.93123689
57.278689 1.93043415
57.377445 1.92963920
57.476201 1.92885206
57.574958 1.92807271
57.673714 1.92730116
57.772471 1.92653741
57.871227 1.92578146
57.969983 1.92503331
58.068740 1.92429296
58.167496 1.92356041
58.266252 1.92283565
58.365009 1.92211870
58.463765 1.92140954
58.562521 1.92070818
58.661278 1.92001462
58.760034 1.91932886
58.858791 1.91865090
58.957547 1.91798074
59.056303 1.91731837
59.155060 1.91666381
59.253816 1.91601704
59.352572 1.91537807
59.451329 1.91474690
59.550085 1.91412353
59.648841 1.91350796
59.747598 1.91290019
59.846354 1.91230021
59.945110 1.91170804
60.043867 1.91112366
60.142623 1.91054708
60.241380 1.90997830
60.340136 1.90941732
60.438892 1.90886414
60.537649 1.90831876
60.636405 1.90778117
60.735161 1.90725138
60.833918 1.90672940
60.932674 1.90621521
61.031430 1.90570881
61.130187 1.90521022
61.228943 1.90471943
61.327700 1.90423643
61.426456 1.90376124
61.525212 1.90329384
61.623969 1.90283424
61.722725 1.90238244
61.821481 1.90193843
61.920238 1.90150223
62.018994 1.90107382
62.117750 1.90065321
62.216507 1.90024041
62.315263 1.89983540
62.414019 1.89943818
62.512776 1.89904877
62.611532 1.89866715
62.710289 1.89829334
62.809045 1.89792732
62.907801 1.89756910
63.006558 1.89721868
63.105314 1.89687605
63.204070 1.89654123
63.302827 1.89621420
63.401583 1.89589498
63.500339 1.89558355
63.599096 1.89527992
63.697852 1.89498408
63.796609 1.89469605
63.895365 1.89441581
63.994121 1.89414338
64.092878 1.89387874
64.191634 1.89362190
64.290390 1.89337285
64.389147 1.89313161
64.487903 1.89289816
64.586659 1.89267252
64.685416 1.89245467
64.784172 1.89224462
64.882928 1.89204236
64.981685 1.89184791
65.080441 1.89166126
65.179198 1.89148240
65.277954 1.89131134
65.376710 1.89114808
65.475467 1.89099262
65.574223 1.89084495
65.672979 1.89070509
65.771736 1.89057302
65.870492 1.89044875
65.969248 1.89033228
66.068005 1.89022361
66.166761 1.89012274
66.265518 1.89002966
66.364274 1.88994438
66.463030 1.88986691
66.561787 1.88979722
66.660543 1.88973534
66.759299 1.88968126
66.858056 1.88963497
66.956812 1.88959649
67.055568 1.88956580
67.154325 1.88954291
67.253081 1.88952782
67.351837 1.88952052
67.450594 1.88952103
67.549350 1.88952933
67.648107 1.88954543
67.746863 1.88956933
67.845619 1.88960103
67.944376 1.88964053
68.043132 1.88968782
68.141888 1.88974291
68.240645 1.88980580
68.339401 1.88987649
68.438157 1.88995498
68.536914 1.89004127
68.635670 1.89013535
68.734427 1.89023724
68.833183 1.89034692
68.931939 1.89046440
69.030696 1.89058967
69.129452 1.89072275
69.228208 1.89086363
69.326965 1.89101230
69.425721 1.89116877
69.524477 1.89133304
69.623234 1.89150511
69.721990 1.89168498
69.820746 1.89187264
69.919503 1.89206810
70.018259 1.89227136
70.117016 1.89248242
70.215772 1.89270128
70.314528 1.89292794
70.413285 1.89316239
70.512041 1.89340465
70.610797 1.89365470
70.709554 1.89391255
70.808310 1.89417820
70.907066 1.89445164
71.005823 1.89473289
71.104579 1.89502193
71.203336 1.89531878
71.302092 1.89562342
71.400848 1.89593586
71.499605 1.89625610
71.598361 1.89658414
71.697117 1.89691930
71.795874 1.89725514
71.894630 1.89759098
71.993386 1.89792681
72.092143 1.89826265
72.190899 1.89859848
72.289655 1.89893431
72.388412 1.89927018
72.487168 1.89960627
72.585925 1.89994187
