0.098756 1.65404293
0.197513 1.65404415
0.296269 1.65404286
0.395025 1.65404275
0.493782 1.65404278
0.592538 1.65404280
0.691295 1.65404282
0.790051 1.65404284
0.888807 1.65404285
0.987564 1.65404286
1.086320 1.65404286
1.185076 1.65404286
1.283833 1.65404284
1.382589 1.65404282
1.481345 1.65404279
1.580102 1.65404275
1.678858 1.65404270
1.777614 1.65404264
1.876371 1.65404257
1.975127 1.65404249
2.073884 1.65404239
2.172640 1.65404228
2.271396 1.65404216
2.370153 1.65404202
2.468909 1.65404187
2.567665 1.65404170
2.666422 1.65404152
2.765178 1.65404132
2.863934 1.65404110
2.962691 1.65404086
3.061447 1.65404060
3.160204 1.65404033
3.258960 1.65404003
3.357716 1.65403972
3.456473 1.65403938
3.555229 1.65403902
3.653985 1.65403863
3.752742 1.65403823
3.851498 1.65403779
3.950254 1.65403734
4.049011 1.65403686
4.147767 1.65403635
4.246523 1.65403582
4.345280 1.65403526
4.444036 1.65403467
4.542793 1.65403405
4.641549 1.65403340
4.740305 1.65403273
4.839062 1.65403202
4.937818 1.65403128
5.036574 1.65403050
5.135331 1.65402970
5.234087 1.65402886
5.332843 1.65402799
5.431600 1.65402708
5.530356 1.65402615
5.629113 1.65402516
5.727869 1.65402415
5.826625 1.65402310
5.925382 1.65402201
6.024138 1.65402088
6.122894 1.65401971
6.221651 1.65401850
6.320407 1.65401726
6.419163 1.65401596
6.517920 1.65401463
6.616676 1.65401326
6.715432 1.65401184
6.814189 1.65401038
6.912945 1.65400887
7.011702 1.65400732
7.110458 1.65400572
7.209214 1.65400407
7.307971 1.65400238
7.406727 1.65400064
7.505483 1.65399886
7.604240 1.65399701
7.702996 1.65399513
7.801752 1.65399319
7.900509 1.65399120
7.999265 1.65398916
8.098022 1.65398707
8.196778 1.65398492
8.295534 1.65398273
8.394291 1.65398047
8.493047 1.65397817
8.591803 1.65397580
8.690560 1.65397339
8.789316 1.65397091
8.888072 1.65396838
8.986829 1.65396579
9.085585 1.65396314
9.184341 1.65396043
9.283098 1.65395767
9.381854 1.65395484
9.480611 1.65395196
9.579367 1.65394901
9.678123 1.65394601
9.776880 1.65394294
9.875636 1.65393980
9.974392 1.65393661
10.073149 1.65393335
10.171905 1.65393003
10.270661 1.65392664
10.369418 1.65392319
10.468174 1.65391968
10.566931 1.65391610
10.665687 1.65391245
10.764443 1.65390873
10.863200 1.65390495
10.961956 1.65390110
11.060712 1.65389718
11.159469 1.65389320
11.258225 1.65388914
11.356981 1.65388502
11.455738 1.65388082
11.554494 1.65387656
11.653250 1.65387221
11.752007 1.65386781
11.850763 1.65386332
11.949520 1.65385877
12.048276 1.65385414
12.147032 1.65384944
12.245789 1.65384465
12.344545 1.65383980
12.443301 1.65383485
12.542058 1.65382984
12.640814 1.65382474
12.739570 1.65381957
12.838327 1.65381430
12.937083 1.65380896
13.035840 1.65380351
13.134596 1.65379799
13.233352 1.65379236
13.332109 1.65378665
13.430865 1.65378082
13.529621 1.65377491
13.628378 1.65376887
13.727134 1.65376273
13.825890 1.65375645
13.924647 1.65375007
14.023403 1.65374353
14.122159 1.65373687
14.220916 1.65373003
14.319672 1.65372305
14.418429 1.65371587
14.517185 1.65370852
14.615941 1.65370093
14.714698 1.65369315
14.813454 1.65368508
14.912210 1.65367678
15.010967 1.65366814
15.109723 1.65365919
15.208479 1.65364985
15.307236 1.65364013
15.405992 1.65362992
15.504749 1.65361925
15.603505 1.65360796
15.702261 1.65359609
15.801018 1.65358346
15.899774 1.65357009
15.998530 1.65355578
16.097287 1.65354052
16.196043 1.65352408
16.294799 1.65350643
16.393556 1.65348731
16.492312 1.65346664
16.591068 1.65344411
16.689825 1.65341960
16.788581 1.65339275
16.887338 1.65336338
16.986094 1.65333104
17.084850 1.65329548
17.183607 1.65325617
17.282363 1.65321277
17.381119 1.65316461
17.479876 1.65311124
17.578632 1.65305186
17.677388 1.65298584
17.776145 1.65291223
17.874901 1.65283020
17.973658 1.65273857
18.072414 1.65263627
18.171170 1.65252184
18.269927 1.65239393
18.368683 1.65225073
18.467439 1.65209051
18.566196 1.65191104
18.664952 1.65171013
18.763708 1.65148503
18.862465 1.65123297
18.961221 1.65095057
19.059977 1.65063436
19.158734 1.65028017
19.257490 1.64988365
19.356247 1.64943966
19.455003 1.64894282
19.553759 1.64838680
19.652516 1.64776491
19.751272 1.64706941
19.850028 1.64629200
19.948785 1.64542321
20.047541 1.64445281
20.146297 1.64336919
20.245054 1.64215982
20.343810 1.64081050
20.442567 1.63930585
20.541323 1.63762858
20.640079 1.63575988
20.738836 1.63367872
20.837592 1.63136214
20.936348 1.62878460
21.035105 1.62591818
21.133861 1.62273190
21.232617 1.61919189
21.331374 1.61526066
21.430130 1.61089716
21.528886 1.60605608
21.627643 1.60068777
21.726399 1.59473745
21.825156 1.58814502
21.923912 1.58084414
22.022668 1.57276178
22.121425 1.56381714
22.220181 1.55392071
22.318937 1.54297290
22.417694 1.53086229
22.516450 1.51746354
22.615206 1.50263440
22.713963 1.48621213
22.812719 1.46800831
22.911476 1.44780240
23.010232 1.42533251
23.108988 1.40028346
23.207745 1.37227004
23.306501 1.34081439
23.405257 1.30531505
23.504014 1.26500356
23.602770 1.21888615
23.701526 1.16566002
23.800283 1.10360176
23.899039 1.03040566
23.997795 0.94296856
24.096552 0.83707952
24.195308 0.70700430
24.294065 0.54491366
24.392821 0.34006147
24.491577 0.07784470
24.590334 -0.26171545
24.689090 -0.70391132
24.787846 -1.26676985
24.886603 -1.89211994
24.985359 -2.33856318
25.084115 -2.37936107
25.182872 -2.17434234
25.281628 -2.03976007
25.380385 -2.12669775
25.479141 -2.48800284
25.577897 -3.17734754
25.676654 -4.26663537
25.775410 -5.80775949
25.874166 -7.71876902
25.972923 -9.59981897
26.071679 -10.74793444
26.170435 -10.70541230
26.269192 -9.81455288
26.367948 -8.92351912
26.466704 -8.68817691
26.565461 -9.27765242
26.664217 -10.35353836
26.762974 -11.13243768
26.861730 -10.84077841
26.960486 -9.40211952
27.059243 -7.44273891
27.157999 -5.61871831
27.256755 -4.22786033
27.355512 -3.30906598
27.454268 -2.81741370
27.553024 -2.71027145
27.651781 -2.97749863
27.750537 -3.64581927
27.849294 -4.76648374
27.948050 -6.36694260
28.046806 -8.32408340
28.145563 -10.18239060
28.244319 -11.21983651
28.343075 -11.04465926
28.441832 -10.08637646
28.540588 -9.20700482
28.639344 -9.01821364
28.738101 -9.63767116
28.836857 -10.67501042
28.935613 -11.31892060
29.034370 -10.84723700
29.133126 -9.28136738
29.231883 -7.28606415
29.330639 -5.48460316
29.429395 -4.13509335
29.528152 -3.25868247
29.626908 -2.80715450
29.725664 -2.73981460
29.824421 -3.04996974
29.923177 -3.76734821
30.021933 -4.94329056
30.120690 -6.59625097
30.219446 -8.57361550
30.318203 -10.37658806
30.416959 -11.28237410
30.515715 -10.97916064
30.614472 -9.97949064
30.713228 -9.14725943
30.811984 -9.04343541
30.910741 -9.73031217
31.009497 -10.76236274
31.108253 -11.30343787
31.207010 -10.68919662
31.305766 -9.03575711
31.404522 -7.03661436
31.503279 -5.27889984
31.602035 -3.98375211
31.700792 -3.15740541
31.799548 -2.74984648
31.898304 -2.72314907
31.997061 -3.07456647
32.095817 -3.83700762
32.194573 -5.06159248
32.293330 -6.75645193
32.392086 -8.73737383
32.490842 -10.46401702
32.589599 -11.22234262
32.688355 -10.78686390
32.787112 -9.74577317
32.885868 -8.95484244
32.984624 -8.92117593
33.083381 -9.65050788
33.182137 -10.64177603
33.280893 -11.04031046
33.379650 -10.24786859
33.478406 -8.47259461
33.577162 -6.42878887
33.675919 -4.66787739
33.774675 -3.38196336
33.873431 -2.57174002
33.972188 -2.19345666
34.070944 -2.21684483
34.169701 -2.64318958
34.268457 -3.50392923
34.367213 -4.84234324
34.465970 -6.64749676
34.564726 -8.69581707
34.663482 -10.40410706
34.762239 -11.07483873
34.860995 -10.57369118
34.959751 -9.55807875
35.058508 -8.86938005
35.157264 -8.96142166
35.256021 -9.78523509
35.354777 -10.78726987
35.453533 -11.10401939
35.552290 -10.21239389
35.651046 -8.40795951
35.749802 -6.41427957
35.848559 -4.73931324
35.947315 -3.53839700
36.046071 -2.79444222
36.144828 -2.45615682
36.243584 -2.49147963
36.342340 -2.90486715
36.441097 -3.73398222
36.539853 -5.02634762
36.638610 -6.76287038
36.737366 -8.68798407
36.836122 -10.18418892
36.934879 -10.58285333
37.033635 -9.84533975
37.132391 -8.68972210
37.231148 -7.93498839
37.329904 -7.97973819
37.428660 -8.71883959
37.527417 -9.54679868
37.626173 -9.59788940
37.724929 -8.42651276
37.823686 -6.40353178
37.922442 -4.24879313
38.021199 -2.42886113
38.119955 -1.07817791
38.218711 -0.18261050
38.317468 0.30320522
38.416224 0.42238507
38.514980 0.22867093
38.613737 -0.12632799
38.712493 -0.31054199
38.811249 -0.09152791
38.910006 0.35523997
39.008762 0.77493213
39.107519 1.08952766
39.206275 1.31069473
39.305031 1.46057949
39.403788 1.55639581
39.502544 1.61115107
39.601300 1.63518004
39.700057 1.63796156
39.798813 1.62895416
39.897569 1.61745362
39.996326 1.61164395
40.095082 1.62350549
40.193838 1.65556149
40.292595 1.70302441
40.391351 1.75908299
40.490108 1.81768732
40.588864 1.87481760
40.687620 1.92842970
40.786377 1.97780418
40.885133 2.02282994
40.983889 2.06357065
41.082646 2.10012986
41.181402 2.13255395
41.280158 2.16088338
41.378915 2.18512594
41.477671 2.20528074
41.576428 2.22134674
41.675184 2.23333121
41.773940 2.24129484
41.872697 2.24554579
41.971453 2.24730083
42.070209 2.24832235
42.168966 2.24946228
42.267722 2.25137722
42.366478 2.25408346
42.465235 2.25720511
42.563991 2.26005860
42.662747 2.26156918
42.761504 2.26011741
42.860260 2.25328378
42.959017 2.23748127
43.057773 2.20748818
43.156529 2.15557759
43.255286 2.07114494
43.354042 1.94281065
43.452798 1.76711130
43.551555 1.56963747
43.650311 1.41773683
43.749067 1.38361778
43.847824 1.47685848
43.946580 1.63385037
44.045337 1.77853660
44.144093 1.86990859
44.242849 1.89931720
44.341606 1.87054371
44.440362 1.78816741
44.539118 1.65598207
44.637875 1.48165426
44.736631 1.28946282
44.835387 1.13226719
44.934144 1.06782228
45.032900 1.10042110
45.131656 1.16420465
45.230413 1.17415795
45.329169 1.07277146
45.427926 0.84588836
45.526682 0.54817593
45.625438 0.31923012
45.724195 0.30864301
45.822951 0.54168864
45.921707 0.89837076
46.020464 1.23460209
46.119220 1.47619113
46.217976 1.61264523
46.316733 1.65676659
46.415489 1.62060787
46.514246 1.50992104
46.613002 1.32462320
46.711758 1.06224084
46.810515 0.73061342
46.909271 0.37641579
47.008027 0.10445953
47.106784 0.02146990
47.205540 0.13478041
47.304296 0.36535143
47.403053 0.63983937
47.501809 0.89485714
47.600565 1.09612087
47.699322 1.27965653
47.798078 1.47950034
47.896835 1.66985035
47.995591 1.82257260
48.094347 1.93676125
48.193104 2.02113961
48.291860 2.08371758
48.390616 2.13036017
48.489373 2.16505939
48.588129 2.19051330
48.686885 2.20844288
48.785642 2.21999068
48.884398 2.22567406
48.983155 2.22726155
49.081911 2.22780957
49.180667 2.22815476
49.279424 2.22843818
49.378180 2.22869514
49.476936 2.22893865
49.575693 2.22917468
49.674449 2.22940632
49.773205 2.22963526
49.871962 2.22986250
49.970718 2.23008865
50.069474 2.23031409
50.168231 2.23053905
50.266987 2.23076369
50.365744 2.23098812
50.464500 2.23121240
50.563256 2.23143657
50.662013 2.23166068
50.760769 2.23188477
50.859525 2.23210924
50.958282 2.23233412
51.057038 2.23255944
51.155794 2.23278518
51.254551 2.23301136
51.353307 2.23323798
51.452064 2.23346504
51.550820 2.23369253
51.649576 2.23392047
51.748333 2.23414885
51.847089 2.23437768
51.945845 2.23460695
52.044602 2.23483666
52.143358 2.23506681
52.242114 2.23529741
52.340871 2.23552846
52.439627 2.23575994
52.538383 2.23599187
52.637140 2.23622425
52.735896 2.23645706
52.834653 2.23669033
52.933409 2.23692403
53.032165 2.23715818
53.130922 2.23739278
53.229678 2.23762781
53.328434 2.23786330
53.427191 2.23809922
53.525947 2.23833559
53.624703 2.23857240
53.723460 2.23880966
53.822216 2.23904736
53.920973 2.23928551
54.019729 2.23952409
54.118485 2.23976313
54.217242 2.24000260
54.315998 2.24024252
54.414754 2.24048288
54.513511 2.24072369
54.612267 2.24096494
54.711023 2.24120664
54.809780 2.24144877
54.908536 2.24169135
55.007292 2.24193438
55.106049 2.24217785
55.204805 2.24242176
55.303562 2.24266611
55.402318 2.24291091
55.501074 2.24315616
55.599831 2.24340184
55.698587 2.24364797
55.797343 2.24389454
55.896100 2.24414156
55.994856 2.24438902
56.093612 2.24463692
56.192369 2.24488527
56.291125 2.24513406
56.389882 2.24538329
56.488638 2.24563297
56.587394 2.24588308
56.686151 2.24613365
56.784907 2.24638465
56.883663 2.24663610
56.982420 2.24688799
57.081176 2.24714033
57.179932 2.24739311
57.278689 2.24764633
57.377445 2.24790000
57.476201 2.24815410
57.574958 2.24840866
57.673714 2.24866365
57.772471 2.24891909
57.871227 2.24917497
57.969983 2.24943129
58.068740 2.24968806
58.167496 2.24994527
58.266252 2.25020293
58.365009 2.25046102
58.463765 2.25071956
58.562521 2.25097854
58.661278 2.25123797
58.760034 2.25149784
58.858791 2.25175815
58.957547 2.25201891
59.056303 2.25228010
59.155060 2.25254174
59.253816 2.25280383
59.352572 2.25306635
59.451329 2.25332932
59.550085 2.25359274
59.648841 2.25385659
59.747598 2.25412089
59.846354 2.25438563
59.945110 2.25465082
60.043867 2.25491645
60.142623 2.25518252
60.241380 2.25544903
60.340136 2.25571599
60.438892 2.25598339
60.537649 2.25625123
60.636405 2.25651952
60.735161 2.25678824
60.833918 2.25705742
60.932674 2.25732703
61.031430 2.25759709
61.130187 2.25786759
61.228943 2.25813853
61.327700 2.25840992
61.426456 2.25868174
61.525212 2.25895402
61.623969 2.25922673
61.722725 2.25949989
61.821481 2.25977349
61.920238 2.26004753
62.018994 2.26032202
62.117750 2.26059695
62.216507 2.26087232
62.315263 2.26114814
62.414019 2.26142439
62.512776 2.26170109
62.611532 2.26197824
62.710289 2.26225582
62.809045 2.26253385
62.907801 2.26281233
63.006558 2.26309124
63.105314 2.26337060
63.204070 2.26365040
63.302827 2.26393065
63.401583 2.26421133
63.500339 2.26449246
63.599096 2.26477404
63.697852 2.26505605
63.796609 2.26533851
63.895365 2.26562141
63.994121 2.26590476
64.092878 2.26618854
64.191634 2.26647277
64.290390 2.26675745
64.389147 2.26704256
64.487903 2.26732812
64.586659 2.26761413
64.685416 2.26790057
64.784172 2.26818746
64.882928 2.26847479
64.981685 2.26876256
65.080441 2.26905078
65.179198 2.26933944
65.277954 2.26962854
65.376710 2.26991809
65.475467 2.27020808
65.574223 2.27049851
65.672979 2.27078939
65.771736 2.27108070
65.870492 2.27137246
65.969248 2.27166467
66.068005 2.27195732
66.166761 2.27225041
66.265518 2.27254394
66.364274 2.27283791
66.463030 2.27313233
66.561787 2.27342720
66.660543 2.27372250
66.759299 2.27401825
66.858056 2.27431444
66.956812 2.27461108
67.055568 2.27490815
67.154325 2.27520567
67.253081 2.27550364
67.351837 2.27580204
67.450594 2.27610089
67.549350 2.27640019
67.648107 2.27669992
67.746863 2.27700010
67.845619 2.27730072
67.944376 2.27760179
68.043132 2.27790330
68.141888 2.27820525
68.240645 2.27850764
68.339401 2.27881048
68.438157 2.27911376
68.536914 2.27941749
68.635670 2.27972166
68.734427 2.28002627
68.833183 2.28033132
68.931939 2.28063682
69.030696 2.28094276
69.129452 2.28124914
69.228208 2.28155597
69.326965 2.28186324
69.425721 2.28217095
69.524477 2.28247911
69.623234 2.28278771
69.721990 2.28309675
69.820746 2.28340624
69.919503 2.28371617
70.018259 2.28402654
70.117016 2.28433736
70.215772 2.28464862
70.314528 2.28496032
70.413285 2.28527247
70.512041 2.28558506
70.610797 2.28589809
70.709554 2.28621157
70.808310 2.28652549
70.907066 2.28683985
71.005823 2.28715466
71.104579 2.28746991
71.203336 2.28778560
71.302092 2.28810174
71.400848 2.28841832
71.499605 2.28873534
71.598361 2.28905281
71.697117 2.28937068
71.795874 2.28968860
71.894630 2.29000651
71.993386 2.29032442
72.092143 2.29064233
72.190899 2.29096024
72.289655 2.29127815
72.388412 2.29159609
72.487168 2.29191423
72.585925 2.29223193
