0.098756 1.63853088
0.197513 1.63853461
0.296269 1.63853059
0.395025 1.63853017
0.493782 1.63853020
0.592538 1.63853024
0.691295 1.63853029
0.790051 1.63853035
0.888807 1.63853041
0.987564 1.63853048
1.086320 1.63853056
1.185076 1.63853065
1.283833 1.63853075
1.382589 1.63853086
1.481345 1.63853099
1.580102 1.63853113
1.678858 1.63853128
1.777614 1.63853145
1.876371 1.63853164
1.975127 1.63853184
2.073884 1.63853207
2.172640 1.63853231
2.271396 1.63853258
2.370153 1.63853286
2.468909 1.63853317
2.567665 1.63853350
2.666422 1.63853386
2.765178 1.63853424
2.863934 1.63853465
2.962691 1.63853508
3.061447 1.63853555
3.160204 1.63853604
3.258960 1.63853657
3.357716 1.63853712
3.456473 1.63853771
3.555229 1.63853833
3.653985 1.63853899
3.752742 1.63853968
3.851498 1.63854041
3.950254 1.63854118
4.049011 1.63854199
4.147767 1.63854283
4.246523 1.63854372
4.345280 1.63854464
4.444036 1.63854562
4.542793 1.63854663
4.641549 1.63854769
4.740305 1.63854879
4.839062 1.63854995
4.937818 1.63855115
5.036574 1.63855241
5.135331 1.63855370
5.234087 1.63855506
5.332843 1.63855646
5.431600 1.63855793
5.530356 1.63855944
5.629113 1.63856102
5.727869 1.63856264
5.826625 1.63856434
5.925382 1.63856608
6.024138 1.63856790
6.122894 1.63856977
6.221651 1.63857171
6.320407 1.63857370
6.419163 1.63857577
6.517920 1.63857790
6.616676 1.63858011
6.715432 1.63858238
6.814189 1.63858473
6.912945 1.63858714
7.011702 1.63858963
7.110458 1.63859219
7.209214 1.63859484
7.307971 1.63859755
7.406727 1.63860035
7.505483 1.63860322
7.604240 1.63860619
7.702996 1.63860922
7.801752 1.63861235
7.900509 1.63861555
7.999265 1.63861886
8.098022 1.63862224
8.196778 1.63862572
8.295534 1.63862928
8.394291 1.63863294
8.493047 1.63863669
8.591803 1.63864055
8.690560 1.63864448
8.789316 1.63864853
8.888072 1.63865267
8.986829 1.63865692
9.085585 1.63866126
9.184341 1.63866572
9.283098 1.63867027
9.381854 1.63867494
9.480611 1.63867970
9.579367 1.63868459
9.678123 1.63868958
9.776880 1.63869470
9.875636 1.63869991
9.974392 1.63870526
10.073149 1.63871071
10.171905 1.63871629
10.270661 1.63872198
10.369418 1.63872781
10.468174 1.63873374
10.566931 1.63873982
10.665687 1.63874601
10.764443 1.63875234
10.863200 1.63875879
10.961956 1.63876538
11.060712 1.63877210
11.159469 1.63877896
11.258225 1.63878594
11.356981 1.63879308
11.455738 1.63880034
11.554494 1.63880776
11.653250 1.63881530
11.752007 1.63882300
11.850763 1.63883083
11.949520 1.63883882
12.048276 1.63884694
12.147032 1.63885523
12.245789 1.63886364
12.344545 1.63887223
12.443301 1.63888095
12.542058 1.63888983
12.640814 1.63889885
12.739570 1.63890804
12.838327 1.63891736
12.937083 1.63892686
13.035840 1.63893648
13.134596 1.63894628
13.233352 1.63895620
13.332109 1.63896629
13.430865 1.63897651
13.529621 1.63898689
13.628378 1.63899739
13.727134 1.63900805
13.825890 1.63901882
13.924647 1.63902974
14.023403 1.63904076
14.122159 1.63905191
14.220916 1.63906315
14.319672 1.63907450
14.418429 1.63908592
14.517185 1.63909742
14.615941 1.63910897
14.714698 1.63912056
14.813454 1.63913217
14.912210 1.63914377
15.010967 1.63915534
15.109723 1.63916685
15.208479 1.63917826
15.307236 1.63918954
15.405992 1.63920063
15.504749 1.63921149
15.603505 1.63922206
15.702261 1.63923229
15.801018 1.63924207
15.899774 1.63925135
15.998530 1.63926002
16.097287 1.63926797
16.196043 1.63927508
16.294799 1.63928121
16.393556 1.63928620
16.492312 1.63928988
16.591068 1.63929204
16.689825 1.63929247
16.788581 1.63929090
16.887338 1.63928705
16.986094 1.63928058
17.084850 1.63927114
17.183607 1.63925831
17.282363 1.63924164
17.381119 1.63922059
17.479876 1.63919458
17.578632 1.63916294
17.677388 1.63912495
17.776145 1.63907977
17.874901 1.63902646
17.973658 1.63896397
18.072414 1.63889114
18.171170 1.63880665
18.269927 1.63870902
18.368683 1.63859662
18.467439 1.63846759
18.566196 1.63831990
18.664952 1.63815122
18.763708 1.63795902
18.862465 1.63774042
18.961221 1.63749224
19.059977 1.63721092
19.158734 1.63689252
19.257490 1.63653263
19.356247 1.63612637
19.455003 1.63566830
19.553759 1.63515239
19.652516 1.63457192
19.751272 1.63391948
19.850028 1.63318680
19.948785 1.63236479
20.047541 1.63144328
20.146297 1.63041113
20.245054 1.62925589
20.343810 1.62796392
20.442567 1.62652003
20.541323 1.62490756
20.640079 1.62310798
20.738836 1.62110099
20.837592 1.61886405
20.936348 1.61637248
21.035105 1.61359890
21.133861 1.61051336
21.232617 1.60708269
21.331374 1.60327059
21.430130 1.59903692
21.528886 1.59433776
21.627643 1.58912454
21.726399 1.58334410
21.825156 1.57693763
21.923912 1.56984063
22.022668 1.56198157
22.121425 1.55328167
22.220181 1.54365312
22.318937 1.53299851
22.417694 1.52120827
22.516450 1.50815930
22.615206 1.49371131
22.713963 1.47770380
22.812719 1.45995026
22.911476 1.44023230
23.010232 1.41828975
23.108988 1.39380930
23.207745 1.36640715
23.306501 1.33560682
23.405257 1.30080766
23.504014 1.26124190
23.602770 1.21591575
23.701526 1.16352608
23.800283 1.10234848
23.899039 1.03007570
23.997795 0.94360245
24.096552 0.83871514
24.195308 0.70967659
24.294065 0.54865423
24.392821 0.34489908
24.491577 0.08380544
24.590334 -0.25460645
24.689090 -0.69562896
24.787846 -1.25728639
24.886603 -1.88140412
24.985359 -2.32657955
25.084115 -2.36858614
25.182872 -2.16468804
25.281628 -2.03111689
25.380385 -2.11891835
25.479141 -2.48092667
25.577897 -3.17083833
25.676654 -4.26060726
25.775410 -5.80218160
25.874166 -7.71365266
25.972923 -9.59518099
26.071679 -10.74376969
26.170435 -10.70168485
26.269192 -9.81120455
26.367948 -8.92047808
26.466704 -8.68537043
26.565461 -9.27501618
26.664217 -10.35102500
26.762974 -11.13002234
26.861730 -10.83846103
26.960486 -9.39992245
27.059243 -7.44070287
27.157999 -5.61690824
27.256755 -4.22636810
27.355512 -3.30799383
27.454268 -2.81684319
27.553024 -2.71023756
27.651781 -2.97798129
27.750537 -3.64675659
27.849294 -4.76779745
27.948050 -6.36855788
28.046806 -8.32592575
28.145563 -10.18436624
28.244319 -11.22181252
28.343075 -11.04647603
28.441832 -10.08788711
28.540588 -9.20810472
28.639344 -9.01884818
28.738101 -9.63783892
28.836857 -10.67476502
28.935613 -11.31837031
29.034370 -10.84652584
29.133126 -9.28063870
29.231883 -7.28542998
29.330639 -5.48415186
29.429395 -4.13490407
29.528152 -3.25881728
29.626908 -2.80763547
29.725664 -2.74060661
29.824421 -3.05097919
29.923177 -3.76844426
30.021933 -4.94433885
30.120690 -6.59714205
30.219446 -8.57427098
30.318203 -10.37695283
30.416959 -11.28241440
30.515715 -10.97889218
30.614472 -9.97902228
30.713228 -9.14683019
30.811984 -9.04343943
30.910741 -9.73131269
31.009497 -10.76510135
31.108253 -11.30880738
31.207010 -10.69812239
31.305766 -9.04900109
31.404522 -7.05461896
31.503279 -5.30179083
31.602035 -4.01143295
31.700792 -3.18963801
31.799548 -2.78633723
31.898304 -2.76365946
31.997061 -3.11902719
32.095817 -3.88563421
32.194573 -5.11496907
32.293330 -6.81556044
32.392086 -8.80358992
32.490842 -10.53910347
32.589599 -11.30846993
32.688355 -10.88662534
32.787112 -9.86216435
32.885868 -9.09129004
32.984624 -9.08164660
33.083381 -9.83961846
33.182137 -10.86488322
33.280893 -11.30346825
33.379650 -10.55745911
33.478406 -8.83453024
33.577162 -6.84728969
33.675919 -5.14376128
33.774675 -3.91051061
33.873431 -3.14093973
33.972188 -2.78404824
34.070944 -2.80500721
34.169701 -3.20520106
34.268457 -4.02076245
34.367213 -5.30220385
34.465970 -7.04578750
34.564726 -9.03345296
34.663482 -10.68546611
34.762239 -11.30610452
34.860995 -10.76160460
34.959751 -9.70903868
35.058508 -8.98891786
35.157264 -9.05388703
35.256021 -9.85364715
35.354777 -10.83327162
35.453533 -11.12798484
35.552290 -10.21391664
35.651046 -8.38664978
35.749802 -6.37038699
35.848559 -4.67373081
35.947315 -3.45224192
36.046071 -2.68867922
36.144828 -2.33131552
36.243584 -2.34751105
36.342340 -2.74120611
36.441097 -3.54974037
36.539853 -4.82057671
36.638610 -6.53495484
36.737366 -8.43810412
36.836122 -9.91361186
36.934879 -10.29386374
37.033635 -9.54059272
37.132391 -8.37132523
37.231148 -7.60365925
37.329904 -7.63401745
37.428660 -8.35454758
37.527417 -9.15661592
37.626173 -9.17164372
37.724929 -7.95322989
37.823686 -5.87438091
37.922442 -3.65888399
38.021199 -1.77687543
38.119955 -0.36482166
38.218711 0.59049604
38.317468 1.13385857
38.416224 1.30888625
38.514980 1.17039347
38.613737 0.87117956
38.712493 0.74456484
38.811249 1.02394180
38.910006 1.53437387
39.008762 2.02100708
39.107519 2.40552393
39.206275 2.69888260
39.305031 2.92218086
39.403788 3.09177249
39.502544 3.21981425
39.601300 3.31493959
39.700057 3.38313720
39.798813 3.42818861
39.897569 3.45251225
39.996326 3.45909177
40.095082 3.46079065
40.193838 3.46179699
40.292595 3.46262622
40.391351 3.46338325
40.490108 3.46410364
40.588864 3.46480330
40.687620 3.46549035
40.786377 3.46616932
40.885133 3.46684296
40.983889 3.46751297
41.082646 3.46818048
41.181402 3.46884624
41.280158 3.46951081
41.378915 3.47017462
41.477671 3.47083808
41.576428 3.47150174
41.675184 3.47216651
41.773940 3.47283424
41.872697 3.47350907
41.971453 3.47420234
42.070209 3.47495471
42.168966 3.47594966
42.267722 3.47789507
42.366478 3.48076000
42.465235 3.48410022
42.563991 3.48720231
42.662747 3.48898198
42.761504 3.48781761
42.860260 3.48128979
42.959017 3.46581185
43.057773 3.43616106
43.156529 3.38460831
43.255286 3.30054479
43.354042 3.17258575
43.452798 2.99726230
43.551555 2.80016256
43.650311 2.64863808
43.749067 2.61490497
43.847824 2.70854708
43.946580 2.86595651
44.045337 3.01107324
44.144093 3.10288489
44.242849 3.13273930
44.341606 3.10441506
44.440362 3.02248914
44.539118 2.89075363
44.637875 2.71687423
44.736631 2.52513006
44.835387 2.36838233
44.934144 2.30438814
45.032900 2.33744193
45.131656 2.40168510
45.230413 2.41210210
45.329169 2.31118251
45.427926 2.08476856
45.526682 1.78752718
45.625438 1.55905506
45.724195 1.54894543
45.822951 1.78247222
45.921707 2.13963825
46.020464 2.47635569
46.119220 2.71843338
46.217976 2.85538004
46.316733 2.89999921
46.415489 2.86434441
46.514246 2.75416772
46.613002 2.56938587
46.711758 2.30752439
46.810515 1.97642135
46.909271 1.62274974
47.008027 1.35131917
47.106784 1.26885356
47.205540 1.38268617
47.304296 1.61377840
47.403053 1.88878840
47.501809 2.14433148
47.600565 2.34612606
47.699322 2.53020005
47.798078 2.73059075
47.896835 2.92149610
47.995591 3.07478101
48.094347 3.18953751
48.193104 3.27448624
48.291860 3.33763380
48.390616 3.38484165
48.489373 3.42009770
48.588129 3.44609543
48.686885 3.46455057
48.785642 3.47660145
48.884398 3.48276109
48.983155 3.48480227
49.081911 3.48579486
49.180667 3.48658063
49.279424 3.48730223
49.378180 3.48799581
49.476936 3.48867489
49.575693 3.48934578
49.674449 3.49001179
49.773205 3.49067477
49.871962 3.49133582
49.970718 3.49199561
50.069474 3.49265456
50.168231 3.49331296
50.266987 3.49397097
50.365744 3.49462872
50.464500 3.49528629
50.563256 3.49594372
50.662013 3.49660107
50.760769 3.49725819
50.859525 3.49791366
50.958282 3.49856733
51.057038 3.49921922
51.155794 3.49986932
51.254551 3.50051765
51.353307 3.50116421
51.452064 3.50180899
51.550820 3.50245201
51.649576 3.50309326
51.748333 3.50373274
51.847089 3.50437045
51.945845 3.50500641
52.044602 3.50564059
52.143358 3.50627302
52.242114 3.50690367
52.340871 3.50753257
52.439627 3.50815970
52.538383 3.50878507
52.637140 3.50940867
52.735896 3.51003051
52.834653 3.51065059
52.933409 3.51126890
53.032165 3.51188545
53.130922 3.51250024
53.229678 3.51311327
53.328434 3.51372453
53.427191 3.51433403
53.525947 3.51494176
53.624703 3.51554774
53.723460 3.51615195
53.822216 3.51675439
53.920973 3.51735508
54.019729 3.51795400
54.118485 3.51855116
54.217242 3.51914656
54.315998 3.51974019
54.414754 3.52033206
54.513511 3.52092217
54.612267 3.52151052
54.711023 3.52209711
54.809780 3.52268193
54.908536 3.52326499
55.007292 3.52384628
55.106049 3.52442582
55.204805 3.52500359
55.303562 3.52557960
55.402318 3.52615385
55.501074 3.52672633
55.599831 3.52729706
55.698587 3.52786602
55.797343 3.52843322
55.896100 3.52899866
55.994856 3.52956233
56.093612 3.53012424
56.192369 3.53068439
56.291125 3.53124278
56.389882 3.53179941
56.488638 3.53235427
56.587394 3.53290738
56.686151 3.53345872
56.784907 3.53400830
56.883663 3.53455611
56.982420 3.53510217
57.081176 3.53564646
57.179932 3.53618899
57.278689 3.53672976
57.377445 3.53726877
57.476201 3.53780602
57.574958 3.53834150
57.673714 3.53887522
57.772471 3.53940719
57.871227 3.53993739
57.969983 3.54046582
58.068740 3.54099250
58.167496 3.54151741
58.266252 3.54204057
58.365009 3.54256196
58.463765 3.54308159
58.562521 3.54359946
58.661278 3.54411557
58.760034 3.54462991
58.858791 3.54514250
58.957547 3.54565332
59.056303 3.54616238
59.155060 3.54666968
59.253816 3.54717522
59.352572 3.54767900
59.451329 3.54818101
59.550085 3.54868127
59.648841 3.54917976
59.747598 3.54967649
59.846354 3.55017146
59.945110 3.55066467
60.043867 3.55115612
60.142623 3.55164581
60.241380 3.55213374
60.340136 3.55261990
60.438892 3.55310431
60.537649 3.55358695
60.636405 3.55406783
60.735161 3.55454695
60.833918 3.55502431
60.932674 3.55549991
61.031430 3.55597375
61.130187 3.55644582
61.228943 3.55691614
61.327700 3.55738469
61.426456 3.55785148
61.525212 3.55831652
61.623969 3.55877979
61.722725 3.55924130
61.821481 3.55970105
61.920238 3.56015903
62.018994 3.56061526
62.117750 3.56106973
62.216507 3.56152243
62.315263 3.56197338
62.414019 3.56242256
62.512776 3.56286999
62.611532 3.56331565
62.710289 3.56375955
62.809045 3.56420169
62.907801 3.56464207
63.006558 3.56508069
63.105314 3.56551755
63.204070 3.56595264
63.302827 3.56638598
63.401583 3.56681756
63.500339 3.56724737
63.599096 3.56767542
63.697852 3.56810172
63.796609 3.56852625
63.895365 3.56894902
63.994121 3.56937003
64.092878 3.56978928
64.191634 3.57020677
64.290390 3.57062250
64.389147 3.57103647
64.487903 3.57144868
64.586659 3.57185913
64.685416 3.57226781
64.784172 3.57267474
64.882928 3.57307990
64.981685 3.57348331
65.080441 3.57388495
65.179198 3.57428484
65.277954 3.57468296
65.376710 3.57507932
65.475467 3.57547392
65.574223 3.57586676
65.672979 3.57625784
65.771736 3.57664716
65.870492 3.57703472
65.969248 3.57742052
66.068005 3.57780456
66.166761 3.57818683
66.265518 3.57856735
66.364274 3.57894610
66.463030 3.57932310
66.561787 3.57969833
66.660543 3.58007181
66.759299 3.58044352
66.858056 3.58081348
66.956812 3.58118167
67.055568 3.58154810
67.154325 3.58191277
67.253081 3.58227568
67.351837 3.58263683
67.450594 3.58299622
67.549350 3.58335385
67.648107 3.58370972
67.746863 3.58406383
67.845619 3.58441617
67.944376 3.58476676
68.043132 3.58511559
68.141888 3.58546265
68.240645 3.58580796
68.339401 3.58615150
68.438157 3.58649329
68.536914 3.58683331
68.635670 3.58717157
68.734427 3.58750808
68.833183 3.58784282
68.931939 3.58817580
69.030696 3.58850702
69.129452 3.58883648
69.228208 3.58916418
69.326965 3.58949012
69.425721 3.58981430
69.524477 3.59013672
69.623234 3.59045738
69.721990 3.59077627
69.820746 3.59109341
69.919503 3.59140879
70.018259 3.59172240
70.117016 3.59203426
70.215772 3.59234435
70.314528 3.59265269
70.413285 3.59295926
70.512041 3.59326407
70.610797 3.59356712
70.709554 3.59386842
70.808310 3.59416795
70.907066 3.59446572
71.005823 3.59476173
71.104579 3.59505598
71.203336 3.59534847
71.302092 3.59563919
71.400848 3.59592816
71.499605 3.59621537
71.598361 3.59650081
71.697117 3.59678465
71.795874 3.59706834
71.894630 3.59735202
71.993386 3.59763571
72.092143 3.59791939
72.190899 3.59820308
72.289655 3.59848677
72.388412 3.59877047
72.487168 3.59905433
72.585925 3.59933786
