0.098756 1.64816931
0.197513 1.64817233
0.296269 1.64816920
0.395025 1.64816890
0.493782 1.64816894
0.592538 1.64816900
0.691295 1.64816905
0.790051 1.64816910
0.888807 1.64816914
0.987564 1.64816918
1.086320 1.64816920
1.185076 1.64816923
1.283833 1.64816924
1.382589 1.64816924
1.481345 1.64816924
1.580102 1.64816922
1.678858 1.64816920
1.777614 1.64816916
1.876371 1.64816911
1.975127 1.64816905
2.073884 1.64816897
2.172640 1.64816888
2.271396 1.64816877
2.370153 1.64816865
2.468909 1.64816852
2.567665 1.64816836
2.666422 1.64816819
2.765178 1.64816801
2.863934 1.64816780
2.962691 1.64816757
3.061447 1.64816732
3.160204 1.64816706
3.258960 1.64816677
3.357716 1.64816646
3.456473 1.64816612
3.555229 1.64816576
3.653985 1.64816538
3.752742 1.64816498
3.851498 1.64816454
3.950254 1.64816409
4.049011 1.64816360
4.147767 1.64816309
4.246523 1.64816255
4.345280 1.64816198
4.444036 1.64816138
4.542793 1.64816075
4.641549 1.64816009
4.740305 1.64815940
4.839062 1.64815868
4.937818 1.64815792
5.036574 1.64815713
5.135331 1.64815631
5.234087 1.64815545
5.332843 1.64815455
5.431600 1.64815362
5.530356 1.64815266
5.629113 1.64815165
5.727869 1.64815061
5.826625 1.64814953
5.925382 1.64814841
6.024138 1.64814724
6.122894 1.64814604
6.221651 1.64814480
6.320407 1.64814351
6.419163 1.64814218
6.517920 1.64814081
6.616676 1.64813939
6.715432 1.64813793
6.814189 1.64813642
6.912945 1.64813487
7.011702 1.64813327
7.110458 1.64813162
7.209214 1.64812992
7.307971 1.64812818
7.406727 1.64812638
7.505483 1.64812453
7.604240 1.64812264
7.702996 1.64812069
7.801752 1.64811868
7.900509 1.64811663
7.999265 1.64811452
8.098022 1.64811235
8.196778 1.64811013
8.295534 1.64810786
8.394291 1.64810553
8.493047 1.64810313
8.591803 1.64810069
8.690560 1.64809818
8.789316 1.64809561
8.888072 1.64809298
8.986829 1.64809029
9.085585 1.64808754
9.184341 1.64808473
9.283098 1.64808185
9.381854 1.64807890
9.480611 1.64807590
9.579367 1.64807282
9.678123 1.64806968
9.776880 1.64806648
9.875636 1.64806320
9.974392 1.64805985
10.073149 1.64805644
10.171905 1.64805295
10.270661 1.64804940
10.369418 1.64804577
10.468174 1.64804206
10.566931 1.64803829
10.665687 1.64803444
10.764443 1.64803051
10.863200 1.64802650
10.961956 1.64802242
11.060712 1.64801826
11.159469 1.64801401
11.258225 1.64800969
11.356981 1.64800528
11.455738 1.64800080
11.554494 1.64799622
11.653250 1.64799156
11.752007 1.64798682
11.850763 1.64798198
11.949520 1.64797706
12.048276 1.64797205
12.147032 1.64796694
12.245789 1.64796174
12.344545 1.64795644
12.443301 1.64795104
12.542058 1.64794554
12.640814 1.64793995
12.739570 1.64793424
12.838327 1.64792843
12.937083 1.64792251
13.035840 1.64791648
13.134596 1.64791032
13.233352 1.64790405
13.332109 1.64789765
13.430865 1.64789113
13.529621 1.64788446
13.628378 1.64787767
13.727134 1.64787071
13.825890 1.64786362
13.924647 1.64785635
14.023403 1.64784892
14.122159 1.64784130
14.220916 1.64783349
14.319672 1.64782548
14.418429 1.64781725
14.517185 1.64780878
14.615941 1.64780007
14.714698 1.64779108
14.813454 1.64778180
14.912210 1.64777219
15.010967 1.64776224
15.109723 1.64775189
15.208479 1.64774114
15.307236 1.64772991
15.405992 1.64771819
15.504749 1.64770590
15.603505 1.64769300
15.702261 1.64767939
15.801018 1.64766503
15.899774 1.64764980
15.998530 1.64763364
16.097287 1.64761640
16.196043 1.64759799
16.294799 1.64757824
16.393556 1.64755702
16.492312 1.64753412
16.591068 1.64750936
16.689825 1.64748249
16.788581 1.64745329
16.887338 1.64742143
16.986094 1.64738661
17.084850 1.64734844
17.183607 1.64730653
17.282363 1.64726038
17.381119 1.64720952
17.479876 1.64715329
17.578632 1.64709109
17.677388 1.64702213
17.776145 1.64694562
17.874901 1.64686056
17.973658 1.64676596
18.072414 1.64666059
18.171170 1.64654318
18.269927 1.64641219
18.368683 1.64626603
18.467439 1.64610278
18.566196 1.64592043
18.664952 1.64571661
18.763708 1.64548880
18.862465 1.64523406
18.961221 1.64494923
19.059977 1.64463068
19.158734 1.64427446
19.257490 1.64387611
19.356247 1.64343071
19.455003 1.64293275
19.553759 1.64237617
19.652516 1.64175414
19.751272 1.64105921
19.850028 1.64028299
19.948785 1.63941628
20.047541 1.63844881
20.146297 1.63736929
20.245054 1.63616513
20.343810 1.63482250
20.442567 1.63332603
20.541323 1.63165879
20.640079 1.62980206
20.738836 1.62773520
20.837592 1.62543542
20.936348 1.62287760
21.035105 1.62003406
21.133861 1.61687432
21.232617 1.61336483
21.331374 1.60946863
21.430130 1.60514513
21.528886 1.60034961
21.627643 1.59503297
21.726399 1.58914110
21.825156 1.58261455
21.923912 1.57538774
22.022668 1.56738841
22.121425 1.55853652
22.220181 1.54874351
22.318937 1.53791053
22.417694 1.52592719
22.516450 1.51266891
22.615206 1.49799455
22.713963 1.48174206
22.812719 1.46372415
22.911476 1.44372087
23.010232 1.42147146
23.108988 1.39666113
23.207745 1.36890575
23.306501 1.33772761
23.405257 1.30252619
23.504014 1.26253290
23.602770 1.21675468
23.701526 1.16388832
23.800283 1.10221097
23.899039 1.02941627
23.997795 0.94240152
24.096552 0.83695521
24.195308 0.70734393
24.294065 0.54573843
24.392821 0.34139441
24.491577 0.07971032
24.590334 -0.25928878
24.689090 -0.70089142
24.787846 -1.26311821
24.886603 -1.88779225
24.985359 -2.33350893
25.084115 -2.37525817
25.182872 -2.17110677
25.281628 -2.03729210
25.380385 -2.12487006
25.479141 -2.48667992
25.577897 -3.17641224
25.676654 -4.26600922
25.775410 -5.80740504
25.874166 -7.71868082
25.972923 -9.59999615
26.071679 -10.74836112
26.170435 -10.70605512
26.269192 -9.81537627
26.367948 -8.92449488
26.466704 -8.68928996
26.565461 -9.27890098
26.664217 -10.35493325
26.762974 -11.13399957
26.861730 -10.84253158
26.960486 -9.40408693
27.059243 -7.44493763
27.157999 -5.62116658
27.256755 -4.23058172
27.355512 -3.31208186
27.454268 -2.82072571
27.553024 -2.71384870
27.651781 -2.98127621
27.750537 -3.64971175
27.849294 -4.77040637
27.948050 -6.37083026
28.046806 -8.32789432
28.145563 -10.18609883
28.244319 -11.22342246
28.343075 -11.04811006
28.441832 -10.08969243
28.540588 -9.21020303
28.639344 -9.02132830
28.738101 -9.64075248
28.836857 -10.67812300
28.935613 -11.32213995
29.034370 -10.85063998
29.133126 -9.28502156
29.231883 -7.29001970
29.330639 -5.48889899
29.429395 -4.13976191
29.528152 -3.26374153
29.626908 -2.81259069
29.725664 -2.74557232
29.824421 -3.05595234
29.923177 -3.77343387
30.021933 -4.94935576
30.120690 -6.60218987
30.219446 -8.57934493
30.318203 -10.38204150
30.416959 -11.28749868
30.515715 -10.98392433
30.614472 -9.98389945
30.713228 -9.15136142
30.811984 -9.04731871
30.910741 -9.73409709
31.009497 -10.76619706
31.108253 -11.30748641
31.207010 -10.69361921
31.305766 -9.04068120
31.404522 -7.04211842
31.503279 -5.28502066
31.602035 -3.99049478
31.700792 -3.16473928
31.799548 -2.75769481
31.898304 -2.73138480
31.997061 -3.08301881
32.095817 -3.84548049
32.194573 -5.06988813
32.293330 -6.76439195
32.392086 -8.74480815
32.490842 -10.47082567
32.589599 -11.22844246
32.688355 -10.79223315
32.787112 -9.75048528
32.885868 -8.95906229
32.984624 -8.92512943
33.083381 -9.65444748
33.182137 -10.64595055
33.280893 -11.04493496
33.379650 -10.25309423
33.478406 -8.47849749
33.577162 -6.43537883
33.675919 -4.67511148
33.774675 -3.38974444
33.873431 -2.57990720
33.972188 -2.20177747
34.070944 -2.22502010
34.169701 -2.65087467
34.268457 -3.51077307
34.367213 -4.84803784
34.465970 -6.65183363
34.564726 -8.69872931
34.663482 -10.40569272
34.762239 -11.07536400
34.860995 -10.57356787
34.959751 -9.55781367
35.058508 -8.86947904
35.157264 -8.96226609
35.256021 -9.78697926
35.354777 -10.78974093
35.453533 -11.10668422
35.552290 -10.21450295
35.651046 -8.40884018
35.749802 -6.41355441
35.848559 -4.73689895
35.947315 -3.53438241
36.046071 -2.78901712
36.144828 -2.44957383
36.243584 -2.48403046
36.342340 -2.89690288
36.441097 -3.72599028
36.539853 -5.01907325
36.638610 -6.75750023
36.737366 -8.68635539
36.836122 -10.18892642
36.934879 -10.59734583
37.033635 -9.87347350
37.132391 -8.73550318
37.231148 -8.00215409
37.329904 -8.07134473
37.428660 -8.83681611
37.527417 -9.69113690
37.626173 -9.76552802
37.724929 -8.61045739
37.823686 -6.59227876
37.922442 -4.42616096
38.021199 -2.57490104
38.119955 -1.17177746
38.218711 -0.20537835
38.317468 0.36355684
38.416224 0.57198368
38.514980 0.46925381
38.613737 0.20482538
38.712493 0.11050822
38.811249 0.41935308
38.910006 0.95663358
39.008762 1.46795010
39.107519 1.87542960
39.206275 2.19047886
39.305031 2.43451919
39.403788 2.62369611
39.502544 2.76942551
39.601300 2.87895101
39.700057 2.95703439
39.798813 3.00793991
39.897569 3.03479020
39.996326 3.04211156
40.095082 3.04412532
40.193838 3.04530512
40.292595 3.04625059
40.391351 3.04709588
40.490108 3.04788927
40.588864 3.04865304
40.687620 3.04939880
40.786377 3.05013312
40.885133 3.05085995
40.983889 3.05158178
41.082646 3.05230023
41.181402 3.05301642
41.280158 3.05373115
41.378915 3.05444506
41.477671 3.05515880
41.576428 3.05587314
41.675184 3.05658926
41.773940 3.05730938
41.872697 3.05803815
41.971453 3.05878757
42.070209 3.05959948
42.168966 3.06066033
42.267722 3.06268683
42.366478 3.06564689
42.465235 3.06909258
42.563991 3.07230711
42.662747 3.07420343
42.761504 3.07315751
42.860260 3.06674786
42.959017 3.05138609
43.057773 3.02184806
43.156529 2.97040374
43.255286 2.88644382
43.354042 2.75858369
43.452798 2.58335500
43.551555 2.38634622
43.650311 2.23490846
43.749067 2.20125694
43.847824 2.29497535
43.946580 2.45245676
44.045337 2.59764301
44.144093 2.68952373
44.242849 2.71944865
44.341606 2.69119799
44.440362 2.60934990
44.539118 2.47769685
44.637875 2.30390432
44.736631 2.11225043
44.835387 1.95559470
44.934144 1.89169221
45.032900 1.92483537
45.131656 1.98916400
45.230413 1.99966176
45.329169 1.89881843
45.427926 1.67247738
45.526682 1.37530729
45.625438 1.14690687
45.724195 1.13687078
45.822951 1.37047281
45.921707 1.72771443
46.020464 2.06450672
46.119220 2.30665822
46.217976 2.44367803
46.316733 2.48837048
46.415489 2.45278963
46.514246 2.34268797
46.613002 2.15798243
46.711758 1.89619840
46.810515 1.56517336
46.909271 1.21157927
47.008027 0.94022433
47.106784 0.85783128
47.205540 0.97173350
47.304296 1.20289346
47.403053 1.47797087
47.501809 1.73358257
47.600565 1.93544817
47.699322 2.11959652
47.798078 2.32006524
47.896835 2.51105219
47.995591 2.66442159
48.094347 2.77926467
48.193104 2.86430094
48.291860 2.92753585
48.390616 2.97482968
48.489373 3.01016900
48.588129 3.03624590
48.686885 3.05477451
48.785642 3.06689196
48.884398 3.07311001
48.983155 3.07520325
49.081911 3.07624592
49.180667 3.07708126
49.279424 3.07785217
49.378180 3.07859493
49.476936 3.07932308
49.575693 3.08004298
49.674449 3.08075795
49.773205 3.08146986
49.871962 3.08217982
49.970718 3.08288850
50.069474 3.08359635
50.168231 3.08430362
50.266987 3.08501052
50.365744 3.08571715
50.464500 3.08642359
50.563256 3.08712991
50.662013 3.08783614
50.760769 3.08854214
50.859525 3.08924630
50.958282 3.08994847
51.057038 3.09064865
51.155794 3.09134685
51.254551 3.09204307
51.353307 3.09273733
51.452064 3.09342962
51.550820 3.09411994
51.649576 3.09480830
51.748333 3.09549469
51.847089 3.09617912
51.945845 3.09686158
52.044602 3.09754209
52.143358 3.09822063
52.242114 3.09889721
52.340871 3.09957183
52.439627 3.10024449
52.538383 3.10091518
52.637140 3.10158392
52.735896 3.10225069
52.834653 3.10291550
52.933409 3.10357835
53.032165 3.10423924
53.130922 3.10489817
53.229678 3.10555514
53.328434 3.10621014
53.427191 3.10686319
53.525947 3.10751427
53.624703 3.10816340
53.723460 3.10881056
53.822216 3.10945576
53.920973 3.11009900
54.019729 3.11074028
54.118485 3.11137960
54.217242 3.11201696
54.315998 3.11265236
54.414754 3.11328579
54.513511 3.11391727
54.612267 3.11454678
54.711023 3.11517434
54.809780 3.11579993
54.908536 3.11642356
55.007292 3.11704523
55.106049 3.11766494
55.204805 3.11828269
55.303562 3.11889848
55.402318 3.11951231
55.501074 3.12012417
55.599831 3.12073408
55.698587 3.12134202
55.797343 3.12194801
55.896100 3.12255203
55.994856 3.12315409
56.093612 3.12375419
56.192369 3.12435233
56.291125 3.12494851
56.389882 3.12554273
56.488638 3.12613499
56.587394 3.12672528
56.686151 3.12731362
56.784907 3.12789999
56.883663 3.12848440
56.982420 3.12906686
57.081176 3.12964735
57.179932 3.13022588
57.278689 3.13080245
57.377445 3.13137706
57.476201 3.13194970
57.574958 3.13252039
57.673714 3.13308912
57.772471 3.13365588
57.871227 3.13422069
57.969983 3.13478353
58.068740 3.13534441
58.167496 3.13590333
58.266252 3.13646029
58.365009 3.13701529
58.463765 3.13756832
58.562521 3.13811940
58.661278 3.13866852
58.760034 3.13921567
58.858791 3.13976086
58.957547 3.14030410
59.056303 3.14084537
59.155060 3.14138468
59.253816 3.14192203
59.352572 3.14245741
59.451329 3.14299084
59.550085 3.14352230
59.648841 3.14405181
59.747598 3.14457935
59.846354 3.14510493
59.945110 3.14562855
60.043867 3.14615021
60.142623 3.14666991
60.241380 3.14718765
60.340136 3.14770343
60.438892 3.14821724
60.537649 3.14872909
60.636405 3.14923899
60.735161 3.14974692
60.833918 3.15025289
60.932674 3.15075690
61.031430 3.15125894
61.130187 3.15175903
61.228943 3.15225715
61.327700 3.15275332
61.426456 3.15324752
61.525212 3.15373976
61.623969 3.15423004
61.722725 3.15471836
61.821481 3.15520471
61.920238 3.15568911
62.018994 3.15617154
62.117750 3.15665201
62.216507 3.15713052
62.315263 3.15760707
62.414019 3.15808166
62.512776 3.15855429
62.611532 3.15902495
62.710289 3.15949366
62.809045 3.15996040
62.907801 3.16042518
63.006558 3.16088800
63.105314 3.16134886
63.204070 3.16180775
63.302827 3.16226469
63.401583 3.16271966
63.500339 3.16317267
63.599096 3.16362372
63.697852 3.16407281
63.796609 3.16451994
63.895365 3.16496510
63.994121 3.16540831
64.092878 3.16584955
64.191634 3.16628883
64.290390 3.16672615
64.389147 3.16716150
64.487903 3.16759490
64.586659 3.16802633
64.685416 3.16845581
64.784172 3.16888332
64.882928 3.16930886
64.981685 3.16973245
65.080441 3.17015408
65.179198 3.17057374
65.277954 3.17099144
65.376710 3.17140718
65.475467 3.17182096
65.574223 3.17223277
65.672979 3.17264263
65.771736 3.17305052
65.870492 3.17345645
65.969248 3.17386042
66.068005 3.17426242
66.166761 3.17466247
66.265518 3.17506055
66.364274 3.17545667
66.463030 3.17585083
66.561787 3.17624303
66.660543 3.17663326
66.759299 3.17702153
66.858056 3.17740784
66.956812 3.17779219
67.055568 3.17817458
67.154325 3.17855501
67.253081 3.17893347
67.351837 3.17930997
67.450594 3.17968451
67.549350 3.18005708
67.648107 3.18042770
67.746863 3.18079635
67.845619 3.18116304
67.944376 3.18152777
68.043132 3.18189053
68.141888 3.18225134
68.240645 3.18261018
68.339401 3.18296706
68.438157 3.18332197
68.536914 3.18367493
68.635670 3.18402592
68.734427 3.18437495
68.833183 3.18472202
68.931939 3.18506712
69.030696 3.18541027
69.129452 3.18575145
69.228208 3.18609067
69.326965 3.18642792
69.425721 3.18676322
69.524477 3.18709655
69.623234 3.18742792
69.721990 3.18775733
69.820746 3.18808477
69.919503 3.18841025
70.018259 3.18873377
70.117016 3.18905533
70.215772 3.18937492
70.314528 3.18969256
70.413285 3.19000822
70.512041 3.19032193
70.610797 3.19063368
70.709554 3.19094346
70.808310 3.19125128
70.907066 3.19155713
71.005823 3.19186103
71.104579 3.19216296
71.203336 3.19246293
71.302092 3.19276094
71.400848 3.19305698
71.499605 3.19335106
71.598361 3.19364318
71.697117 3.19393350
71.795874 3.19422366
71.894630 3.19451381
71.993386 3.19480397
72.092143 3.19509412
72.190899 3.19538428
72.289655 3.19567444
72.388412 3.19596461
72.487168 3.19625496
72.585925 3.19654494
