0.098756 1.64563982
0.197513 1.64564355
0.296269 1.64563958
0.395025 1.64563918
0.493782 1.64563923
0.592538 1.64563928
0.691295 1.64563934
0.790051 1.64563940
0.888807 1.64563946
0.987564 1.64563952
1.086320 1.64563958
1.185076 1.64563964
1.283833 1.64563971
1.382589 1.64563977
1.481345 1.64563984
1.580102 1.64563991
1.678858 1.64563998
1.777614 1.64564006
1.876371 1.64564014
1.975127 1.64564022
2.073884 1.64564030
2.172640 1.64564039
2.271396 1.64564047
2.370153 1.64564057
2.468909 1.64564066
2.567665 1.64564076
2.666422 1.64564086
2.765178 1.64564097
2.863934 1.64564108
2.962691 1.64564120
3.061447 1.64564132
3.160204 1.64564144
3.258960 1.64564157
3.357716 1.64564170
3.456473 1.64564184
3.555229 1.64564198
3.653985 1.64564213
3.752742 1.64564228
3.851498 1.64564244
3.950254 1.64564260
4.049011 1.64564277
4.147767 1.64564294
4.246523 1.64564312
4.345280 1.64564331
4.444036 1.64564350
4.542793 1.64564370
4.641549 1.64564390
4.740305 1.64564411
4.839062 1.64564433
4.937818 1.64564456
5.036574 1.64564479
5.135331 1.64564503
5.234087 1.64564527
5.332843 1.64564553
5.431600 1.64564579
5.530356 1.64564605
5.629113 1.64564633
5.727869 1.64564661
5.826625 1.64564690
5.925382 1.64564720
6.024138 1.64564751
6.122894 1.64564783
6.221651 1.64564815
6.320407 1.64564849
6.419163 1.64564883
6.517920 1.64564918
6.616676 1.64564954
6.715432 1.64564991
6.814189 1.64565028
6.912945 1.64565067
7.011702 1.64565107
7.110458 1.64565147
7.209214 1.64565189
7.307971 1.64565231
7.406727 1.64565275
7.505483 1.64565319
7.604240 1.64565365
7.702996 1.64565411
7.801752 1.64565459
7.900509 1.64565507
7.999265 1.64565557
8.098022 1.64565608
8.196778 1.64565660
8.295534 1.64565713
8.394291 1.64565767
8.493047 1.64565822
8.591803 1.64565878
8.690560 1.64565935
8.789316 1.64565994
8.888072 1.64566053
8.986829 1.64566114
9.085585 1.64566176
9.184341 1.64566239
9.283098 1.64566303
9.381854 1.64566369
9.480611 1.64566436
9.579367 1.64566504
9.678123 1.64566573
9.776880 1.64566643
9.875636 1.64566715
9.974392 1.64566787
10.073149 1.64566861
10.171905 1.64566937
10.270661 1.64567013
10.369418 1.64567091
10.468174 1.64567170
10.566931 1.64567250
10.665687 1.64567332
10.764443 1.64567414
10.863200 1.64567498
10.961956 1.64567584
11.060712 1.64567670
11.159469 1.64567758
11.258225 1.64567847
11.356981 1.64567937
11.455738 1.64568028
11.554494 1.64568120
11.653250 1.64568214
11.752007 1.64568308
11.850763 1.64568404
11.949520 1.64568500
12.048276 1.64568598
12.147032 1.64568696
12.245789 1.64568795
12.344545 1.64568895
12.443301 1.64568995
12.542058 1.64569096
12.640814 1.64569198
12.739570 1.64569299
12.838327 1.64569401
12.937083 1.64569502
13.035840 1.64569604
13.134596 1.64569704
13.233352 1.64569804
13.332109 1.64569902
13.430865 1.64570000
13.529621 1.64570094
13.628378 1.64570187
13.727134 1.64570277
13.825890 1.64570363
13.924647 1.64570444
14.023403 1.64570521
14.122159 1.64570592
14.220916 1.64570655
14.319672 1.64570711
14.418429 1.64570757
14.517185 1.64570792
14.615941 1.64570814
14.714698 1.64570821
14.813454 1.64570812
14.912210 1.64570784
15.010967 1.64570734
15.109723 1.64570658
15.208479 1.64570553
15.307236 1.64570415
15.405992 1.64570240
15.504749 1.64570022
15.603505 1.64569755
15.702261 1.64569433
15.801018 1.64569047
15.899774 1.64568590
15.998530 1.64568051
16.097287 1.64567419
16.196043 1.64566683
16.294799 1.64565828
16.393556 1.64564837
16.492312 1.64563694
16.591068 1.64562378
16.689825 1.64560866
16.788581 1.64559132
16.887338 1.64557147
16.986094 1.64554879
17.084850 1.64552290
17.183607 1.64549340
17.282363 1.64545981
17.381119 1.64542161
17.479876 1.64537820
17.578632 1.64532893
17.677388 1.64527304
17.776145 1.64520971
17.874901 1.64513798
17.973658 1.64505680
18.072414 1.64496500
18.171170 1.64486124
18.269927 1.64474405
18.368683 1.64461177
18.467439 1.64446253
18.566196 1.64429427
18.664952 1.64410468
18.763708 1.64389116
18.862465 1.64365083
18.961221 1.64338048
19.059977 1.64307652
19.158734 1.64273497
19.257490 1.64235137
19.356247 1.64192080
19.455003 1.64143776
19.553759 1.64089615
19.652516 1.64028921
19.751272 1.63960942
19.850028 1.63884844
19.948785 1.63799705
20.047541 1.63704501
20.146297 1.63598100
20.245054 1.63479249
20.343810 1.63346562
20.442567 1.63198507
20.541323 1.63033393
20.640079 1.62849350
20.738836 1.62644317
20.837592 1.62416020
20.936348 1.62161952
21.035105 1.61879351
21.133861 1.61565175
21.232617 1.61216077
21.331374 1.60828372
21.430130 1.60398008
21.528886 1.59920529
21.627643 1.59391034
21.726399 1.58804134
21.825156 1.58153898
21.923912 1.57433789
22.022668 1.56636601
22.121425 1.55754362
22.220181 1.54778232
22.318937 1.53698369
22.417694 1.52503756
22.516450 1.51181982
22.615206 1.49718959
22.713963 1.48098538
22.812719 1.46302021
22.911476 1.44307475
23.010232 1.42088858
23.108988 1.39614764
23.207745 1.36846814
23.306501 1.33737319
23.405257 1.30226262
23.504014 1.26236872
23.602770 1.21669885
23.701526 1.16395069
23.800283 1.10240186
23.899039 1.02974696
23.997795 0.94288388
24.096552 0.83760217
24.195308 0.70816919
24.294065 0.54675702
24.392821 0.34262259
24.491577 0.08116616
24.590334 -0.25758522
24.689090 -0.69891751
24.787846 -1.26084862
24.886603 -1.88519879
24.985359 -2.33056143
25.084115 -2.37268779
25.182872 -2.16887401
25.281628 -2.03535229
25.380385 -2.12316768
25.479141 -2.48515558
25.577897 -3.17501377
25.676654 -4.26469878
25.775410 -5.80616068
25.874166 -7.71749245
25.972923 -9.59885578
26.071679 -10.74725499
26.170435 -10.70496414
26.269192 -9.81428184
26.367948 -8.92338488
26.466704 -8.68816226
26.565461 -9.27776715
26.664217 -10.35382065
26.762974 -11.13295204
26.861730 -10.84160495
26.960486 -9.40333658
27.059243 -7.44440781
27.157999 -5.62088981
27.256755 -4.23058379
27.355512 -3.31238029
27.454268 -2.82132368
27.553024 -2.71472960
27.651781 -2.98240255
27.750537 -3.65103019
27.849294 -4.77185725
27.948050 -6.37235472
28.046806 -8.32943509
28.145563 -10.18759551
28.244319 -11.22480840
28.343075 -11.04932288
28.441832 -10.09069576
28.540588 -9.21099902
28.639344 -9.02195563
28.738101 -9.64128217
28.836857 -10.67865278
28.935613 -11.32278744
29.034370 -10.85152647
29.133126 -9.28624788
29.231883 -7.29164894
29.330639 -5.49095841
29.429395 -4.14225125
29.528152 -3.26663544
29.626908 -2.81583619
29.725664 -2.74908793
29.824421 -3.05963023
29.923177 -3.77714835
30.021933 -4.95297583
30.120690 -6.60559200
30.219446 -8.58242005
30.318203 -10.38469892
30.416959 -11.28967014
30.515715 -10.98557616
30.614472 -9.98504357
30.713228 -9.15205634
30.811984 -9.04765484
30.910741 -9.73418435
31.009497 -10.76614962
31.108253 -11.30740872
31.207010 -10.69359078
31.305766 -9.04074671
31.404522 -7.04228798
31.503279 -5.28527601
31.602035 -3.99079461
31.700792 -3.16501875
31.799548 -2.75786203
31.898304 -2.73132203
31.997061 -3.08259078
32.095817 -3.84454998
32.194573 -5.06833630
32.293330 -6.76213859
32.392086 -8.74182847
32.490842 -10.46716236
32.589599 -11.22421870
32.688355 -10.78766637
32.787112 -9.74589596
32.885868 -8.95487946
32.984624 -8.92189091
33.083381 -9.65279619
33.182137 -10.64663516
33.280893 -11.04878033
33.379650 -10.26089502
33.478406 -8.49086599
33.577162 -6.45265751
33.675919 -4.69740070
33.774675 -3.41699440
33.873431 -2.61201570
33.972188 -2.23871836
34.070944 -2.26701821
34.169701 -2.69850460
34.268457 -3.56460957
34.367213 -4.90871017
34.465970 -6.72025065
34.564726 -8.77618731
34.663482 -10.49393794
34.762239 -11.17663372
34.860995 -10.69057625
34.959751 -9.69369368
35.058508 -9.02775778
35.157264 -9.14688944
35.256021 -10.00235267
35.354777 -11.04070082
35.453533 -11.39819537
35.552290 -10.55080898
35.651046 -8.79184884
35.749802 -6.84060745
35.848559 -5.19864306
35.947315 -4.01404124
36.046071 -3.26422367
36.144828 -2.89653388
36.243584 -2.88220957
36.342340 -3.23209336
36.441097 -3.99079268
36.539853 -5.21143221
36.638610 -6.87869962
36.737366 -8.73947002
36.836122 -10.17787382
36.934879 -10.52622909
37.033635 -9.74581496
37.132391 -8.55346969
37.231148 -7.76605961
37.329904 -7.77935429
37.428660 -8.48497433
37.527417 -9.27390713
37.626173 -9.27732873
37.724929 -8.04867997
37.823686 -5.96087918
37.922442 -3.73772597
38.021199 -1.84951582
38.119955 -0.43259049
38.218711 0.52659364
38.317468 1.07308296
38.416224 1.25071104
38.514980 1.11445843
38.613737 0.81725007
38.712493 0.69250704
38.811249 0.97368729
38.910006 1.48588697
39.008762 1.97425386
39.107519 2.36045703
39.206275 2.65542240
39.305031 2.88019667
39.403788 3.05109930
39.502544 3.18027604
39.601300 3.27636027
39.700057 3.34533834
39.798813 3.39098618
39.897569 3.41571641
39.996326 3.42252326
40.095082 3.42439044
40.193838 3.42555232
40.292595 3.42653181
40.391351 3.42743622
40.490108 3.42830233
40.588864 3.42914671
40.687620 3.42997785
40.786377 3.43080055
40.885133 3.43161767
40.983889 3.43243102
41.082646 3.43324179
41.181402 3.43405078
41.280158 3.43485858
41.378915 3.43566566
41.477671 3.43647249
41.576428 3.43727967
41.675184 3.43808819
41.773940 3.43890000
41.872697 3.43971942
41.971453 3.44055801
42.070209 3.44145686
42.168966 3.44260054
42.267722 3.44470058
42.366478 3.44772623
42.465235 3.45123231
42.563991 3.45450441
42.662747 3.45645732
42.761504 3.45546847
42.860260 3.44911754
42.959017 3.43381701
43.057773 3.40434334
43.156529 3.35296681
43.255286 3.26907814
43.354042 3.14129243
43.452798 2.96614086
43.551555 2.76921146
43.650311 2.61785527
43.749067 2.58428776
43.847824 2.67809268
43.946580 2.83566296
44.045337 2.98094001
44.144093 3.07291306
44.242849 3.10293148
44.341606 3.07477523
44.440362 2.99302219
44.539118 2.86146469
44.637875 2.68776810
44.736631 2.49621055
44.835387 2.33965161
44.934144 2.27584649
45.032900 2.30908771
45.131656 2.37351511
45.230413 2.38411233
45.329169 2.28336904
45.427926 2.05712862
45.526682 1.76005972
45.625438 1.53176128
45.724195 1.52182819
45.822951 1.75553411
45.921707 2.11288032
46.020464 2.44977777
46.119220 2.69203505
46.217976 2.82916157
46.316733 2.87396191
46.415489 2.83849031
46.514246 2.72849928
46.613002 2.54390564
46.711758 2.28223457
46.810515 1.95132319
46.909271 1.59784305
47.008027 1.32660182
47.106784 1.24432193
47.205540 1.35833669
47.304296 1.58960885
47.403053 1.86479861
47.501809 2.12052336
47.600565 2.32250333
47.699322 2.50676777
47.798078 2.70735464
47.896835 2.89846173
47.995591 3.05195306
48.094347 3.16691935
48.193104 3.25207950
48.291860 3.31543826
48.390616 3.36285506
48.489373 3.39831561
48.588129 3.42451095
48.686885 3.44315411
48.785642 3.45538121
48.884398 3.46170314
48.983155 3.46389531
49.081911 3.46503488
49.180667 3.46596621
49.279424 3.46683256
49.378180 3.46767039
49.476936 3.46849338
49.575693 3.46930794
49.674449 3.47011747
49.773205 3.47092385
49.871962 3.47172822
49.970718 3.47253128
50.069474 3.47333347
50.168231 3.47413506
50.266987 3.47493625
50.365744 3.47573715
50.464500 3.47653786
50.563256 3.47733844
50.662013 3.47813891
50.760769 3.47893910
50.859525 3.47973699
50.958282 3.48053240
51.057038 3.48132532
51.155794 3.48211577
51.254551 3.48290374
51.353307 3.48368925
51.452064 3.48447230
51.550820 3.48525288
51.649576 3.48603101
51.748333 3.48680668
51.847089 3.48757988
51.945845 3.48835063
52.044602 3.48911892
52.143358 3.48988476
52.242114 3.49064814
52.340871 3.49140906
52.439627 3.49216752
52.538383 3.49292353
52.637140 3.49367709
52.735896 3.49442818
52.834653 3.49517683
52.933409 3.49592301
53.032165 3.49666674
53.130922 3.49740801
53.229678 3.49814683
53.328434 3.49888319
53.427191 3.49961710
53.525947 3.50034855
53.624703 3.50107755
53.723460 3.50180408
53.822216 3.50252817
53.920973 3.50324980
54.019729 3.50396897
54.118485 3.50468569
54.217242 3.50539995
54.315998 3.50611176
54.414754 3.50682111
54.513511 3.50752801
54.612267 3.50823245
54.711023 3.50893443
54.809780 3.50963396
54.908536 3.51033104
55.007292 3.51102566
55.106049 3.51171783
55.204805 3.51240754
55.303562 3.51309479
55.402318 3.51377959
55.501074 3.51446194
55.599831 3.51514183
55.698587 3.51581926
55.797343 3.51649424
55.896100 3.51716677
55.994856 3.51783684
56.093612 3.51850445
56.192369 3.51916962
56.291125 3.51983232
56.389882 3.52049257
56.488638 3.52115037
56.587394 3.52180571
56.686151 3.52245860
56.784907 3.52310903
56.883663 3.52375701
56.982420 3.52440253
57.081176 3.52504560
57.179932 3.52568622
57.278689 3.52632438
57.377445 3.52696008
57.476201 3.52759334
57.574958 3.52822413
57.673714 3.52885248
57.772471 3.52947836
57.871227 3.53010180
57.969983 3.53072278
58.068740 3.53134130
58.167496 3.53195737
58.266252 3.53257099
58.365009 3.53318215
58.463765 3.53379086
58.562521 3.53439712
58.661278 3.53500092
58.760034 3.53560227
58.858791 3.53620116
58.957547 3.53679760
59.056303 3.53739158
59.155060 3.53798311
59.253816 3.53857219
59.352572 3.53915881
59.451329 3.53974298
59.550085 3.54032470
59.648841 3.54090396
59.747598 3.54148077
59.846354 3.54205512
59.945110 3.54262702
60.043867 3.54319647
60.142623 3.54376346
60.241380 3.54432800
60.340136 3.54489009
60.438892 3.54544972
60.537649 3.54600690
60.636405 3.54656163
60.735161 3.54711390
60.833918 3.54766372
60.932674 3.54821108
61.031430 3.54875600
61.130187 3.54929845
61.228943 3.54983846
61.327700 3.55037601
61.426456 3.55091111
61.525212 3.55144376
61.623969 3.55197395
61.722725 3.55250169
61.821481 3.55302697
61.920238 3.55354981
62.018994 3.55407019
62.117750 3.55458811
62.216507 3.55510359
62.315263 3.55561661
62.414019 3.55612717
62.512776 3.55663529
62.611532 3.55714095
62.710289 3.55764416
62.809045 3.55814492
62.907801 3.55864322
63.006558 3.55913907
63.105314 3.55963247
63.204070 3.56012341
63.302827 3.56061190
63.401583 3.56109794
63.500339 3.56158153
63.599096 3.56206266
63.697852 3.56254134
63.796609 3.56301757
63.895365 3.56349135
63.994121 3.56396267
64.092878 3.56443154
64.191634 3.56489796
64.290390 3.56536192
64.389147 3.56582344
64.487903 3.56628250
64.586659 3.56673911
64.685416 3.56719326
64.784172 3.56764496
64.882928 3.56809421
64.981685 3.56854101
65.080441 3.56898536
65.179198 3.56942725
65.277954 3.56986669
65.376710 3.57030368
65.475467 3.57073822
65.574223 3.57117031
65.672979 3.57159994
65.771736 3.57202712
65.870492 3.57245185
65.969248 3.57287412
66.068005 3.57329395
66.166761 3.57371132
66.265518 3.57412624
66.364274 3.57453871
66.463030 3.57494872
66.561787 3.57535629
66.660543 3.57576140
66.759299 3.57616406
66.858056 3.57656427
66.956812 3.57696202
67.055568 3.57735733
67.154325 3.57775018
67.253081 3.57814058
67.351837 3.57852853
67.450594 3.57891402
67.549350 3.57929707
67.648107 3.57967766
67.746863 3.58005581
67.845619 3.58043150
67.944376 3.58080473
68.043132 3.58117552
68.141888 3.58154385
68.240645 3.58190974
68.339401 3.58227317
68.438157 3.58263415
68.536914 3.58299268
68.635670 3.58334876
68.734427 3.58370238
68.833183 3.58405355
68.931939 3.58440228
69.030696 3.58474855
69.129452 3.58509237
69.228208 3.58543374
69.326965 3.58577265
69.425721 3.58610912
69.524477 3.58644313
69.623234 3.58677470
69.721990 3.58710381
69.820746 3.58743047
69.919503 3.58775468
70.018259 3.58807643
70.117016 3.58839574
70.215772 3.58871259
70.314528 3.58902700
70.413285 3.58933895
70.512041 3.58964845
70.610797 3.58995550
70.709554 3.59026010
70.808310 3.59056225
70.907066 3.59086195
71.005823 3.59115919
71.104579 3.59145399
71.203336 3.59174633
71.302092 3.59203623
71.400848 3.59232367
71.499605 3.59260866
71.598361 3.59289120
71.697117 3.59317150
71.795874 3.59345159
71.894630 3.59373167
71.993386 3.59401176
72.092143 3.59429185
72.190899 3.59457194
72.289655 3.59485203
72.388412 3.59513213
72.487168 3.59541239
72.585925 3.59569233
