0.098756 1.64952619
0.197513 1.64952800
0.296269 1.64952604
0.395025 1.64952584
0.493782 1.64952585
0.592538 1.64952587
0.691295 1.64952590
0.790051 1.64952592
0.888807 1.64952596
0.987564 1.64952600
1.086320 1.64952604
1.185076 1.64952609
1.283833 1.64952615
1.382589 1.64952622
1.481345 1.64952629
1.580102 1.64952637
1.678858 1.64952647
1.777614 1.64952657
1.876371 1.64952668
1.975127 1.64952681
2.073884 1.64952695
2.172640 1.64952709
2.271396 1.64952726
2.370153 1.64952743
2.468909 1.64952762
2.567665 1.64952783
2.666422 1.64952805
2.765178 1.64952828
2.863934 1.64952854
2.962691 1.64952881
3.061447 1.64952909
3.160204 1.64952940
3.258960 1.64952972
3.357716 1.64953007
3.456473 1.64953043
3.555229 1.64953082
3.653985 1.64953122
3.752742 1.64953165
3.851498 1.64953209
3.950254 1.64953257
4.049011 1.64953306
4.147767 1.64953358
4.246523 1.64953412
4.345280 1.64953469
4.444036 1.64953528
4.542793 1.64953590
4.641549 1.64953654
4.740305 1.64953721
4.839062 1.64953791
4.937818 1.64953863
5.036574 1.64953939
5.135331 1.64954017
5.234087 1.64954098
5.332843 1.64954182
5.431600 1.64954269
5.530356 1.64954360
5.629113 1.64954453
5.727869 1.64954549
5.826625 1.64954649
5.925382 1.64954752
6.024138 1.64954858
6.122894 1.64954968
6.221651 1.64955080
6.320407 1.64955197
6.419163 1.64955317
6.517920 1.64955440
6.616676 1.64955567
6.715432 1.64955697
6.814189 1.64955831
6.912945 1.64955969
7.011702 1.64956110
7.110458 1.64956255
7.209214 1.64956404
7.307971 1.64956556
7.406727 1.64956713
7.505483 1.64956873
7.604240 1.64957037
7.702996 1.64957205
7.801752 1.64957377
7.900509 1.64957553
7.999265 1.64957733
8.098022 1.64957917
8.196778 1.64958104
8.295534 1.64958297
8.394291 1.64958492
8.493047 1.64958693
8.591803 1.64958897
8.690560 1.64959106
8.789316 1.64959318
8.888072 1.64959535
8.986829 1.64959756
9.085585 1.64959981
9.184341 1.64960210
9.283098 1.64960444
9.381854 1.64960681
9.480611 1.64960924
9.579367 1.64961169
9.678123 1.64961420
9.776880 1.64961674
9.875636 1.64961934
9.974392 1.64962196
10.073149 1.64962464
10.171905 1.64962735
10.270661 1.64963012
10.369418 1.64963291
10.468174 1.64963576
10.566931 1.64963863
10.665687 1.64964156
10.764443 1.64964452
10.863200 1.64964754
10.961956 1.64965058
11.060712 1.64965367
11.159469 1.64965679
11.258225 1.64965997
11.356981 1.64966316
11.455738 1.64966642
11.554494 1.64966969
11.653250 1.64967302
11.752007 1.64967637
11.850763 1.64967977
11.949520 1.64968319
12.048276 1.64968666
12.147032 1.64969014
12.245789 1.64969368
12.344545 1.64969723
12.443301 1.64970082
12.542058 1.64970443
12.640814 1.64970808
12.739570 1.64971173
12.838327 1.64971543
12.937083 1.64971912
13.035840 1.64972285
13.134596 1.64972658
13.233352 1.64973033
13.332109 1.64973408
13.430865 1.64973784
13.529621 1.64974158
13.628378 1.64974534
13.727134 1.64974906
13.825890 1.64975278
13.924647 1.64975645
14.023403 1.64976011
14.122159 1.64976369
14.220916 1.64976725
14.319672 1.64977070
14.418429 1.64977411
14.517185 1.64977738
14.615941 1.64978057
14.714698 1.64978359
14.813454 1.64978648
14.912210 1.64978916
15.010967 1.64979166
15.109723 1.64979387
15.208479 1.64979584
15.307236 1.64979745
15.405992 1.64979872
15.504749 1.64979954
15.603505 1.64979990
15.702261 1.64979968
15.801018 1.64979886
15.899774 1.64979729
15.998530 1.64979495
16.097287 1.64979164
16.196043 1.64978733
16.294799 1.64978179
16.393556 1.64977493
16.492312 1.64976651
16.591068 1.64975640
16.689825 1.64974429
16.788581 1.64973001
16.887338 1.64971317
16.986094 1.64969355
17.084850 1.64967067
17.183607 1.64964423
17.282363 1.64961366
17.381119 1.64957852
17.479876 1.64953813
17.578632 1.64949193
17.677388 1.64943907
17.776145 1.64937881
17.874901 1.64931012
17.973658 1.64923204
18.072414 1.64914328
18.171170 1.64904264
18.269927 1.64892852
18.368683 1.64879936
18.467439 1.64865322
18.566196 1.64848812
18.664952 1.64830163
18.763708 1.64809129
18.862465 1.64785410
18.961221 1.64758694
19.059977 1.64728613
19.158734 1.64694777
19.257490 1.64656733
19.356247 1.64613995
19.455003 1.64566004
19.553759 1.64512158
19.652516 1.64451771
19.751272 1.64384097
19.850028 1.64308293
19.948785 1.64223443
20.047541 1.64128511
20.146297 1.64022370
20.245054 1.63903755
20.343810 1.63771282
20.442567 1.63623408
20.541323 1.63458440
20.640079 1.63274496
20.738836 1.63069509
20.837592 1.62841191
20.936348 1.62587026
21.035105 1.62304235
21.133861 1.61989762
21.232617 1.61640239
21.331374 1.61251960
21.430130 1.60820850
21.528886 1.60342422
21.627643 1.59811749
21.726399 1.59223399
21.825156 1.58571408
21.923912 1.57849189
22.022668 1.57049493
22.121425 1.56164284
22.220181 1.55184677
22.318937 1.54100746
22.417694 1.52901422
22.516450 1.51574195
22.615206 1.50104918
22.713963 1.48477327
22.812719 1.46672654
22.911476 1.44668837
23.010232 1.42439757
23.108988 1.39953858
23.207745 1.37172677
23.306501 1.34048360
23.405257 1.30520795
23.504014 1.26513027
23.602770 1.21925686
23.701526 1.16628334
23.800283 1.10448607
23.899039 1.03155728
23.997795 0.94439319
24.096552 0.83878046
24.195308 0.70898408
24.294065 0.54717227
24.392821 0.34259828
24.491577 0.08065695
24.590334 -0.25863039
24.689090 -0.70055733
24.787846 -1.26314964
24.886603 -1.88823682
24.985359 -2.33441929
25.084115 -2.37555638
25.182872 -2.17087127
25.281628 -2.03661630
25.380385 -2.12386863
25.479141 -2.48547755
25.577897 -3.17512390
25.676654 -4.26472689
25.775410 -5.80619107
25.874166 -7.71757002
25.972923 -9.59900811
26.071679 -10.74751012
26.170435 -10.70534962
26.269192 -9.81480765
26.367948 -8.92403200
26.466704 -8.68887827
26.565461 -9.27846777
26.664217 -10.35439072
26.762974 -11.13325296
26.861730 -10.84149143
26.960486 -9.40268554
27.059243 -7.44313981
27.157999 -5.61896573
27.256755 -4.22799161
27.355512 -3.30913742
27.454268 -2.81748853
27.553024 -2.71041064
27.651781 -2.97775551
27.750537 -3.64624003
27.849294 -4.76710924
27.948050 -6.36780823
28.046806 -8.32521158
28.145563 -10.18377993
28.244319 -11.22145094
28.343075 -11.04643023
28.441832 -10.08821887
28.540588 -9.20883262
28.639344 -9.01995004
28.738101 -9.63925761
28.836857 -10.67641449
28.935613 -11.32014500
29.034370 -10.84831677
29.133126 -9.28235689
29.231883 -7.28701885
29.330639 -5.48557850
29.429395 -4.13614483
29.528152 -3.25986225
29.626908 -2.80850322
29.725664 -2.74135604
29.824421 -3.05170663
29.923177 -3.76926289
30.021933 -4.94534658
30.120690 -6.59839412
30.219446 -8.57576898
30.318203 -10.37864672
30.416959 -11.28420302
30.515715 -10.98061438
30.614472 -9.98045036
30.713228 -9.14765453
30.811984 -9.04324792
30.910741 -9.72957665
31.009497 -10.76116605
31.108253 -11.30191453
31.207010 -10.68750586
31.305766 -9.03404698
31.404522 -7.03499281
31.503279 -5.27743484
31.602035 -3.98248051
31.700792 -3.15633637
31.799548 -2.74896135
31.898304 -2.72240530
31.997061 -3.07390463
32.095817 -3.83636473
32.194573 -5.06091732
32.293330 -6.75571804
32.392086 -8.73658767
32.490842 -10.46322352
32.589599 -11.22163888
32.688355 -10.78641634
32.787112 -9.74583652
32.885868 -8.95577179
32.984624 -8.92344486
33.083381 -9.65471138
33.182137 -10.64863419
33.280893 -11.05063506
33.379650 -10.26245478
33.478406 -8.49206527
33.577162 -6.45349911
33.675919 -4.69794132
33.774675 -3.41735756
33.873431 -2.61241316
33.972188 -2.23946615
34.070944 -2.26853258
34.169701 -2.70127873
34.268457 -3.56917806
34.367213 -4.91559530
34.465970 -6.72989506
34.564726 -8.78889842
34.663482 -10.50985795
34.762239 -11.19572905
34.860995 -10.71264114
34.959751 -9.71838049
35.058508 -9.05470434
35.157264 -9.17591794
35.256021 -10.03363006
35.354777 -11.07487665
35.453533 -11.43644361
35.552290 -10.59459888
35.651046 -8.84251944
35.749802 -6.89903930
35.848559 -5.26527221
35.947315 -4.08905976
36.046071 -3.34774867
36.144828 -2.98873338
36.243584 -2.98338035
36.342340 -3.34265788
36.441097 -4.11124547
36.539853 -5.34224889
36.638610 -7.02018852
36.737366 -8.89159001
36.836122 -10.34013332
36.934879 -10.69773763
37.033635 -9.92557903
37.132391 -8.74080199
37.231148 -7.96097635
37.329904 -7.98295947
37.428660 -8.69971301
37.527417 -9.50375061
37.626173 -9.52760339
37.724929 -8.32502952
37.823686 -6.26776675
37.922442 -4.07745306
38.021199 -2.22217973
38.119955 -0.83675884
38.218711 0.09320768
38.317468 0.61305116
38.416224 0.76633983
38.514980 0.60758566
38.613737 0.28923830
38.712493 0.14421138
38.811249 0.40561468
38.910006 0.89835600
39.008762 1.36764685
39.107519 1.73531797
39.206275 2.01265848
39.305031 2.22127382
39.403788 2.37786608
39.502544 2.49470937
39.601300 2.58044712
39.700057 2.64108895
39.798813 2.68047794
39.897569 2.70108583
39.996326 2.70578371
40.095082 2.70619304
40.193838 2.70602634
40.292595 2.70572675
40.391351 2.70537748
40.490108 2.70500413
40.588864 2.70461729
40.687620 2.70422210
40.786377 2.70382140
40.885133 2.70341690
40.983889 2.70300972
41.082646 2.70260058
41.181402 2.70219001
41.280158 2.70177837
41.378915 2.70136593
41.477671 2.70095296
41.576428 2.70053981
41.675184 2.70012717
41.773940 2.69971648
41.872697 2.69931140
41.971453 2.69892243
42.070209 2.69858874
42.168966 2.69848956
42.267722 2.69931762
42.366478 2.70103891
42.465235 2.70321117
42.563991 2.70512382
42.662747 2.70569588
42.761504 2.70330946
42.860260 2.69554938
42.959017 2.67883313
43.057773 2.64794239
43.156529 2.59515154
43.255286 2.50985462
43.354042 2.38066809
43.452798 2.20412301
43.551555 2.00580797
43.650311 1.85307694
43.749067 1.81814906
43.847824 1.91060854
43.946580 2.06684329
44.045337 2.21078545
44.144093 2.30141367
44.242849 2.33006676
44.341606 2.30051498
44.440362 2.21732987
44.539118 2.08430194
44.637875 1.90909909
44.736631 1.71600671
44.835387 1.55789590
44.934144 1.49253575
45.032900 1.52423300
45.131656 1.58713927
45.230413 1.59624469
45.329169 1.49403841
45.427926 1.26635563
45.526682 0.96785138
45.625438 0.73810683
45.724195 0.72670317
45.822951 0.95891600
45.921707 1.31475899
46.020464 1.65015319
46.119220 1.89090951
46.217976 2.02653184
46.316733 2.06981676
46.415489 2.03281274
46.514246 1.92126901
46.613002 1.73510166
46.711758 1.47183874
46.810515 1.13932440
46.909271 0.78424137
47.008027 0.51141177
47.106784 0.42756938
47.205540 0.54004769
47.304296 0.76980015
47.403053 1.04347257
47.501809 1.29766692
47.600565 1.49808999
47.699322 1.68076070
47.798078 1.87971168
47.896835 2.06914135
47.995591 2.22091993
48.094347 2.33414794
48.193104 2.41755702
48.291860 2.47916625
48.390616 2.52485054
48.489373 2.55861271
48.588129 2.58316279
48.686885 2.60023515
48.785642 2.61098308
48.884398 2.61593447
48.983155 2.61684479
49.081911 2.61673469
49.180667 2.61642844
49.279424 2.61606402
49.378180 2.61567544
49.476936 2.61527493
49.575693 2.61486798
49.674449 2.61445735
49.773205 2.61404452
49.871962 2.61363034
49.970718 2.61321531
50.069474 2.61279974
50.168231 2.61238382
50.266987 2.61196767
50.365744 2.61155137
50.464500 2.61113496
50.563256 2.61071849
50.662013 2.61030197
50.760769 2.60988572
50.859525 2.60947260
50.958282 2.60906290
51.057038 2.60865664
51.155794 2.60825382
51.254551 2.60785444
51.353307 2.60745849
51.452064 2.60706599
51.550820 2.60667693
51.649576 2.60629132
51.748333 2.60590914
51.847089 2.60553041
51.945845 2.60515512
52.044602 2.60478328
52.143358 2.60441487
52.242114 2.60404991
52.340871 2.60368840
52.439627 2.60333033
52.538383 2.60297570
52.637140 2.60262451
52.735896 2.60227677
52.834653 2.60193247
52.933409 2.60159161
53.032165 2.60125420
53.130922 2.60092023
53.229678 2.60058970
53.328434 2.60026262
53.427191 2.59993898
53.525947 2.59961878
53.624703 2.59930203
53.723460 2.59898872
53.822216 2.59867885
53.920973 2.59837243
54.019729 2.59806944
54.118485 2.59776991
54.217242 2.59747381
54.315998 2.59718116
54.414754 2.59689195
54.513511 2.59660619
54.612267 2.59632387
54.711023 2.59604499
54.809780 2.59576955
54.908536 2.59549756
55.007292 2.59522901
55.106049 2.59496391
55.204805 2.59470225
55.303562 2.59444403
55.402318 2.59418925
55.501074 2.59393792
55.599831 2.59369003
55.698587 2.59344559
55.797343 2.59320458
55.896100 2.59296702
55.994856 2.59273291
56.093612 2.59250224
56.192369 2.59227501
56.291125 2.59205122
56.389882 2.59183088
56.488638 2.59161398
56.587394 2.59140052
56.686151 2.59119051
56.784907 2.59098394
56.883663 2.59078082
56.982420 2.59058113
57.081176 2.59038489
57.179932 2.59019210
57.278689 2.59000274
57.377445 2.58981683
57.476201 2.58963437
57.574958 2.58945535
57.673714 2.58927977
57.772471 2.58910763
57.871227 2.58893894
57.969983 2.58877369
58.068740 2.58861188
58.167496 2.58845352
58.266252 2.58829860
58.365009 2.58814712
58.463765 2.58799909
58.562521 2.58785450
58.661278 2.58771335
58.760034 2.58757565
58.858791 2.58744139
58.957547 2.58731057
59.056303 2.58718320
59.155060 2.58705927
59.253816 2.58693879
59.352572 2.58682174
59.451329 2.58670814
59.550085 2.58659799
59.648841 2.58649127
59.747598 2.58638801
59.846354 2.58628818
59.945110 2.58619180
60.043867 2.58609886
60.142623 2.58600936
60.241380 2.58592331
60.340136 2.58584070
60.438892 2.58576153
60.537649 2.58568581
60.636405 2.58561353
60.735161 2.58554470
60.833918 2.58547930
60.932674 2.58541735
61.031430 2.58535885
61.130187 2.58530379
61.228943 2.58525217
61.327700 2.58520399
61.426456 2.58515926
61.525212 2.58511797
61.623969 2.58508012
61.722725 2.58504572
61.821481 2.58501476
61.920238 2.58498725
62.018994 2.58496318
62.117750 2.58494255
62.216507 2.58492536
62.315263 2.58491162
62.414019 2.58490132
62.512776 2.58489446
62.611532 2.58489105
62.710289 2.58489108
62.809045 2.58489456
62.907801 2.58490148
63.006558 2.58491184
63.105314 2.58492564
63.204070 2.58494289
63.302827 2.58496358
63.401583 2.58498772
63.500339 2.58501530
63.599096 2.58504632
63.697852 2.58508078
63.796609 2.58511869
63.895365 2.58516004
63.994121 2.58520484
64.092878 2.58525308
64.191634 2.58530476
64.290390 2.58535988
64.389147 2.58541845
64.487903 2.58548046
64.586659 2.58554592
64.685416 2.58561482
64.784172 2.58568716
64.882928 2.58576294
64.981685 2.58584217
65.080441 2.58592484
65.179198 2.58601096
65.277954 2.58610052
65.376710 2.58619352
65.475467 2.58628997
65.574223 2.58638985
65.672979 2.58649319
65.771736 2.58659996
65.870492 2.58671018
65.969248 2.58682384
66.068005 2.58694095
66.166761 2.58706149
66.265518 2.58718549
66.364274 2.58731292
66.463030 2.58744380
66.561787 2.58757812
66.660543 2.58771589
66.759299 2.58785710
66.858056 2.58800175
66.956812 2.58814984
67.055568 2.58830138
67.154325 2.58845636
67.253081 2.58861479
67.351837 2.58877666
67.450594 2.58894197
67.549350 2.58911072
67.648107 2.58928292
67.746863 2.58945856
67.845619 2.58963765
67.944376 2.58982018
68.043132 2.59000615
68.141888 2.59019556
68.240645 2.59038842
68.339401 2.59058472
68.438157 2.59078447
68.536914 2.59098765
68.635670 2.59119429
68.734427 2.59140436
68.833183 2.59161788
68.931939 2.59183484
69.030696 2.59205524
69.129452 2.59227909
69.228208 2.59250638
69.326965 2.59273712
69.425721 2.59297129
69.524477 2.59320891
69.623234 2.59344998
69.721990 2.59369449
69.820746 2.59394244
69.919503 2.59419383
70.018259 2.59444867
70.117016 2.59470695
70.215772 2.59496867
70.314528 2.59523384
70.413285 2.59550245
70.512041 2.59577450
70.610797 2.59605000
70.709554 2.59632894
70.808310 2.59661132
70.907066 2.59689715
71.005823 2.59718642
71.104579 2.59747913
71.203336 2.59777529
71.302092 2.59807489
71.400848 2.59837793
71.499605 2.59868442
71.598361 2.59899435
71.697117 2.59930743
71.795874 2.59962080
71.894630 2.59993417
71.993386 2.60024755
72.092143 2.60056092
72.190899 2.60087429
72.289655 2.60118766
72.388412 2.60150106
72.487168 2.60181466
72.585925 2.60212783
