0.098756 1.65031513
0.197513 1.65031712
0.296269 1.65031497
0.395025 1.65031475
0.493782 1.65031477
0.592538 1.65031480
0.691295 1.65031483
0.790051 1.65031486
0.888807 1.65031489
0.987564 1.65031493
1.086320 1.65031497
1.185076 1.65031502
1.283833 1.65031508
1.382589 1.65031514
1.481345 1.65031520
1.580102 1.65031528
1.678858 1.65031536
1.777614 1.65031545
1.876371 1.65031554
1.975127 1.65031565
2.073884 1.65031577
2.172640 1.65031589
2.271396 1.65031602
2.370153 1.65031617
2.468909 1.65031633
2.567665 1.65031650
2.666422 1.65031667
2.765178 1.65031687
2.863934 1.65031707
2.962691 1.65031729
3.061447 1.65031752
3.160204 1.65031776
3.258960 1.65031802
3.357716 1.65031830
3.456473 1.65031858
3.555229 1.65031889
3.653985 1.65031921
3.752742 1.65031955
3.851498 1.65031990
3.950254 1.65032027
4.049011 1.65032066
4.147767 1.65032106
4.246523 1.65032148
4.345280 1.65032193
4.444036 1.65032239
4.542793 1.65032287
4.641549 1.65032337
4.740305 1.65032389
4.839062 1.65032443
4.937818 1.65032499
5.036574 1.65032557
5.135331 1.65032617
5.234087 1.65032679
5.332843 1.65032744
5.431600 1.65032811
5.530356 1.65032880
5.629113 1.65032951
5.727869 1.65033025
5.826625 1.65033101
5.925382 1.65033179
6.024138 1.65033259
6.122894 1.65033343
6.221651 1.65033428
6.320407 1.65033516
6.419163 1.65033606
6.517920 1.65033699
6.616676 1.65033794
6.715432 1.65033892
6.814189 1.65033992
6.912945 1.65034096
7.011702 1.65034201
7.110458 1.65034309
7.209214 1.65034420
7.307971 1.65034533
7.406727 1.65034649
7.505483 1.65034768
7.604240 1.65034889
7.702996 1.65035014
7.801752 1.65035140
7.900509 1.65035270
7.999265 1.65035402
8.098022 1.65035537
8.196778 1.65035674
8.295534 1.65035815
8.394291 1.65035958
8.493047 1.65036104
8.591803 1.65036252
8.690560 1.65036404
8.789316 1.65036557
8.888072 1.65036715
8.986829 1.65036874
9.085585 1.65037037
9.184341 1.65037201
9.283098 1.65037369
9.381854 1.65037539
9.480611 1.65037713
9.579367 1.65037889
9.678123 1.65038068
9.776880 1.65038248
9.875636 1.65038433
9.974392 1.65038619
10.073149 1.65038809
10.171905 1.65039000
10.270661 1.65039195
10.369418 1.65039392
10.468174 1.65039592
10.566931 1.65039794
10.665687 1.65039999
10.764443 1.65040205
10.863200 1.65040416
10.961956 1.65040627
11.060712 1.65040842
11.159469 1.65041058
11.258225 1.65041278
11.356981 1.65041499
11.455738 1.65041723
11.554494 1.65041948
11.653250 1.65042176
11.752007 1.65042405
11.850763 1.65042637
11.949520 1.65042870
12.048276 1.65043105
12.147032 1.65043341
12.245789 1.65043580
12.344545 1.65043819
12.443301 1.65044061
12.542058 1.65044302
12.640814 1.65044545
12.739570 1.65044788
12.838327 1.65045033
12.937083 1.65045276
13.035840 1.65045522
13.134596 1.65045765
13.233352 1.65046009
13.332109 1.65046251
13.430865 1.65046492
13.529621 1.65046731
13.628378 1.65046968
13.727134 1.65047201
13.825890 1.65047432
13.924647 1.65047657
14.023403 1.65047879
14.122159 1.65048092
14.220916 1.65048300
14.319672 1.65048498
14.418429 1.65048687
14.517185 1.65048864
14.615941 1.65049029
14.714698 1.65049177
14.813454 1.65049309
14.912210 1.65049420
15.010967 1.65049510
15.109723 1.65049572
15.208479 1.65049606
15.307236 1.65049604
15.405992 1.65049565
15.504749 1.65049481
15.603505 1.65049348
15.702261 1.65049157
15.801018 1.65048904
15.899774 1.65048575
15.998530 1.65048165
16.097287 1.65047660
16.196043 1.65047049
16.294799 1.65046317
16.393556 1.65045449
16.492312 1.65044425
16.591068 1.65043227
16.689825 1.65041829
16.788581 1.65040209
16.887338 1.65038335
16.986094 1.65036175
17.084850 1.65033691
17.183607 1.65030843
17.282363 1.65027582
17.381119 1.65023858
17.479876 1.65019608
17.578632 1.65014768
17.677388 1.65009260
17.776145 1.65003004
17.874901 1.64995901
17.973658 1.64987848
18.072414 1.64978724
18.171170 1.64968398
18.269927 1.64956718
18.368683 1.64943520
18.467439 1.64928614
18.566196 1.64911794
18.664952 1.64892825
18.763708 1.64871447
18.862465 1.64847370
18.961221 1.64820269
19.059977 1.64789784
19.158734 1.64755512
19.257490 1.64717005
19.356247 1.64673767
19.455003 1.64625241
19.553759 1.64570815
19.652516 1.64509804
19.751272 1.64441451
19.850028 1.64364915
19.948785 1.64279263
20.047541 1.64183464
20.146297 1.64076373
20.245054 1.63956726
20.343810 1.63823123
20.442567 1.63674017
20.541323 1.63507699
20.640079 1.63322281
20.738836 1.63115679
20.837592 1.62885597
20.936348 1.62629501
21.035105 1.62344599
21.133861 1.62027818
21.232617 1.61675774
21.331374 1.61284743
21.430130 1.60850632
21.528886 1.60368934
21.627643 1.59834704
21.726399 1.59242490
21.825156 1.58586308
21.923912 1.57859553
22.022668 1.57054955
22.121425 1.56164465
22.220181 1.55179176
22.318937 1.54089157
22.417694 1.52883320
22.516450 1.51549158
22.615206 1.50072510
22.713963 1.48437126
22.812719 1.46624235
22.911476 1.44611804
23.010232 1.42373719
23.108988 1.39878478
23.207745 1.37087639
23.306501 1.33953422
23.405257 1.30415761
23.504014 1.26397806
23.602770 1.21800255
23.701526 1.16492813
23.800283 1.10303214
23.899039 1.03000859
23.997795 0.94275506
24.096552 0.83706033
24.195308 0.70719107
24.294065 0.54531792
24.392821 0.34069605
24.491577 0.07872287
24.590334 -0.26057826
24.689090 -0.70249833
24.787846 -1.26506094
24.886603 -1.89009267
24.985359 -2.33619154
25.084115 -2.37739554
25.182872 -2.17274089
25.281628 -2.03847285
25.380385 -2.12566037
25.479141 -2.48714566
25.577897 -3.17660643
25.676654 -4.26596156
25.775410 -5.80712104
25.874166 -7.71814963
25.972923 -9.59920741
26.071679 -10.74731840
26.170435 -10.70477755
26.269192 -9.81389084
26.367948 -8.92283108
26.466704 -8.68747673
26.565461 -9.27696683
26.664217 -10.35290678
26.762974 -11.13191094
26.861730 -10.84041144
26.960486 -9.40196120
27.059243 -7.44282166
27.157999 -5.61906030
27.256755 -4.22846970
27.355512 -3.30994032
27.454268 -2.81853442
27.553024 -2.71160026
27.651781 -2.97897793
27.750537 -3.64737961
27.849294 -4.76805463
27.948050 -6.36846324
28.046806 -8.32550649
28.145563 -10.18368184
28.244319 -11.22097330
28.343075 -11.04563447
28.441832 -10.08720413
28.540588 -9.20772139
28.639344 -9.01887427
28.738101 -9.63834567
28.836857 -10.67577747
28.935613 -11.31986196
29.034370 -10.84842609
29.133126 -9.28285982
29.231883 -7.28789056
29.330639 -5.48677365
29.429395 -4.13760193
29.528152 -3.26150728
29.626908 -2.81025297
29.725664 -2.74312166
29.824421 -3.05340043
29.923177 -3.77080777
30.021933 -4.94668761
30.120690 -6.59951012
30.219446 -8.57668317
30.318203 -10.37943384
30.416959 -11.28499215
30.515715 -10.98157114
30.614472 -9.98173978
30.713228 -9.14941378
30.811984 -9.04557451
30.910741 -9.73252040
31.009497 -10.76472150
31.108253 -11.30601776
31.207010 -10.69204865
31.305766 -9.03890895
31.404522 -7.04007108
31.503279 -5.28264949
31.602035 -3.98776852
31.700792 -3.16164613
31.799548 -2.75424746
31.898304 -2.72762271
31.997061 -3.07900475
32.095817 -3.84129095
32.194573 -5.06560127
32.293330 -6.76007849
32.392086 -8.74052979
32.490842 -10.46663684
32.589599 -11.22438853
32.688355 -10.78833594
32.787112 -9.74672409
32.885868 -8.95537179
32.984624 -8.92141039
33.083381 -9.65058034
33.182137 -10.64181056
33.280893 -11.04040807
33.379650 -10.24809485
33.478406 -8.47297668
33.577162 -6.42932404
33.675919 -4.66853927
33.774675 -3.38269736
33.873431 -2.57245400
33.972188 -2.19401398
34.070944 -2.21706359
34.169701 -2.64285065
34.268457 -3.50279296
34.367213 -4.84017252
34.465970 -6.64408746
34.564726 -8.69102383
34.663482 -10.39785960
34.762239 -11.06714967
34.860995 -10.56465668
34.959751 -9.54786892
35.058508 -8.85818634
35.157264 -8.94937506
35.256021 -9.77233912
35.354777 -10.77334182
35.453533 -11.08867127
35.552290 -10.19511047
35.651046 -8.38826009
35.749802 -6.39184006
35.848559 -4.71396431
35.947315 -3.51004487
36.046071 -2.76300469
36.144828 -2.42151395
36.243584 -2.45344618
36.342340 -2.86319558
36.441097 -3.68838964
36.539853 -4.97655674
36.638610 -6.70867874
36.737366 -8.62934524
36.836122 -10.12126516
36.934879 -10.51600641
37.033635 -9.77502114
37.132391 -8.61631234
37.231148 -7.85863050
37.329904 -7.90017281
37.428660 -8.63528797
37.527417 -9.45787506
37.626173 -9.50165505
37.724929 -8.32086741
37.823686 -6.28678952
37.922442 -4.12005440
38.021199 -2.28799082
38.119955 -0.92557427
38.218711 -0.01900889
38.317468 0.47693106
38.416224 0.60544215
38.514980 0.42043158
38.613737 0.07368485
38.712493 -0.10253385
38.811249 0.12436002
38.910006 0.57897888
39.008762 1.00648276
39.107519 1.32879777
39.206275 1.55745597
39.305031 1.71438740
39.403788 1.81664303
39.502544 1.87715569
39.601300 1.90623014
39.700057 1.91330889
39.798813 1.90779766
39.897569 1.89893407
39.996326 1.89489146
40.095082 1.90811978
40.193838 1.94140516
40.292595 1.99001476
40.391351 2.04715825
40.490108 2.10679596
40.588864 2.16491363
40.687620 2.21947022
40.786377 2.26974871
40.885133 2.31563971
40.983889 2.35720806
41.082646 2.39455849
41.181402 2.42773817
41.280158 2.45678846
41.378915 2.48171795
41.477671 2.50252657
41.576428 2.51921432
41.675184 2.53178975
41.773940 2.54031551
41.872697 2.54510341
41.971453 2.54737897
42.070209 2.54891576
42.168966 2.55057154
42.267722 2.55300820
42.366478 2.55624440
42.465235 2.55990508
42.563991 2.56330663
42.662747 2.56537367
42.761504 2.56448560
42.860260 2.55822131
42.959017 2.54299206
43.057773 2.51357425
43.156529 2.46223934
43.255286 2.37838137
43.354042 2.25062007
43.452798 2.07549180
43.551555 1.87858675
43.650311 1.72725126
43.749067 1.69369228
43.847824 1.78748779
43.946580 1.94503121
44.045337 2.09026928
44.144093 2.18219753
44.242849 2.21217093
44.341606 2.18397454
44.440362 2.10219010
44.539118 1.97061204
44.637875 1.79690585
44.736631 1.60534747
44.835387 1.44879177
44.934144 1.38498816
45.032900 1.41822398
45.131656 1.48263561
45.230413 1.49320543
45.329169 1.39242413
45.427926 1.16613808
45.526682 0.86902003
45.625438 0.64067301
45.724195 0.63069461
45.822951 0.86435804
45.921707 1.22166211
46.020464 1.55851547
46.119220 1.80072570
46.217976 1.93780243
46.316733 1.98255105
46.415489 1.94702665
46.514246 1.83698250
46.613002 1.65233601
46.711758 1.39061251
46.810515 1.05964860
46.909271 0.70611456
47.008027 0.43481601
47.106784 0.35247364
47.205540 0.46642076
47.304296 0.69762162
47.403053 0.97273844
47.501809 1.22839051
47.600565 1.43029943
47.699322 1.61449544
47.798078 1.81501699
47.896835 2.00606181
47.995591 2.15949347
48.094347 2.27440205
48.193104 2.35950565
48.291860 2.42280822
48.390616 2.47016841
48.489373 2.50557112
48.588129 2.53170660
48.686885 2.55028702
48.785642 2.56244785
48.884398 2.56869944
48.983155 2.57081851
49.081911 2.57188481
49.180667 2.57274329
49.279424 2.57353718
49.378180 2.57430280
49.476936 2.57505377
49.575693 2.57579643
49.674449 2.57653413
49.773205 2.57726874
49.871962 2.57800138
49.970718 2.57873274
50.069474 2.57946324
50.168231 2.58019317
50.266987 2.58092270
50.365744 2.58165196
50.464500 2.58238103
50.563256 2.58310997
50.662013 2.58383882
50.760769 2.58456742
50.859525 2.58529415
50.958282 2.58601885
51.057038 2.58674152
51.155794 2.58746217
51.254551 2.58818080
51.353307 2.58889743
51.452064 2.58961205
51.550820 2.59032466
51.649576 2.59103527
51.748333 2.59174387
51.847089 2.59245047
51.945845 2.59315507
52.044602 2.59385766
52.143358 2.59455826
52.242114 2.59525685
52.340871 2.59595344
52.439627 2.59664803
52.538383 2.59734062
52.637140 2.59803121
52.735896 2.59871980
52.834653 2.59940638
52.933409 2.60009097
53.032165 2.60077355
53.130922 2.60145414
53.229678 2.60213272
53.328434 2.60280930
53.427191 2.60348389
53.525947 2.60415647
53.624703 2.60482705
53.723460 2.60549563
53.822216 2.60616221
53.920973 2.60682679
54.019729 2.60748937
54.118485 2.60814995
54.217242 2.60880852
54.315998 2.60946510
54.414754 2.61011968
54.513511 2.61077226
54.612267 2.61142283
54.711023 2.61207141
54.809780 2.61271798
54.908536 2.61336256
55.007292 2.61400513
55.106049 2.61464571
55.204805 2.61528428
55.303562 2.61592085
55.402318 2.61655543
55.501074 2.61718800
55.599831 2.61781857
55.698587 2.61844715
55.797343 2.61907372
55.896100 2.61969829
55.994856 2.62032086
56.093612 2.62094144
56.192369 2.62156001
56.291125 2.62217658
56.389882 2.62279115
56.488638 2.62340372
56.587394 2.62401429
56.686151 2.62462286
56.784907 2.62522943
56.883663 2.62583400
56.982420 2.62643657
57.081176 2.62703715
57.179932 2.62763572
57.278689 2.62823229
57.377445 2.62882686
57.476201 2.62941943
57.574958 2.63001000
57.673714 2.63059857
57.772471 2.63118514
57.871227 2.63176971
57.969983 2.63235228
58.068740 2.63293285
58.167496 2.63351143
58.266252 2.63408800
58.365009 2.63466257
58.463765 2.63523514
58.562521 2.63580571
58.661278 2.63637429
58.760034 2.63694086
58.858791 2.63750543
58.957547 2.63806800
59.056303 2.63862858
59.155060 2.63918715
59.253816 2.63974373
59.352572 2.64029830
59.451329 2.64085087
59.550085 2.64140145
59.648841 2.64195003
59.747598 2.64249660
59.846354 2.64304118
59.945110 2.64358375
60.043867 2.64412433
60.142623 2.64466291
60.241380 2.64519949
60.340136 2.64573407
60.438892 2.64626664
60.537649 2.64679722
60.636405 2.64732580
60.735161 2.64785238
60.833918 2.64837697
60.932674 2.64889955
61.031430 2.64942013
61.130187 2.64993871
61.228943 2.65045530
61.327700 2.65096988
61.426456 2.65148247
61.525212 2.65199305
61.623969 2.65250164
61.722725 2.65300822
61.821481 2.65351281
61.920238 2.65401540
62.018994 2.65451599
62.117750 2.65501458
62.216507 2.65551117
62.315263 2.65600576
62.414019 2.65649835
62.512776 2.65698894
62.611532 2.65747754
62.710289 2.65796413
62.809045 2.65844873
62.907801 2.65893132
63.006558 2.65941192
63.105314 2.65989052
63.204070 2.66036712
63.302827 2.66084172
63.401583 2.66131432
63.500339 2.66178492
63.599096 2.66225352
63.697852 2.66272012
63.796609 2.66318473
63.895365 2.66364733
63.994121 2.66410794
64.092878 2.66456655
64.191634 2.66502316
64.290390 2.66547777
64.389147 2.66593038
64.487903 2.66638099
64.586659 2.66682960
64.685416 2.66727621
64.784172 2.66772083
64.882928 2.66816344
64.981685 2.66860406
65.080441 2.66904268
65.179198 2.66947930
65.277954 2.66991392
65.376710 2.67034654
65.475467 2.67077716
65.574223 2.67120578
65.672979 2.67163241
65.771736 2.67205703
65.870492 2.67247966
65.969248 2.67290029
66.068005 2.67331892
66.166761 2.67373555
66.265518 2.67415018
66.364274 2.67456281
66.463030 2.67497345
66.561787 2.67538208
66.660543 2.67578872
66.759299 2.67619336
66.858056 2.67659600
66.956812 2.67699664
67.055568 2.67739528
67.154325 2.67779192
67.253081 2.67818657
67.351837 2.67857922
67.450594 2.67896986
67.549350 2.67935851
67.648107 2.67974516
67.746863 2.68012981
67.845619 2.68051247
67.944376 2.68089312
68.043132 2.68127178
68.141888 2.68164843
68.240645 2.68202309
68.339401 2.68239575
68.438157 2.68276641
68.536914 2.68313508
68.635670 2.68350174
68.734427 2.68386641
68.833183 2.68422908
68.931939 2.68458974
69.030696 2.68494842
69.129452 2.68530509
69.228208 2.68565976
69.326965 2.68601244
69.425721 2.68636311
69.524477 2.68671179
69.623234 2.68705847
69.721990 2.68740315
69.820746 2.68774583
69.919503 2.68808652
70.018259 2.68842520
70.117016 2.68876189
70.215772 2.68909658
70.314528 2.68942927
70.413285 2.68975996
70.512041 2.69008866
70.610797 2.69041535
70.709554 2.69074005
70.808310 2.69106275
70.907066 2.69138345
71.005823 2.69170215
71.104579 2.69201886
71.203336 2.69233356
71.302092 2.69264627
71.400848 2.69295698
71.499605 2.69326569
71.598361 2.69357240
71.697117 2.69387729
71.795874 2.69418200
71.894630 2.69448671
71.993386 2.69479143
72.092143 2.69509614
72.190899 2.69540085
72.289655 2.69570557
72.388412 2.69601031
72.487168 2.69631523
72.585925 2.69661975
