0.098756 1.65468377
0.197513 1.65468540
0.296269 1.65468370
0.395025 1.65468354
0.493782 1.65468358
0.592538 1.65468361
0.691295 1.65468364
0.790051 1.65468366
0.888807 1.65468368
0.987564 1.65468369
1.086320 1.65468370
1.185076 1.65468370
1.283833 1.65468368
1.382589 1.65468366
1.481345 1.65468363
1.580102 1.65468359
1.678858 1.65468354
1.777614 1.65468348
1.876371 1.65468340
1.975127 1.65468331
2.073884 1.65468320
2.172640 1.65468308
2.271396 1.65468295
2.370153 1.65468280
2.468909 1.65468263
2.567665 1.65468244
2.666422 1.65468224
2.765178 1.65468202
2.863934 1.65468177
2.962691 1.65468151
3.061447 1.65468122
3.160204 1.65468092
3.258960 1.65468059
3.357716 1.65468023
3.456473 1.65467985
3.555229 1.65467945
3.653985 1.65467902
3.752742 1.65467857
3.851498 1.65467809
3.950254 1.65467758
4.049011 1.65467704
4.147767 1.65467648
4.246523 1.65467588
4.345280 1.65467526
4.444036 1.65467460
4.542793 1.65467391
4.641549 1.65467319
4.740305 1.65467243
4.839062 1.65467164
4.937818 1.65467082
5.036574 1.65466996
5.135331 1.65466906
5.234087 1.65466813
5.332843 1.65466716
5.431600 1.65466615
5.530356 1.65466510
5.629113 1.65466401
5.727869 1.65466288
5.826625 1.65466171
5.925382 1.65466050
6.024138 1.65465924
6.122894 1.65465795
6.221651 1.65465660
6.320407 1.65465522
6.419163 1.65465378
6.517920 1.65465230
6.616676 1.65465078
6.715432 1.65464920
6.814189 1.65464758
6.912945 1.65464591
7.011702 1.65464419
7.110458 1.65464242
7.209214 1.65464059
7.307971 1.65463872
7.406727 1.65463679
7.505483 1.65463481
7.604240 1.65463277
7.702996 1.65463068
7.801752 1.65462854
7.900509 1.65462634
7.999265 1.65462408
8.098022 1.65462176
8.196778 1.65461938
8.295534 1.65461695
8.394291 1.65461446
8.493047 1.65461190
8.591803 1.65460928
8.690560 1.65460661
8.789316 1.65460387
8.888072 1.65460106
8.986829 1.65459819
9.085585 1.65459526
9.184341 1.65459226
9.283098 1.65458920
9.381854 1.65458606
9.480611 1.65458286
9.579367 1.65457960
9.678123 1.65457626
9.776880 1.65457285
9.875636 1.65456937
9.974392 1.65456582
10.073149 1.65456220
10.171905 1.65455851
10.270661 1.65455474
10.369418 1.65455090
10.468174 1.65454698
10.566931 1.65454299
10.665687 1.65453892
10.764443 1.65453478
10.863200 1.65453055
10.961956 1.65452625
11.060712 1.65452186
11.159469 1.65451740
11.258225 1.65451285
11.356981 1.65450823
11.455738 1.65450352
11.554494 1.65449872
11.653250 1.65449384
11.752007 1.65448887
11.850763 1.65448382
11.949520 1.65447867
12.048276 1.65447344
12.147032 1.65446812
12.245789 1.65446270
12.344545 1.65445719
12.443301 1.65445158
12.542058 1.65444588
12.640814 1.65444007
12.739570 1.65443417
12.838327 1.65442815
12.937083 1.65442204
13.035840 1.65441581
13.134596 1.65440948
13.233352 1.65440302
13.332109 1.65439645
13.430865 1.65438975
13.529621 1.65438292
13.628378 1.65437596
13.727134 1.65436886
13.825890 1.65436161
13.924647 1.65435421
14.023403 1.65434665
14.122159 1.65433891
14.220916 1.65433099
14.319672 1.65432288
14.418429 1.65431455
14.517185 1.65430601
14.615941 1.65429722
14.714698 1.65428817
14.813454 1.65427884
14.912210 1.65426920
15.010967 1.65425922
15.109723 1.65424887
15.208479 1.65423812
15.307236 1.65422692
15.405992 1.65421523
15.504749 1.65420300
15.603505 1.65419015
15.702261 1.65417664
15.801018 1.65416237
15.899774 1.65414728
15.998530 1.65413125
16.097287 1.65411418
16.196043 1.65409594
16.294799 1.65407640
16.393556 1.65405539
16.492312 1.65403274
16.591068 1.65400824
16.689825 1.65398167
16.788581 1.65395277
16.887338 1.65392125
16.986094 1.65388678
17.084850 1.65384900
17.183607 1.65380749
17.282363 1.65376179
17.381119 1.65371136
17.479876 1.65365563
17.578632 1.65359391
17.677388 1.65352549
17.776145 1.65344950
17.874901 1.65336503
17.973658 1.65327099
18.072414 1.65316623
18.171170 1.65304941
18.269927 1.65291906
18.368683 1.65277349
18.467439 1.65261088
18.566196 1.65242913
18.664952 1.65222593
18.763708 1.65199868
18.862465 1.65174450
18.961221 1.65146015
19.059977 1.65114206
19.158734 1.65078620
19.257490 1.65038813
19.356247 1.64994288
19.455003 1.64944495
19.553759 1.64888820
19.652516 1.64826584
19.751272 1.64757030
19.850028 1.64679321
19.948785 1.64592528
20.047541 1.64495622
20.146297 1.64387462
20.245054 1.64266788
20.343810 1.64132202
20.442567 1.63982163
20.541323 1.63814964
20.640079 1.63628722
20.738836 1.63421356
20.837592 1.63190575
20.936348 1.62933848
21.035105 1.62648387
21.133861 1.62331121
21.232617 1.61978670
21.331374 1.61587311
21.430130 1.61152951
21.528886 1.60671088
21.627643 1.60136769
21.726399 1.59544545
21.825156 1.58888422
21.923912 1.58161793
22.022668 1.57357373
22.121425 1.56467106
22.220181 1.55482061
22.318937 1.54392296
22.417694 1.53186688
22.516450 1.51852711
22.615206 1.50376157
22.713963 1.48740749
22.812719 1.46927654
22.911476 1.44914802
23.010232 1.42676002
23.108988 1.40179702
23.207745 1.37387367
23.306501 1.34251155
23.405257 1.30710889
23.504014 1.26689646
23.602770 1.22088000
23.701526 1.16775569
23.800283 1.10579956
23.899039 1.03270468
23.997795 0.94536732
24.096552 0.83957533
24.195308 0.70959415
24.294065 0.54759358
24.392821 0.34282778
24.491577 0.08069339
24.590334 -0.25878711
24.689090 -0.70090553
24.787846 -1.26368653
24.886603 -1.88895798
24.985359 -2.33531922
25.084115 -2.37642527
25.182872 -2.17170686
25.281628 -2.03741603
25.380385 -2.12463201
25.479141 -2.48620425
25.577897 -3.17581234
25.676654 -4.26537244
25.775410 -5.80678695
25.874166 -7.71810881
25.972923 -9.59948483
26.071679 -10.74792498
26.170435 -10.70570875
26.269192 -9.81512560
26.367948 -8.92432990
26.466704 -8.68918148
26.565461 -9.27880048
26.664217 -10.35477217
26.762974 -11.13369249
26.861730 -10.84198663
26.960486 -9.40322357
27.059243 -7.44370192
27.157999 -5.61952821
27.256755 -4.22852620
27.355512 -3.30961272
27.454268 -2.81787404
27.553024 -2.71068025
27.651781 -2.97789051
27.750537 -3.64622988
27.849294 -4.76695152
27.948050 -6.36750943
28.046806 -8.32479063
28.145563 -10.18327261
28.244319 -11.22091290
28.343075 -11.04592930
28.441832 -10.08781581
28.540588 -9.20856780
28.639344 -9.01983942
28.738101 -9.63929139
28.836857 -10.67655590
28.935613 -11.32033023
29.034370 -10.84846482
29.133126 -9.28238988
29.231883 -7.28688088
29.330639 -5.48523739
29.429395 -4.13558729
29.528152 -3.25909086
29.626908 -2.80753528
29.725664 -2.74022231
29.824421 -3.05045141
29.923177 -3.76794289
30.021933 -4.94402938
30.120690 -6.59715568
30.219446 -8.57469275
30.318203 -10.37782198
30.416959 -11.28372086
30.515715 -10.98055377
30.614472 -9.98085748
30.713228 -9.14853523
30.811984 -9.04457318
30.910741 -9.73128991
31.009497 -10.76319101
31.108253 -11.30416406
31.207010 -10.68989654
31.305766 -9.03651456
31.404522 -7.03750155
31.503279 -5.27997583
31.602035 -3.98506688
31.700792 -3.15900010
31.799548 -2.75175166
31.898304 -2.72538433
31.997061 -3.07714116
32.095817 -3.83992410
32.194573 -5.06484950
32.293330 -6.76004526
32.392086 -8.74129283
32.490842 -10.46824007
32.589599 -11.22683794
32.688355 -10.79159796
32.787112 -9.75072549
32.885868 -8.96001084
32.984624 -8.92658022
33.083381 -9.65618766
33.182137 -10.64778624
33.280893 -11.04671288
33.379650 -10.25472055
33.478406 -8.47993822
33.577162 -6.43664435
33.675919 -4.67624534
33.774675 -3.39083292
33.873431 -2.58109502
33.972188 -2.20328128
34.070944 -2.22713019
34.169701 -2.65394229
34.268457 -3.51518313
34.367213 -4.85417073
34.465970 -6.66001624
34.564726 -8.70919408
34.663482 -10.41855272
34.762239 -11.09060301
34.860995 -10.59103787
34.959751 -9.57725094
35.058508 -8.89058865
35.157264 -8.98485778
35.256021 -9.81107720
35.354777 -10.81567858
35.453533 -11.13513495
35.552290 -10.24634481
35.651046 -8.44488586
35.749802 -6.45434585
35.848559 -4.78271516
35.947315 -3.58537488
36.046071 -2.84532055
36.144828 -2.51138777
36.243584 -2.55166402
36.342340 -2.97076498
36.441097 -3.80654300
36.539853 -5.10676076
36.638610 -6.85263750
36.737366 -8.78899729
36.836122 -10.29878965
36.934879 -10.71383284
37.033635 -9.99585901
37.132391 -8.86320520
37.231148 -8.13501424
37.329904 -8.20991133
37.428660 -8.98253999
37.527417 -9.84652044
37.626173 -9.93403019
37.724929 -8.79580745
37.823686 -6.79746597
37.922442 -4.65278538
38.021199 -2.82321700
38.119955 -1.44111498
38.218711 -0.49449175
38.317468 0.05612642
38.416224 0.24753120
38.514980 0.12877050
38.613737 -0.15101267
38.712493 -0.26033911
38.811249 0.03361562
38.910006 0.55601836
39.008762 1.05253391
39.107519 1.44543063
39.206275 1.74639475
39.305031 1.97727343
39.403788 2.15457834
39.502544 2.28995583
39.601300 2.39083745
39.700057 2.46213642
39.798813 2.50809885
39.897569 2.53180342
39.996326 2.53757378
40.095082 2.53854572
40.193838 2.53878918
40.292595 2.53883924
40.391351 2.53881013
40.490108 2.53874096
40.588864 2.53864907
40.687620 2.53854331
40.786377 2.53842862
40.885133 2.53830799
40.983889 2.53818332
41.082646 2.53805585
41.181402 2.53792646
41.280158 2.53779577
41.378915 2.53766428
41.477671 2.53753249
41.576428 2.53740101
41.675184 2.53727084
41.773940 2.53714386
41.872697 2.53702431
41.971453 2.53692355
42.070209 2.53688218
42.168966 2.53708323
42.267722 2.53823126
42.366478 2.54029173
42.465235 2.54281822
42.563991 2.54509628
42.662747 2.54604149
42.761504 2.54403285
42.860260 2.53665225
42.959017 2.52031464
43.057773 2.48979937
43.156529 2.43737919
43.255286 2.35244708
43.354042 2.22361937
43.452798 2.04742774
43.551555 1.84946112
43.650311 1.69707268
43.749067 1.66248019
43.847824 1.75526760
43.946580 1.91182455
44.045337 2.05608655
44.144093 2.14703603
44.242849 2.17601551
44.341606 2.14679865
44.440362 2.06395925
44.539118 1.93128859
44.637875 1.75645390
44.736631 1.56373830
44.835387 1.40600915
44.934144 1.34103102
45.032900 1.37310604
45.131656 1.43638206
45.230413 1.44584718
45.329169 1.34399078
45.427926 1.11665072
45.526682 0.81848629
45.625438 0.58908409
45.724195 0.57802943
45.822951 0.81059741
45.921707 1.16679803
46.020464 1.50254925
46.119220 1.74366118
46.217976 1.87963913
46.316733 1.92328188
46.415489 1.88663956
46.514246 1.77546240
46.613002 1.58966684
46.711758 1.32678026
46.810515 0.99464501
46.909271 0.63994078
47.008027 0.36748575
47.106784 0.28401048
47.205540 0.39684843
47.304296 0.62695560
47.403053 0.90098170
47.501809 1.15553283
47.600565 1.35631935
47.699322 1.53936292
47.798078 1.73869754
47.896835 1.92852155
47.995591 2.08070353
48.094347 2.19434153
48.193104 2.27816390
48.291860 2.34018608
48.390616 2.38627901
48.489373 2.42044117
48.588129 2.44537775
48.686885 2.46281767
48.785642 2.47390989
48.884398 2.47917796
48.983155 2.48038262
49.081911 2.48055900
49.180667 2.48053642
49.279424 2.48045414
49.378180 2.48034671
49.476936 2.48022671
49.575693 2.48009982
49.674449 2.47996894
49.773205 2.47983565
49.871962 2.47970087
49.970718 2.47956514
50.069474 2.47942879
50.168231 2.47929204
50.266987 2.47915503
50.365744 2.47901784
50.464500 2.47888053
50.563256 2.47874314
50.662013 2.47860569
50.760769 2.47846840
50.859525 2.47833301
50.958282 2.47819973
51.057038 2.47806856
51.155794 2.47793951
51.254551 2.47781256
51.353307 2.47768774
51.452064 2.47756503
51.550820 2.47744445
51.649576 2.47732598
51.748333 2.47720964
51.847089 2.47709541
51.945845 2.47698331
52.044602 2.47687332
52.143358 2.47676546
52.242114 2.47665972
52.340871 2.47655610
52.439627 2.47645461
52.538383 2.47635523
52.637140 2.47625797
52.735896 2.47616284
52.834653 2.47606983
52.933409 2.47597894
53.032165 2.47589016
53.130922 2.47580352
53.229678 2.47571899
53.328434 2.47563658
53.427191 2.47555629
53.525947 2.47547813
53.624703 2.47540208
53.723460 2.47532816
53.822216 2.47525636
53.920973 2.47518668
54.019729 2.47511912
54.118485 2.47505368
54.217242 2.47499036
54.315998 2.47492916
54.414754 2.47487008
54.513511 2.47481312
54.612267 2.47475829
54.711023 2.47470557
54.809780 2.47465497
54.908536 2.47460650
55.007292 2.47456015
55.106049 2.47451591
55.204805 2.47447380
55.303562 2.47443380
55.402318 2.47439593
55.501074 2.47436018
55.599831 2.47432655
55.698587 2.47429503
55.797343 2.47426564
55.896100 2.47423837
55.994856 2.47421322
56.093612 2.47419019
56.192369 2.47416928
56.291125 2.47415049
56.389882 2.47413381
56.488638 2.47411926
56.587394 2.47410683
56.686151 2.47409652
56.784907 2.47408833
56.883663 2.47408226
56.982420 2.47407831
57.081176 2.47407648
57.179932 2.47407676
57.278689 2.47407917
57.377445 2.47408370
57.476201 2.47409035
57.574958 2.47409912
57.673714 2.47411000
57.772471 2.47412301
57.871227 2.47413813
57.969983 2.47415538
58.068740 2.47417475
58.167496 2.47419623
58.266252 2.47421984
58.365009 2.47424556
58.463765 2.47427340
58.562521 2.47430337
58.661278 2.47433545
58.760034 2.47436965
58.858791 2.47440597
58.957547 2.47444442
59.056303 2.47448498
59.155060 2.47452766
59.253816 2.47457245
59.352572 2.47461937
59.451329 2.47466841
59.550085 2.47471957
59.648841 2.47477284
59.747598 2.47482824
59.846354 2.47488575
59.945110 2.47494539
60.043867 2.47500714
60.142623 2.47507101
60.241380 2.47513700
60.340136 2.47520511
60.438892 2.47527534
60.537649 2.47534769
60.636405 2.47542216
60.735161 2.47549875
60.833918 2.47557745
60.932674 2.47565828
61.031430 2.47574122
61.130187 2.47582628
61.228943 2.47591347
61.327700 2.47600277
61.426456 2.47609419
61.525212 2.47618772
61.623969 2.47628338
61.722725 2.47638116
61.821481 2.47648105
61.920238 2.47658307
62.018994 2.47668720
62.117750 2.47679345
62.216507 2.47690182
62.315263 2.47701231
62.414019 2.47712492
62.512776 2.47723965
62.611532 2.47735650
62.710289 2.47747546
62.809045 2.47759655
62.907801 2.47771975
63.006558 2.47784507
63.105314 2.47797251
63.204070 2.47810207
63.302827 2.47823375
63.401583 2.47836754
63.500339 2.47850346
63.599096 2.47864149
63.697852 2.47878165
63.796609 2.47892392
63.895365 2.47906831
63.994121 2.47921482
64.092878 2.47936344
64.191634 2.47951419
64.290390 2.47966705
64.389147 2.47982204
64.487903 2.47997914
64.586659 2.48013836
64.685416 2.48029970
64.784172 2.48046316
64.882928 2.48062873
64.981685 2.48079643
65.080441 2.48096624
65.179198 2.48113818
65.277954 2.48131223
65.376710 2.48148840
65.475467 2.48166669
65.574223 2.48184709
65.672979 2.48202962
65.771736 2.48221426
65.870492 2.48240103
65.969248 2.48258991
66.068005 2.48278091
66.166761 2.48297403
66.265518 2.48316927
66.364274 2.48336662
66.463030 2.48356610
66.561787 2.48376769
66.660543 2.48397140
66.759299 2.48417723
66.858056 2.48438518
66.956812 2.48459525
67.055568 2.48480744
67.154325 2.48502174
67.253081 2.48523817
67.351837 2.48545671
67.450594 2.48567737
67.549350 2.48590015
67.648107 2.48612505
67.746863 2.48635206
67.845619 2.48658120
67.944376 2.48681245
68.043132 2.48704582
68.141888 2.48728132
68.240645 2.48751893
68.339401 2.48775865
68.438157 2.48800050
68.536914 2.48824447
68.635670 2.48849055
68.734427 2.48873875
68.833183 2.48898907
68.931939 2.48924152
69.030696 2.48949607
69.129452 2.48975275
69.228208 2.49001155
69.326965 2.49027246
69.425721 2.49053550
69.524477 2.49080065
69.623234 2.49106792
69.721990 2.49133731
69.820746 2.49160882
69.919503 2.49188244
70.018259 2.49215819
70.117016 2.49243605
70.215772 2.49271604
70.314528 2.49299814
70.413285 2.49328236
70.512041 2.49356870
70.610797 2.49385715
70.709554 2.49414773
70.808310 2.49444043
70.907066 2.49473524
71.005823 2.49503217
71.104579 2.49533122
71.203336 2.49563239
71.302092 2.49593568
71.400848 2.49624109
71.499605 2.49654862
71.598361 2.49685826
71.697117 2.49716985
71.795874 2.49748161
71.894630 2.49779337
71.993386 2.49810514
72.092143 2.49841690
72.190899 2.49872867
72.289655 2.49904043
72.388412 2.49935222
72.487168 2.49966420
72.585925 2.49997576
