0.098756 1.65122336
0.197513 1.65122460
0.296269 1.65122328
0.395025 1.65122314
0.493782 1.65122316
0.592538 1.65122318
0.691295 1.65122320
0.790051 1.65122322
0.888807 1.65122324
0.987564 1.65122326
1.086320 1.65122328
1.185076 1.65122330
1.283833 1.65122332
1.382589 1.65122334
1.481345 1.65122336
1.580102 1.65122339
1.678858 1.65122341
1.777614 1.65122344
1.876371 1.65122346
1.975127 1.65122349
2.073884 1.65122352
2.172640 1.65122354
2.271396 1.65122357
2.370153 1.65122360
2.468909 1.65122364
2.567665 1.65122367
2.666422 1.65122370
2.765178 1.65122374
2.863934 1.65122378
2.962691 1.65122381
3.061447 1.65122385
3.160204 1.65122390
3.258960 1.65122394
3.357716 1.65122398
3.456473 1.65122403
3.555229 1.65122408
3.653985 1.65122413
3.752742 1.65122418
3.851498 1.65122423
3.950254 1.65122429
4.049011 1.65122435
4.147767 1.65122441
4.246523 1.65122447
4.345280 1.65122453
4.444036 1.65122460
4.542793 1.65122467
4.641549 1.65122474
4.740305 1.65122482
4.839062 1.65122490
4.937818 1.65122498
5.036574 1.65122506
5.135331 1.65122515
5.234087 1.65122523
5.332843 1.65122533
5.431600 1.65122542
5.530356 1.65122552
5.629113 1.65122562
5.727869 1.65122573
5.826625 1.65122584
5.925382 1.65122595
6.024138 1.65122607
6.122894 1.65122619
6.221651 1.65122631
6.320407 1.65122644
6.419163 1.65122657
6.517920 1.65122671
6.616676 1.65122685
6.715432 1.65122700
6.814189 1.65122715
6.912945 1.65122730
7.011702 1.65122746
7.110458 1.65122763
7.209214 1.65122780
7.307971 1.65122797
7.406727 1.65122815
7.505483 1.65122834
7.604240 1.65122853
7.702996 1.65122873
7.801752 1.65122893
7.900509 1.65122914
7.999265 1.65122936
8.098022 1.65122958
8.196778 1.65122981
8.295534 1.65123005
8.394291 1.65123029
8.493047 1.65123054
8.591803 1.65123080
8.690560 1.65123106
8.789316 1.65123134
8.888072 1.65123162
8.986829 1.65123191
9.085585 1.65123220
9.184341 1.65123251
9.283098 1.65123282
9.381854 1.65123314
9.480611 1.65123347
9.579367 1.65123381
9.678123 1.65123416
9.776880 1.65123452
9.875636 1.65123488
9.974392 1.65123526
10.073149 1.65123565
10.171905 1.65123605
10.270661 1.65123646
10.369418 1.65123688
10.468174 1.65123731
10.566931 1.65123775
10.665687 1.65123820
10.764443 1.65123866
10.863200 1.65123913
10.961956 1.65123962
11.060712 1.65124012
11.159469 1.65124063
11.258225 1.65124115
11.356981 1.65124168
11.455738 1.65124223
11.554494 1.65124279
11.653250 1.65124335
11.752007 1.65124394
11.850763 1.65124453
11.949520 1.65124513
12.048276 1.65124575
12.147032 1.65124637
12.245789 1.65124701
12.344545 1.65124766
12.443301 1.65124831
12.542058 1.65124898
12.640814 1.65124965
12.739570 1.65125033
12.838327 1.65125101
12.937083 1.65125170
13.035840 1.65125238
13.134596 1.65125307
13.233352 1.65125376
13.332109 1.65125444
13.430865 1.65125511
13.529621 1.65125577
13.628378 1.65125641
13.727134 1.65125703
13.825890 1.65125762
13.924647 1.65125818
14.023403 1.65125870
14.122159 1.65125917
14.220916 1.65125957
14.319672 1.65125992
14.418429 1.65126017
14.517185 1.65126033
14.615941 1.65126037
14.714698 1.65126029
14.813454 1.65126004
14.912210 1.65125963
15.010967 1.65125900
15.109723 1.65125815
15.208479 1.65125701
15.307236 1.65125558
15.405992 1.65125378
15.504749 1.65125158
15.603505 1.65124891
15.702261 1.65124571
15.801018 1.65124190
15.899774 1.65123740
15.998530 1.65123211
16.097287 1.65122593
16.196043 1.65121872
16.294799 1.65121037
16.393556 1.65120069
16.492312 1.65118953
16.591068 1.65117666
16.689825 1.65116189
16.788581 1.65114493
16.887338 1.65112552
16.986094 1.65110331
17.084850 1.65107797
17.183607 1.65104904
17.282363 1.65101610
17.381119 1.65097860
17.479876 1.65093597
17.578632 1.65088752
17.677388 1.65083255
17.776145 1.65077019
17.874901 1.65069953
17.973658 1.65061950
18.072414 1.65052894
18.171170 1.65042650
18.269927 1.65031075
18.368683 1.65017998
18.467439 1.65003238
18.566196 1.64986585
18.664952 1.64967811
18.763708 1.64946653
18.862465 1.64922828
18.961221 1.64896010
19.059977 1.64865843
19.158734 1.64831926
19.257490 1.64793815
19.356247 1.64751016
19.455003 1.64702978
19.553759 1.64649089
19.652516 1.64588672
19.751272 1.64520970
19.850028 1.64445150
19.948785 1.64360282
20.047541 1.64265341
20.146297 1.64159187
20.245054 1.64040561
20.343810 1.63908069
20.442567 1.63760170
20.541323 1.63595162
20.640079 1.63411162
20.738836 1.63206095
20.837592 1.62977668
20.936348 1.62723357
21.035105 1.62440375
21.133861 1.62125655
21.232617 1.61775818
21.331374 1.61387148
21.430130 1.60955551
21.528886 1.60476531
21.627643 1.59945134
21.726399 1.59355919
21.825156 1.58702889
21.923912 1.57979444
22.022668 1.57178297
22.121425 1.56291396
22.220181 1.55309809
22.318937 1.54223596
22.417694 1.53021631
22.516450 1.51691391
22.615206 1.50218662
22.713963 1.48587167
22.812719 1.46778070
22.911476 1.44769293
23.010232 1.42534643
23.108988 1.40042556
23.207745 1.37254489
23.306501 1.34122583
23.405257 1.30586649
23.504014 1.26569736
23.602770 1.21972393
23.701526 1.16664199
23.800283 1.10472711
23.899039 1.03167180
23.997795 0.94437151
24.096552 0.83861323
24.195308 0.70866107
24.294065 0.54668354
24.392821 0.34193268
24.491577 0.07980325
24.590334 -0.25968538
24.689090 -0.70182757
24.787846 -1.26465197
24.886603 -1.88998968
24.985359 -2.33644401
25.084115 -2.37730253
25.182872 -2.17237265
25.281628 -2.03791197
25.380385 -2.12500781
25.479141 -2.48651283
25.577897 -3.17610329
25.676654 -4.26568669
25.775410 -5.80715432
25.874166 -7.71854780
25.972923 -9.60000645
26.071679 -10.74853518
26.170435 -10.70640795
26.269192 -9.81590280
26.367948 -8.92516125
26.466704 -8.69003086
26.565461 -9.27962352
26.664217 -10.35551945
26.762974 -11.13431443
26.861730 -10.84244114
26.960486 -9.40348249
27.059243 -7.44375615
27.157999 -5.61938506
27.256755 -4.22820551
27.355512 -3.30914589
27.454268 -2.81730352
27.553024 -2.71005892
27.651781 -2.97727816
27.750537 -3.64568711
27.849294 -4.76653216
27.948050 -6.36725178
28.046806 -8.32471212
28.145563 -10.18336544
28.244319 -11.22114297
28.343075 -11.04623976
28.441832 -10.08814095
28.540588 -9.20884412
28.639344 -9.02001221
28.738101 -9.63931916
28.836857 -10.67641617
28.935613 -11.32002359
29.034370 -10.84801499
29.133126 -9.28183046
29.231883 -7.28624345
29.330639 -5.48454606
29.429395 -4.13485964
29.528152 -3.25834107
29.626908 -2.80677802
29.725664 -2.73947574
29.824421 -3.04973480
29.923177 -3.76727021
30.021933 -4.94340101
30.120690 -6.59655085
30.219446 -8.57406628
30.318203 -10.37710439
30.416959 -11.28282127
30.515715 -10.97937384
30.614472 -9.97931190
30.713228 -9.14656543
30.811984 -9.04214594
30.910741 -9.72839760
31.009497 -10.75984886
31.108253 -11.30040816
31.207010 -10.68577588
31.305766 -9.03207844
31.404522 -7.03278876
31.503279 -5.27501232
31.602035 -3.97986649
31.700792 -3.15356953
31.799548 -2.74609450
31.898304 -2.71950687
31.997061 -3.07105564
32.095817 -3.83365181
32.194573 -5.05842381
32.293330 -6.75351485
32.392086 -8.73472721
32.490842 -10.46173739
32.589599 -11.22053359
32.688355 -10.78567161
32.787112 -9.74539859
32.885868 -8.95556152
32.984624 -8.92336751
33.083381 -9.65467060
33.182137 -10.64853909
33.280893 -11.05040949
33.379650 -10.26204536
33.478406 -8.49144518
33.577162 -6.45266438
33.675919 -4.69690734
33.774675 -3.41616126
33.873431 -2.61111904
33.972188 -2.23816951
34.070944 -2.26735801
34.169701 -2.70037306
34.268457 -3.56870042
34.367213 -4.91570240
34.465970 -6.73072123
34.564726 -8.79054129
34.663482 -10.51236908
34.762239 -11.19911134
34.860995 -10.71684687
34.959751 -9.72331755
35.058508 -9.06027098
35.157264 -9.18206121
35.256021 -10.04039101
35.354777 -11.08243363
35.453533 -11.44512192
35.552290 -10.60481150
35.651046 -8.85464143
35.749802 -6.91331930
35.848559 -5.28183261
35.947315 -4.10795817
36.046071 -3.36902486
36.144828 -3.01244777
36.243584 -3.00963546
36.342340 -3.37159833
36.441097 -4.14304124
36.539853 -5.37706932
36.638610 -7.05815665
36.737366 -8.93272952
36.836122 -10.38433571
36.934879 -10.74477568
37.033635 -9.97518398
37.132391 -8.79277837
37.231148 -8.01532079
37.329904 -8.03998410
37.428660 -8.76012939
37.527417 -9.56873112
37.626173 -9.59873550
37.724929 -8.40400660
37.823686 -6.35593844
37.922442 -4.17552531
38.021199 -2.33019799
38.119955 -0.95430559
38.218711 -0.03319123
38.317468 0.47856730
38.416224 0.62445995
38.514980 0.45886108
38.613737 0.13407815
38.712493 -0.01712628
38.811249 0.23825193
38.910006 0.72506235
39.008762 1.18853391
39.107519 1.55054499
39.206275 1.82249491
39.305031 2.02616012
39.403788 2.17836103
39.502544 2.29141290
39.601300 2.37396442
39.700057 2.43203456
39.798813 2.46948926
39.897569 2.48882067
39.996326 2.49286335
40.095082 2.49281889
40.193838 2.49223836
40.292595 2.49154019
40.391351 2.49080014
40.490108 2.49004037
40.588864 2.48926959
40.687620 2.48849192
40.786377 2.48770961
40.885133 2.48692401
40.983889 2.48613602
41.082646 2.48534626
41.181402 2.48455514
41.280158 2.48376297
41.378915 2.48296996
41.477671 2.48217632
41.576428 2.48138233
41.675184 2.48058856
41.773940 2.47979634
41.872697 2.47900909
41.971453 2.47823699
42.070209 2.47751863
42.168966 2.47703159
42.267722 2.47746289
42.366478 2.47877755
42.465235 2.48053417
42.563991 2.48202333
42.662747 2.48216530
42.761504 2.47934358
42.860260 2.47114453
42.959017 2.45398712
43.057773 2.42265458
43.156529 2.36942250
43.255286 2.28368599
43.354042 2.15406190
43.452798 1.97708139
43.551555 1.77833331
43.650311 1.62517271
43.749067 1.58981997
43.847824 1.68185941
43.946580 1.83767726
44.045337 1.98120271
44.144093 2.07141108
44.242849 2.09963790
44.341606 2.06965052
44.440362 1.98601852
44.539118 1.85253188
44.637875 1.67685931
44.736631 1.48328843
44.835387 1.32469387
44.934144 1.25884898
45.032900 1.29006485
45.131656 1.35249665
45.230413 1.36113647
45.329169 1.25847326
45.427926 1.03033978
45.526682 0.73138689
45.625438 0.50119041
45.724195 0.48932751
45.822951 0.72107433
45.921707 1.07644828
46.020464 1.41137338
46.119220 1.65166117
46.217976 1.78681383
46.316733 1.82962547
46.415489 1.79214281
46.514246 1.68011407
46.613002 1.49345513
46.711758 1.22969496
46.810515 0.89667994
46.909271 0.54109634
47.008027 0.26777089
47.106784 0.18344098
47.205540 0.29544011
47.304296 0.52471874
47.403053 0.79791802
47.501809 1.05163496
47.600565 1.25157206
47.699322 1.43374490
47.798078 1.63218444
47.896835 1.82108930
47.995591 1.97233172
48.094347 2.08501534
48.193104 2.16787589
48.291860 2.22893702
48.390616 2.27407854
48.489373 2.30730875
48.588129 2.33134364
48.686885 2.34792435
48.785642 2.35820955
48.884398 2.36273250
48.983155 2.36324235
49.081911 2.36274191
49.180667 2.36204911
49.279424 2.36130026
49.378180 2.36052861
49.476936 2.35974595
49.575693 2.35895747
49.674449 2.35816572
49.773205 2.35737207
49.871962 2.35657727
49.970718 2.35578177
50.069474 2.35498583
50.168231 2.35418962
50.266987 2.35339322
50.365744 2.35259672
50.464500 2.35180014
50.563256 2.35100351
50.662013 2.35020686
50.760769 2.34941064
50.859525 2.34861924
50.958282 2.34783311
51.057038 2.34705226
51.155794 2.34627669
51.254551 2.34550640
51.353307 2.34474139
51.452064 2.34398167
51.550820 2.34322722
51.649576 2.34247806
51.748333 2.34173418
51.847089 2.34099558
51.945845 2.34026227
52.044602 2.33953424
52.143358 2.33881148
52.242114 2.33809401
52.340871 2.33738182
52.439627 2.33667492
52.538383 2.33597329
52.637140 2.33527695
52.735896 2.33458589
52.834653 2.33390011
52.933409 2.33321961
53.032165 2.33254439
53.130922 2.33187445
53.229678 2.33120980
53.328434 2.33055042
53.427191 2.32989633
53.525947 2.32924752
53.624703 2.32860399
53.723460 2.32796574
53.822216 2.32733278
53.920973 2.32670509
54.019729 2.32608269
54.118485 2.32546556
54.217242 2.32485372
54.315998 2.32424716
54.414754 2.32364588
54.513511 2.32304988
54.612267 2.32245917
54.711023 2.32187373
54.809780 2.32129358
54.908536 2.32071870
55.007292 2.32014911
55.106049 2.31958480
55.204805 2.31902577
55.303562 2.31847202
55.402318 2.31792355
55.501074 2.31738036
55.599831 2.31684246
55.698587 2.31630983
55.797343 2.31578249
55.896100 2.31526042
55.994856 2.31474364
56.093612 2.31423214
56.192369 2.31372592
56.291125 2.31322498
56.389882 2.31272932
56.488638 2.31223895
56.587394 2.31175385
56.686151 2.31127404
56.784907 2.31079950
56.883663 2.31033025
56.982420 2.30986628
57.081176 2.30940759
57.179932 2.30895417
57.278689 2.30850605
57.377445 2.30806320
57.476201 2.30762563
57.574958 2.30719334
57.673714 2.30676634
57.772471 2.30634461
57.871227 2.30592817
57.969983 2.30551701
58.068740 2.30511112
58.167496 2.30471052
58.266252 2.30431520
58.365009 2.30392516
58.463765 2.30354040
58.562521 2.30316093
58.661278 2.30278673
58.760034 2.30241781
58.858791 2.30205418
58.957547 2.30169582
59.056303 2.30134275
59.155060 2.30099496
59.253816 2.30065245
59.352572 2.30031522
59.451329 2.29998327
59.550085 2.29965660
59.648841 2.29933521
59.747598 2.29901910
59.846354 2.29870827
59.945110 2.29840273
60.043867 2.29810246
60.142623 2.29780748
60.241380 2.29751778
60.340136 2.29723335
60.438892 2.29695421
60.537649 2.29668035
60.636405 2.29641177
60.735161 2.29614847
60.833918 2.29589045
60.932674 2.29563772
61.031430 2.29539026
61.130187 2.29514808
61.228943 2.29491119
61.327700 2.29467957
61.426456 2.29445324
61.525212 2.29423219
61.623969 2.29401642
61.722725 2.29380593
61.821481 2.29360072
61.920238 2.29340079
62.018994 2.29320614
62.117750 2.29301677
62.216507 2.29283268
62.315263 2.29265388
62.414019 2.29248035
62.512776 2.29231211
62.611532 2.29214915
62.710289 2.29199146
62.809045 2.29183906
62.907801 2.29169194
63.006558 2.29155010
63.105314 2.29141354
63.204070 2.29128227
63.302827 2.29115627
63.401583 2.29103555
63.500339 2.29092012
63.599096 2.29080996
63.697852 2.29070509
63.796609 2.29060550
63.895365 2.29051118
63.994121 2.29042215
64.092878 2.29033840
64.191634 2.29025993
64.290390 2.29018675
64.389147 2.29011884
64.487903 2.29005621
64.586659 2.28999887
64.685416 2.28994680
64.784172 2.28990002
64.882928 2.28985851
64.981685 2.28982229
65.080441 2.28979135
65.179198 2.28976569
65.277954 2.28974531
65.376710 2.28973022
65.475467 2.28972040
65.574223 2.28971586
65.672979 2.28971661
65.771736 2.28972263
65.870492 2.28973394
65.969248 2.28975053
66.068005 2.28977240
66.166761 2.28979955
66.265518 2.28983198
66.364274 2.28986969
66.463030 2.28991268
66.561787 2.28996096
66.660543 2.29001451
66.759299 2.29007335
66.858056 2.29013747
66.956812 2.29020686
67.055568 2.29028154
67.154325 2.29036150
67.253081 2.29044675
67.351837 2.29053727
67.450594 2.29063307
67.549350 2.29073416
67.648107 2.29084052
67.746863 2.29095217
67.845619 2.29106910
67.944376 2.29119131
68.043132 2.29131880
68.141888 2.29145157
68.240645 2.29158962
68.339401 2.29173295
68.438157 2.29188157
68.536914 2.29203547
68.635670 2.29219464
68.734427 2.29235910
68.833183 2.29252884
68.931939 2.29270386
69.030696 2.29288416
69.129452 2.29306975
69.228208 2.29326061
69.326965 2.29345676
69.425721 2.29365819
69.524477 2.29386489
69.623234 2.29407688
69.721990 2.29429415
69.820746 2.29451671
69.919503 2.29474454
70.018259 2.29497765
70.117016 2.29521605
70.215772 2.29545973
70.314528 2.29570869
70.413285 2.29596293
70.512041 2.29622245
70.610797 2.29648725
70.709554 2.29675733
70.808310 2.29703270
70.907066 2.29731335
71.005823 2.29759927
71.104579 2.29789048
71.203336 2.29818698
71.302092 2.29848875
71.400848 2.29879580
71.499605 2.29910814
71.598361 2.29942576
71.697117 2.29974820
71.795874 2.30007110
71.894630 2.30039401
71.993386 2.30071690
72.092143 2.30103980
72.190899 2.30136270
72.289655 2.30168560
72.388412 2.30200852
72.487168 2.30233166
72.585925 2.30265434
