0.098756 1.65295835
0.197513 1.65295922
0.296269 1.65295832
0.395025 1.65295823
0.493782 1.65295824
0.592538 1.65295825
0.691295 1.65295826
0.790051 1.65295828
0.888807 1.65295829
0.987564 1.65295830
1.086320 1.65295832
1.185076 1.65295833
1.283833 1.65295835
1.382589 1.65295837
1.481345 1.65295838
1.580102 1.65295840
1.678858 1.65295842
1.777614 1.65295844
1.876371 1.65295846
1.975127 1.65295848
2.073884 1.65295850
2.172640 1.65295852
2.271396 1.65295855
2.370153 1.65295857
2.468909 1.65295860
2.567665 1.65295862
2.666422 1.65295865
2.765178 1.65295868
2.863934 1.65295871
2.962691 1.65295874
3.061447 1.65295878
3.160204 1.65295881
3.258960 1.65295885
3.357716 1.65295889
3.456473 1.65295893
3.555229 1.65295897
3.653985 1.65295902
3.752742 1.65295907
3.851498 1.65295912
3.950254 1.65295917
4.049011 1.65295922
4.147767 1.65295928
4.246523 1.65295934
4.345280 1.65295940
4.444036 1.65295947
4.542793 1.65295954
4.641549 1.65295961
4.740305 1.65295968
4.839062 1.65295976
4.937818 1.65295984
5.036574 1.65295993
5.135331 1.65296002
5.234087 1.65296012
5.332843 1.65296021
5.431600 1.65296032
5.530356 1.65296042
5.629113 1.65296054
5.727869 1.65296065
5.826625 1.65296078
5.925382 1.65296090
6.024138 1.65296104
6.122894 1.65296117
6.221651 1.65296132
6.320407 1.65296147
6.419163 1.65296162
6.517920 1.65296178
6.616676 1.65296196
6.715432 1.65296213
6.814189 1.65296232
6.912945 1.65296251
7.011702 1.65296271
7.110458 1.65296291
7.209214 1.65296313
7.307971 1.65296335
7.406727 1.65296359
7.505483 1.65296382
7.604240 1.65296408
7.702996 1.65296434
7.801752 1.65296461
7.900509 1.65296489
7.999265 1.65296518
8.098022 1.65296548
8.196778 1.65296579
8.295534 1.65296611
8.394291 1.65296645
8.493047 1.65296680
8.591803 1.65296716
8.690560 1.65296753
8.789316 1.65296792
8.888072 1.65296832
8.986829 1.65296873
9.085585 1.65296916
9.184341 1.65296960
9.283098 1.65297006
9.381854 1.65297053
9.480611 1.65297102
9.579367 1.65297153
9.678123 1.65297205
9.776880 1.65297259
9.875636 1.65297314
9.974392 1.65297372
10.073149 1.65297431
10.171905 1.65297492
10.270661 1.65297555
10.369418 1.65297620
10.468174 1.65297687
10.566931 1.65297757
10.665687 1.65297827
10.764443 1.65297901
10.863200 1.65297976
10.961956 1.65298054
11.060712 1.65298134
11.159469 1.65298216
11.258225 1.65298300
11.356981 1.65298388
11.455738 1.65298476
11.554494 1.65298568
11.653250 1.65298662
11.752007 1.65298759
11.850763 1.65298857
11.949520 1.65298959
12.048276 1.65299063
12.147032 1.65299170
12.245789 1.65299278
12.344545 1.65299390
12.443301 1.65299503
12.542058 1.65299620
12.640814 1.65299737
12.739570 1.65299859
12.838327 1.65299981
12.937083 1.65300106
13.035840 1.65300232
13.134596 1.65300361
13.233352 1.65300490
13.332109 1.65300621
13.430865 1.65300752
13.529621 1.65300885
13.628378 1.65301017
13.727134 1.65301149
13.825890 1.65301280
13.924647 1.65301410
14.023403 1.65301538
14.122159 1.65301663
14.220916 1.65301783
14.319672 1.65301899
14.418429 1.65302008
14.517185 1.65302111
14.615941 1.65302203
14.714698 1.65302285
14.813454 1.65302353
14.912210 1.65302407
15.010967 1.65302441
15.109723 1.65302455
15.208479 1.65302443
15.307236 1.65302403
15.405992 1.65302329
15.504749 1.65302218
15.603505 1.65302061
15.702261 1.65301855
15.801018 1.65301588
15.899774 1.65301257
15.998530 1.65300847
16.097287 1.65300352
16.196043 1.65299755
16.294799 1.65299046
16.393556 1.65298206
16.492312 1.65297221
16.591068 1.65296066
16.689825 1.65294723
16.788581 1.65293163
16.887338 1.65291359
16.986094 1.65289277
17.084850 1.65286882
17.183607 1.65284129
17.282363 1.65280976
17.381119 1.65277366
17.479876 1.65273244
17.578632 1.65268539
17.677388 1.65263180
17.776145 1.65257080
17.874901 1.65250148
17.973658 1.65242274
18.072414 1.65233344
18.171170 1.65223220
18.269927 1.65211757
18.368683 1.65198785
18.467439 1.65184119
18.566196 1.65167549
18.664952 1.65148844
18.763708 1.65127741
18.862465 1.65103950
18.961221 1.65077146
19.059977 1.65046968
19.158734 1.65013012
19.257490 1.64974831
19.356247 1.64931924
19.455003 1.64883737
19.553759 1.64829652
19.652516 1.64768985
19.751272 1.64700973
19.850028 1.64624776
19.948785 1.64539455
20.047541 1.64443974
20.146297 1.64337185
20.245054 1.64217817
20.343810 1.64084464
20.442567 1.63935571
20.541323 1.63769419
20.640079 1.63584112
20.738836 1.63377555
20.837592 1.63147437
20.936348 1.62891210
21.035105 1.62606066
21.133861 1.62288912
21.232617 1.61936344
21.331374 1.61544615
21.430130 1.61109602
21.528886 1.60626777
21.627643 1.60091151
21.726399 1.59497248
21.825156 1.58839033
21.923912 1.58109870
22.022668 1.57302431
22.121425 1.56408627
22.220181 1.55419483
22.318937 1.54325027
22.417694 1.53114089
22.516450 1.51774117
22.615206 1.50290860
22.713963 1.48648019
22.812719 1.46826723
22.911476 1.44804889
23.010232 1.42556298
23.108988 1.40049397
23.207745 1.37245634
23.306501 1.34097182
23.405257 1.30543862
23.504014 1.26508783
23.602770 1.21892535
23.701526 1.16564783
23.800283 1.10353156
23.899039 1.03027022
23.997795 0.94276033
24.096552 0.83679024
24.195308 0.70662540
24.294065 0.54443570
24.392821 0.33947464
24.491577 0.07713811
24.590334 -0.26255317
24.689090 -0.70489290
24.787846 -1.26790843
24.886603 -1.89343003
24.985359 -2.34005884
25.084115 -2.38068422
25.182872 -2.17551206
25.281628 -2.04079825
25.380385 -2.12763021
25.479141 -2.48885667
25.577897 -3.17814384
25.676654 -4.26738578
25.775410 -5.80846419
25.874166 -7.71942072
25.972923 -9.60040810
26.071679 -10.74845596
26.170435 -10.70586611
26.269192 -9.81494385
26.367948 -8.92385508
26.466704 -8.68846865
26.565461 -9.27791340
26.664217 -10.35378456
26.762974 -11.13268808
26.861730 -10.84105255
26.960486 -9.40243468
27.059243 -7.44310458
27.157999 -5.61913469
27.256755 -4.22831822
27.355512 -3.30955087
27.454268 -2.81791096
27.553024 -2.71077135
27.651781 -2.97799728
27.750537 -3.64631661
27.849294 -4.76697833
27.948050 -6.36742806
28.046806 -8.32454699
28.145563 -10.18281637
28.244319 -11.22020828
28.343075 -11.04496539
28.441832 -10.08661371
28.540588 -9.20718075
28.639344 -9.01834501
28.738101 -9.63778316
28.836857 -10.67513436
28.935613 -11.31909256
29.034370 -10.84749187
29.133126 -9.28173240
29.231883 -7.28655145
29.330639 -5.48520890
29.429395 -4.13579944
29.528152 -3.25946267
29.626908 -2.80798074
29.725664 -2.74066280
29.824421 -3.05082108
29.923177 -3.76818793
30.021933 -4.94410440
30.120690 -6.59702346
30.219446 -8.57433072
30.318203 -10.37723361
30.416959 -11.28294525
30.515715 -10.97966336
30.614472 -9.97994284
30.713228 -9.14768900
30.811984 -9.04387669
30.910741 -9.73080200
31.009497 -10.76293612
31.108253 -11.30412331
31.207010 -10.69001190
31.305766 -9.03670705
31.404522 -7.03769020
31.503279 -5.28007927
31.602035 -3.98500167
31.700792 -3.15868642
31.799548 -2.75112213
31.898304 -2.72438984
31.997061 -3.07575186
32.095817 -3.83812476
32.194573 -5.06263332
32.293330 -6.75741170
32.392086 -8.73825239
32.490842 -10.46482153
32.589599 -11.22309094
32.688355 -10.78758220
32.787112 -9.74649177
32.885868 -8.95558994
32.984624 -8.92197720
33.083381 -9.65138063
33.182137 -10.64272852
33.280893 -11.04133917
33.379650 -10.24895987
33.478406 -8.47372962
33.577162 -6.42994767
33.675919 -4.66903885
33.774675 -3.38310592
33.873431 -2.57284478
33.972188 -2.19451137
34.070944 -2.21784558
34.169701 -2.64414041
34.268457 -3.50483972
34.367213 -4.84322470
34.465970 -6.64836119
34.564726 -8.69667873
34.663482 -10.40498742
34.762239 -11.07576936
34.860995 -10.57471169
34.959751 -9.55923116
35.058508 -8.87070521
35.157264 -8.96295731
35.256021 -9.78701490
35.354777 -10.78932033
35.453533 -11.10636010
35.552290 -10.21503964
35.651046 -8.41092802
35.749802 -6.41759290
35.848559 -4.74299531
35.947315 -3.54246778
36.046071 -2.79891857
36.144828 -2.46105553
36.243584 -2.49682338
36.342340 -2.91069097
36.441097 -3.74034212
36.539853 -5.03332935
36.638610 -6.77060231
36.737366 -8.69665048
36.836122 -10.19404295
36.934879 -10.59422233
37.033635 -9.85861677
37.132391 -8.70534742
37.231148 -7.95341537
37.329904 -8.00139061
37.428660 -8.74406247
37.527417 -9.57579693
37.626173 -9.63067171
37.724929 -8.46287945
37.823686 -6.44307269
37.922442 -4.29083653
38.021199 -2.47229838
38.119955 -1.12119071
38.218711 -0.22260539
38.317468 0.26887357
38.416224 0.39641271
38.514980 0.21395948
38.613737 -0.12658968
38.712493 -0.29289998
38.811249 -0.05226530
38.910006 0.41998942
39.008762 0.86912117
39.107519 1.21711904
39.206275 1.47565790
39.305031 1.66694744
39.403788 1.80811391
39.502544 1.91158648
39.601300 1.98603918
39.700057 2.03752690
39.798813 2.06998048
39.897569 2.08593714
39.996326 2.08808064
40.095082 2.08629827
40.193838 2.08263979
40.292595 2.07548987
40.391351 2.06455042
40.490108 2.04983256
40.588864 2.03135138
40.687620 2.00911301
40.786377 1.98311887
40.885133 1.95336362
40.983889 1.91984300
41.082646 1.88253273
41.181402 1.84137700
41.280158 1.79630595
41.378915 1.74733708
41.477671 1.69480440
41.576428 1.63995163
41.675184 1.58567532
41.773940 1.53704834
41.872697 1.50093771
41.971453 1.48419873
42.070209 1.49099846
42.168966 1.52085292
42.267722 1.56876342
42.366478 1.62732159
42.465235 1.68926221
42.563991 1.74897750
42.662747 1.80260571
42.761504 1.84728541
42.860260 1.88020472
42.959017 1.89774985
43.057773 1.89492472
43.156529 1.86444526
43.255286 1.79640443
43.354042 1.68026201
43.452798 1.51350614
43.551555 1.32257223
43.650311 1.17533780
43.749067 1.14427944
43.847824 1.23917748
43.946580 1.39672690
44.045337 1.54123527
44.144093 1.63200851
44.242849 1.66067911
44.341606 1.63130424
44.440362 1.54871551
44.539118 1.41689487
44.637875 1.24359746
44.736631 1.05304274
44.835387 0.89785801
44.934144 0.83547521
45.032900 0.86987239
45.131656 0.93495988
45.230413 0.94563408
45.329169 0.84444983
45.427926 0.61744942
45.526682 0.31957061
45.625438 0.09068795
45.724195 0.08058219
45.822951 0.31450028
45.921707 0.67226589
46.020464 1.00961975
46.119220 1.25227808
46.217976 1.38973933
46.316733 1.43483480
46.415489 1.39964700
46.514246 1.28995540
46.613002 1.10569666
46.711758 0.84439283
46.810515 0.51384523
46.909271 0.16065291
47.008027 -0.11048775
47.106784 -0.19294480
47.205540 -0.07938180
47.304296 0.15124957
47.403053 0.42572771
47.501809 0.68078111
47.600565 0.88221579
47.699322 1.06612314
47.798078 1.26657314
47.896835 1.45776182
47.995591 1.61152574
48.094347 1.72691384
48.193104 1.81259414
48.291860 1.87651821
48.390616 1.92449262
48.489373 1.96044863
48.588129 1.98702152
48.686885 2.00586462
48.785642 2.01806709
48.884398 2.02409903
48.983155 2.02579927
49.081911 2.02639347
49.180667 2.02677062
49.279424 2.02708143
49.378180 2.02736387
49.476936 2.02763192
49.575693 2.02789202
49.674449 2.02814745
49.773205 2.02840004
49.871962 2.02865086
49.970718 2.02890053
50.069474 2.02914946
50.168231 2.02939789
50.266987 2.02964600
50.365744 2.02989388
50.464500 2.03014160
50.563256 2.03038922
50.662013 2.03063676
50.760769 2.03088428
50.859525 2.03113213
50.958282 2.03138036
51.057038 2.03162897
51.155794 2.03187797
51.254551 2.03212736
51.353307 2.03237714
51.452064 2.03262732
51.550820 2.03287790
51.649576 2.03312887
51.748333 2.03338024
51.847089 2.03363201
51.945845 2.03388418
52.044602 2.03413675
52.143358 2.03438972
52.242114 2.03464309
52.340871 2.03489686
52.439627 2.03515103
52.538383 2.03540560
52.637140 2.03566057
52.735896 2.03591594
52.834653 2.03617172
52.933409 2.03642789
53.032165 2.03668446
53.130922 2.03694144
53.229678 2.03719881
53.328434 2.03745659
53.427191 2.03771477
53.525947 2.03797335
53.624703 2.03823232
53.723460 2.03849170
53.822216 2.03875148
53.920973 2.03901167
54.019729 2.03927225
54.118485 2.03953323
54.217242 2.03979462
54.315998 2.04005640
54.414754 2.04031859
54.513511 2.04058118
54.612267 2.04084417
54.711023 2.04110756
54.809780 2.04137135
54.908536 2.04163554
55.007292 2.04190014
55.106049 2.04216513
55.204805 2.04243053
55.303562 2.04269633
55.402318 2.04296252
55.501074 2.04322912
55.599831 2.04349613
55.698587 2.04376353
55.797343 2.04403133
55.896100 2.04429954
55.994856 2.04456815
56.093612 2.04483715
56.192369 2.04510656
56.291125 2.04537638
56.389882 2.04564659
56.488638 2.04591720
56.587394 2.04618822
56.686151 2.04645964
56.784907 2.04673145
56.883663 2.04700367
56.982420 2.04727630
57.081176 2.04754932
57.179932 2.04782274
57.278689 2.04809657
57.377445 2.04837080
57.476201 2.04864543
57.574958 2.04892046
57.673714 2.04919589
57.772471 2.04947173
57.871227 2.04974797
57.969983 2.05002460
58.068740 2.05030164
58.167496 2.05057909
58.266252 2.05085693
58.365009 2.05113517
58.463765 2.05141382
58.562521 2.05169287
58.661278 2.05197232
58.760034 2.05225217
58.858791 2.05253243
58.957547 2.05281308
59.056303 2.05309414
59.155060 2.05337560
59.253816 2.05365746
59.352572 2.05393973
59.451329 2.05422239
59.550085 2.05450546
59.648841 2.05478893
59.747598 2.05507280
59.846354 2.05535707
59.945110 2.05564175
60.043867 2.05592682
60.142623 2.05621230
60.241380 2.05649818
60.340136 2.05678447
60.438892 2.05707115
60.537649 2.05735824
60.636405 2.05764573
60.735161 2.05793362
60.833918 2.05822191
60.932674 2.05851061
61.031430 2.05879970
61.130187 2.05908920
61.228943 2.05937910
61.327700 2.05966941
61.426456 2.05996011
61.525212 2.06025122
61.623969 2.06054273
61.722725 2.06083464
61.821481 2.06112695
61.920238 2.06141967
62.018994 2.06171279
62.117750 2.06200631
62.216507 2.06230023
62.315263 2.06259455
62.414019 2.06288928
62.512776 2.06318441
62.611532 2.06347994
62.710289 2.06377587
62.809045 2.06407221
62.907801 2.06436894
63.006558 2.06466608
63.105314 2.06496362
63.204070 2.06526157
63.302827 2.06555991
63.401583 2.06585866
63.500339 2.06615781
63.599096 2.06645737
63.697852 2.06675732
63.796609 2.06705768
63.895365 2.06735844
63.994121 2.06765960
64.092878 2.06796116
64.191634 2.06826313
64.290390 2.06856550
64.389147 2.06886827
64.487903 2.06917144
64.586659 2.06947502
64.685416 2.06977900
64.784172 2.07008338
64.882928 2.07038816
64.981685 2.07069334
65.080441 2.07099893
65.179198 2.07130492
65.277954 2.07161131
65.376710 2.07191810
65.475467 2.07222530
65.574223 2.07253290
65.672979 2.07284090
65.771736 2.07314930
65.870492 2.07345811
65.969248 2.07376732
66.068005 2.07407693
66.166761 2.07438694
66.265518 2.07469736
66.364274 2.07500818
66.463030 2.07531940
66.561787 2.07563102
66.660543 2.07594304
66.759299 2.07625547
66.858056 2.07656830
66.956812 2.07688153
67.055568 2.07719517
67.154325 2.07750920
67.253081 2.07782364
67.351837 2.07813849
67.450594 2.07845373
67.549350 2.07876938
67.648107 2.07908543
67.746863 2.07940188
67.845619 2.07971873
67.944376 2.08003599
68.043132 2.08035365
68.141888 2.08067171
68.240645 2.08099017
68.339401 2.08130904
68.438157 2.08162831
68.536914 2.08194798
68.635670 2.08226805
68.734427 2.08258853
68.833183 2.08290941
68.931939 2.08323069
69.030696 2.08355237
69.129452 2.08387446
69.228208 2.08419695
69.326965 2.08451984
69.425721 2.08484313
69.524477 2.08516683
69.623234 2.08549093
69.721990 2.08581543
69.820746 2.08614033
69.919503 2.08646564
70.018259 2.08679135
70.117016 2.08711746
70.215772 2.08744398
70.314528 2.08777089
70.413285 2.08809821
70.512041 2.08842593
70.610797 2.08875406
70.709554 2.08908258
70.808310 2.08941151
70.907066 2.08974085
71.005823 2.09007058
71.104579 2.09040072
71.203336 2.09073126
71.302092 2.09106220
71.400848 2.09139354
71.499605 2.09172529
71.598361 2.09205744
71.697117 2.09238996
71.795874 2.09272251
71.894630 2.09305507
71.993386 2.09338762
72.092143 2.09372017
72.190899 2.09405272
72.289655 2.09438528
72.388412 2.09471786
72.487168 2.09505066
72.585925 2.09538298
