0.098756 1.64387466
0.197513 1.64387684
0.296269 1.64387444
0.395025 1.64387420
0.493782 1.64387422
0.592538 1.64387425
0.691295 1.64387428
0.790051 1.64387431
0.888807 1.64387435
0.987564 1.64387439
1.086320 1.64387444
1.185076 1.64387450
1.283833 1.64387457
1.382589 1.64387465
1.481345 1.64387473
1.580102 1.64387483
1.678858 1.64387493
1.777614 1.64387505
1.876371 1.64387518
1.975127 1.64387532
2.073884 1.64387547
2.172640 1.64387564
2.271396 1.64387583
2.370153 1.64387603
2.468909 1.64387624
2.567665 1.64387647
2.666422 1.64387672
2.765178 1.64387699
2.863934 1.64387727
2.962691 1.64387758
3.061447 1.64387790
3.160204 1.64387825
3.258960 1.64387861
3.357716 1.64387900
3.456473 1.64387941
3.555229 1.64387985
3.653985 1.64388031
3.752742 1.64388079
3.851498 1.64388130
3.950254 1.64388183
4.049011 1.64388239
4.147767 1.64388298
4.246523 1.64388359
4.345280 1.64388424
4.444036 1.64388491
4.542793 1.64388561
4.641549 1.64388635
4.740305 1.64388711
4.839062 1.64388791
4.937818 1.64388873
5.036574 1.64388960
5.135331 1.64389049
5.234087 1.64389142
5.332843 1.64389239
5.431600 1.64389339
5.530356 1.64389442
5.629113 1.64389549
5.727869 1.64389661
5.826625 1.64389776
5.925382 1.64389894
6.024138 1.64390017
6.122894 1.64390144
6.221651 1.64390275
6.320407 1.64390410
6.419163 1.64390549
6.517920 1.64390692
6.616676 1.64390840
6.715432 1.64390992
6.814189 1.64391149
6.912945 1.64391310
7.011702 1.64391476
7.110458 1.64391646
7.209214 1.64391821
7.307971 1.64392001
7.406727 1.64392186
7.505483 1.64392375
7.604240 1.64392570
7.702996 1.64392769
7.801752 1.64392974
7.900509 1.64393184
7.999265 1.64393399
8.098022 1.64393619
8.196778 1.64393845
8.295534 1.64394076
8.394291 1.64394312
8.493047 1.64394554
8.591803 1.64394802
8.690560 1.64395055
8.789316 1.64395313
8.888072 1.64395578
8.986829 1.64395848
9.085585 1.64396125
9.184341 1.64396407
9.283098 1.64396695
9.381854 1.64396989
9.480611 1.64397289
9.579367 1.64397596
9.678123 1.64397908
9.776880 1.64398227
9.875636 1.64398553
9.974392 1.64398884
10.073149 1.64399222
10.171905 1.64399567
10.270661 1.64399918
10.369418 1.64400275
10.468174 1.64400640
10.566931 1.64401010
10.665687 1.64401388
10.764443 1.64401772
10.863200 1.64402164
10.961956 1.64402562
11.060712 1.64402967
11.159469 1.64403379
11.258225 1.64403797
11.356981 1.64404223
11.455738 1.64404656
11.554494 1.64405096
11.653250 1.64405543
11.752007 1.64405997
11.850763 1.64406458
11.949520 1.64406926
12.048276 1.64407402
12.147032 1.64407884
12.245789 1.64408374
12.344545 1.64408870
12.443301 1.64409373
12.542058 1.64409883
12.640814 1.64410400
12.739570 1.64410924
12.838327 1.64411454
12.937083 1.64411991
13.035840 1.64412534
13.134596 1.64413083
13.233352 1.64413638
13.332109 1.64414198
13.430865 1.64414764
13.529621 1.64415335
13.628378 1.64415910
13.727134 1.64416489
13.825890 1.64417071
13.924647 1.64417656
14.023403 1.64418244
14.122159 1.64418832
14.220916 1.64419420
14.319672 1.64420008
14.418429 1.64420593
14.517185 1.64421175
14.615941 1.64421752
14.714698 1.64422321
14.813454 1.64422881
14.912210 1.64423430
15.010967 1.64423964
15.109723 1.64424480
15.208479 1.64424976
15.307236 1.64425446
15.405992 1.64425887
15.504749 1.64426293
15.603505 1.64426658
15.702261 1.64426976
15.801018 1.64427240
15.899774 1.64427440
15.998530 1.64427567
16.097287 1.64427610
16.196043 1.64427558
16.294799 1.64427396
16.393556 1.64427108
16.492312 1.64426676
16.591068 1.64426082
16.689825 1.64425301
16.788581 1.64424310
16.887338 1.64423078
16.986094 1.64421574
17.084850 1.64419762
17.183607 1.64417599
17.282363 1.64415041
17.381119 1.64412034
17.479876 1.64408522
17.578632 1.64404437
17.677388 1.64399707
17.776145 1.64394248
17.874901 1.64387968
17.973658 1.64380763
18.072414 1.64372514
18.171170 1.64363094
18.269927 1.64352352
18.368683 1.64340128
18.467439 1.64326237
18.566196 1.64310474
18.664952 1.64292610
18.763708 1.64272390
18.862465 1.64249528
18.961221 1.64223708
19.059977 1.64194573
19.158734 1.64161732
19.257490 1.64124743
19.356247 1.64083119
19.455003 1.64036315
19.553759 1.63983732
19.652516 1.63924696
19.751272 1.63858466
19.850028 1.63784216
19.948785 1.63701034
20.047541 1.63607906
20.146297 1.63503712
20.245054 1.63387209
20.343810 1.63257028
20.442567 1.63111648
20.541323 1.62949396
20.640079 1.62768416
20.738836 1.62566669
20.837592 1.62341896
20.936348 1.62091615
21.035105 1.61813080
21.133861 1.61503278
21.232617 1.61158879
21.331374 1.60776230
21.430130 1.60351297
21.528886 1.59879659
21.627643 1.59356433
21.726399 1.58776264
21.825156 1.58133237
21.923912 1.57420852
22.022668 1.56631914
22.121425 1.55758482
22.220181 1.54791727
22.318937 1.53721829
22.417694 1.52537772
22.516450 1.51227159
22.615206 1.49775890
22.713963 1.48167818
22.812719 1.46384217
22.911476 1.44403137
23.010232 1.42198483
23.108988 1.39738806
23.207745 1.36985641
23.306501 1.33891219
23.405257 1.30395390
23.504014 1.26421250
23.602770 1.21869338
23.701526 1.16609215
23.800283 1.10468357
23.899039 1.03215912
23.997795 0.94541261
24.096552 0.84022898
24.195308 0.71086985
24.294065 0.54950069
24.392821 0.34537047
24.491577 0.08387024
24.590334 -0.25498348
24.689090 -0.69648844
24.787846 -1.25867471
24.886603 -1.88337538
24.985359 -2.32919368
25.084115 -2.37039075
25.182872 -2.16577270
25.281628 -2.03158804
25.380385 -2.11890812
25.479141 -2.48057846
25.577897 -3.17028180
25.676654 -4.25994197
25.775410 -5.80147068
25.874166 -7.71292812
25.972923 -9.59446146
26.071679 -10.74307531
26.170435 -10.70103634
26.269192 -9.81061224
26.367948 -8.91993265
26.466704 -8.68483975
26.565461 -9.27444636
26.664217 -10.35034107
26.762974 -11.12913522
26.861730 -10.83727764
26.960486 -9.39836599
27.059243 -7.43872382
27.157999 -5.61448188
27.256755 -4.22348535
27.355512 -3.30466448
27.454268 -2.81310727
27.553024 -2.70617315
27.651781 -2.97370341
27.750537 -3.64240276
27.849294 -4.76350507
27.948050 -6.36444339
28.046806 -8.32207528
28.145563 -10.18083694
28.244319 -11.21863525
28.343075 -11.04364936
28.441832 -10.08537029
28.540588 -9.20581716
28.639344 -9.01667873
28.738101 -9.63565660
28.836857 -10.67242957
28.935613 -11.31574665
29.034370 -10.84349913
29.133126 -9.27712998
29.231883 -7.28139963
29.330639 -5.47959239
29.429395 -4.12983132
29.528152 -3.25327315
29.626908 -2.80169830
29.725664 -2.73439680
29.824421 -3.04465421
29.923177 -3.76217987
30.021933 -4.93830263
30.120690 -6.59146862
30.219446 -8.56904912
30.318203 -10.37222219
30.416959 -11.27816462
30.515715 -10.97506273
30.614472 -9.97551175
30.713228 -9.14350739
30.811984 -9.04015895
30.910741 -9.72792792
31.009497 -10.76147799
31.108253 -11.30483704
31.207010 -10.69373323
31.305766 -9.04416139
31.404522 -7.04932971
31.503279 -5.29607616
31.602035 -4.00533574
31.700792 -3.18322709
31.799548 -2.77971971
31.898304 -2.75698714
31.997061 -3.11249023
32.095817 -3.87944361
32.194573 -5.10933141
32.293330 -6.81065565
32.392086 -8.79956029
32.490842 -10.53605302
32.589599 -11.30646303
32.688355 -10.88566645
32.787112 -9.86217206
32.885868 -9.09210219
32.984624 -9.08306032
33.083381 -9.84142591
33.182137 -10.86690112
33.280893 -11.30556253
33.379650 -10.55956216
33.478406 -8.83663948
33.577162 -6.84944382
33.675919 -5.14602711
33.774675 -3.91299270
33.873431 -3.14379924
33.972188 -2.78752042
34.070944 -2.80940554
34.169701 -3.21090144
34.268457 -4.02816922
34.367213 -5.31170199
34.465970 -7.05768768
34.564726 -9.04794462
34.663482 -10.70259293
34.762239 -11.32575911
34.860995 -10.78354450
34.959751 -9.73292825
35.058508 -9.01443082
35.157264 -9.08085450
35.256021 -9.88217388
35.354777 -10.86383469
35.453533 -11.16145943
35.552290 -10.25140003
35.651046 -8.42913476
35.749802 -6.41851117
35.848559 -4.72778381
35.947315 -3.51232116
36.046071 -2.75482333
36.144828 -2.40360821
36.243584 -2.42614431
36.342340 -2.82647955
36.441097 -3.64201661
36.539853 -4.92020734
36.638610 -6.64216141
36.737366 -8.55283404
36.836122 -10.03545469
36.934879 -10.42209640
37.033635 -9.67442992
37.132391 -8.51026847
37.231148 -7.74781642
37.329904 -7.78439848
37.428660 -8.51326337
37.527417 -9.32704137
37.626173 -9.35828302
37.724929 -8.16082155
37.823686 -6.10662000
37.922442 -3.91763126
38.021199 -2.06225751
38.119955 -0.67578717
38.218711 0.25572268
38.317468 0.77732354
38.416224 0.93244482
38.514980 0.77553662
38.613737 0.45901889
38.712493 0.31580162
38.811249 0.57899370
38.910006 1.07350388
39.008762 1.54453000
39.107519 1.91388586
39.206275 2.19282693
39.305031 2.40290703
39.403788 2.56079339
39.502544 2.67874733
39.601300 2.76541106
39.700057 2.82679185
39.798813 2.86672631
39.897569 2.88768098
39.996326 2.89253876
40.095082 2.89304843
40.193838 2.89297119
40.292595 2.89275728
40.391351 2.89249193
40.490108 2.89220158
40.588864 2.89189724
40.687620 2.89158428
40.786377 2.89126566
40.885133 2.89094317
40.983889 2.89061794
41.082646 2.89029074
41.181402 2.88996207
41.280158 2.88963231
41.378915 2.88930172
41.477671 2.88897055
41.576428 2.88863916
41.675184 2.88830818
41.773940 2.88797905
41.872697 2.88765538
41.971453 2.88734762
42.070209 2.88709486
42.168966 2.88707617
42.267722 2.88798398
42.366478 2.88978466
42.465235 2.89203643
42.563991 2.89402903
42.662747 2.89468169
42.761504 2.89237659
42.860260 2.88469858
42.959017 2.86806509
43.057773 2.83725767
43.156529 2.78455060
43.255286 2.69933777
43.354042 2.57023558
43.452798 2.39377505
43.551555 2.19554472
43.650311 2.04289855
43.749067 2.00805564
43.847824 2.10060019
43.946580 2.25692019
44.045337 2.40094803
44.144093 2.49166268
44.242849 2.52040334
44.341606 2.49094068
44.440362 2.40784648
44.539118 2.27491132
44.637875 2.09980301
44.736631 1.90680662
44.835387 1.74879273
44.934144 1.68352985
45.032900 1.71532408
45.131656 1.77832643
45.230413 1.78752669
45.329169 1.68541401
45.427926 1.45782397
45.526682 1.15941230
45.625438 0.92976111
45.724195 0.91845241
45.822951 1.15076170
45.921707 1.50670193
46.020464 1.84219353
46.119220 2.08304727
46.217976 2.21876735
46.316733 2.26215079
46.415489 2.22524638
46.514246 2.11380352
46.613002 1.92773831
46.711758 1.66457863
46.810515 1.33216826
46.909271 0.97718936
47.008027 0.70446338
47.106784 0.62072350
47.205540 0.73330323
47.304296 0.96315639
47.403053 1.23692943
47.501809 1.49122506
47.600565 1.69175073
47.699322 1.87452589
47.798078 2.07358342
47.896835 2.26312175
47.995591 2.41501076
48.094347 2.52835047
48.193104 2.61187186
48.291860 2.67359326
48.390616 2.71938872
48.489373 2.75326014
48.588129 2.77791649
48.686885 2.79509093
48.785642 2.80593579
48.884398 2.81097795
48.983155 2.81197400
49.081911 2.81194768
49.180667 2.81172440
49.279424 2.81144249
49.378180 2.81113611
49.476936 2.81081760
49.575693 2.81049252
49.674449 2.81016365
49.773205 2.80983252
49.871962 2.80950000
49.970718 2.80916659
50.069474 2.80883262
50.168231 2.80849827
50.266987 2.80816369
50.365744 2.80782894
50.464500 2.80749408
50.563256 2.80715914
50.662013 2.80682415
50.760769 2.80648939
50.859525 2.80615739
50.958282 2.80582841
51.057038 2.80550246
51.155794 2.80517955
51.254551 2.80485968
51.353307 2.80454284
51.452064 2.80422904
51.550820 2.80391828
51.649576 2.80361057
51.748333 2.80330589
51.847089 2.80300425
51.945845 2.80270566
52.044602 2.80241011
52.143358 2.80211759
52.242114 2.80182812
52.340871 2.80154169
52.439627 2.80125831
52.538383 2.80097796
52.637140 2.80070065
52.735896 2.80042639
52.834653 2.80015517
52.933409 2.79988698
53.032165 2.79962184
53.130922 2.79935975
53.229678 2.79910069
53.328434 2.79884467
53.427191 2.79859170
53.525947 2.79834176
53.624703 2.79809487
53.723460 2.79785102
53.822216 2.79761021
53.920973 2.79737245
54.019729 2.79713772
54.118485 2.79690604
54.217242 2.79667740
54.315998 2.79645179
54.414754 2.79622923
54.513511 2.79600972
54.612267 2.79579324
54.711023 2.79557981
54.809780 2.79536941
54.908536 2.79516206
55.007292 2.79495775
55.106049 2.79475648
55.204805 2.79455826
55.303562 2.79436307
55.402318 2.79417093
55.501074 2.79398182
55.599831 2.79379576
55.698587 2.79361275
55.797343 2.79343277
55.896100 2.79325583
55.994856 2.79308194
56.093612 2.79291109
56.192369 2.79274328
56.291125 2.79257851
56.389882 2.79241679
56.488638 2.79225810
56.587394 2.79210246
56.686151 2.79194986
56.784907 2.79180030
56.883663 2.79165378
56.982420 2.79151031
57.081176 2.79136987
57.179932 2.79123248
57.278689 2.79109813
57.377445 2.79096683
57.476201 2.79083856
57.574958 2.79071334
57.673714 2.79059116
57.772471 2.79047202
57.871227 2.79035592
57.969983 2.79024286
58.068740 2.79013285
58.167496 2.79002588
58.266252 2.78992195
58.365009 2.78982106
58.463765 2.78972322
58.562521 2.78962841
58.661278 2.78953665
58.760034 2.78944793
58.858791 2.78936226
58.957547 2.78927962
59.056303 2.78920003
59.155060 2.78912348
59.253816 2.78904997
59.352572 2.78897950
59.451329 2.78891208
59.550085 2.78884770
59.648841 2.78878636
59.747598 2.78872806
59.846354 2.78867281
59.945110 2.78862060
60.043867 2.78857143
60.142623 2.78852530
60.241380 2.78848222
60.340136 2.78844217
60.438892 2.78840517
60.537649 2.78837122
60.636405 2.78834030
60.735161 2.78831243
60.833918 2.78828760
60.932674 2.78826581
61.031430 2.78824706
61.130187 2.78823136
61.228943 2.78821870
61.327700 2.78820908
61.426456 2.78820251
61.525212 2.78819897
61.623969 2.78819848
61.722725 2.78820104
61.821481 2.78820663
61.920238 2.78821527
62.018994 2.78822695
62.117750 2.78824167
62.216507 2.78825944
62.315263 2.78828024
62.414019 2.78830410
62.512776 2.78833099
62.611532 2.78836093
62.710289 2.78839390
62.809045 2.78842993
62.907801 2.78846899
63.006558 2.78851110
63.105314 2.78855625
63.204070 2.78860444
63.302827 2.78865568
63.401583 2.78870996
63.500339 2.78876728
63.599096 2.78882764
63.697852 2.78889105
63.796609 2.78895750
63.895365 2.78902699
63.994121 2.78909953
64.092878 2.78917511
64.191634 2.78925373
64.290390 2.78933540
64.389147 2.78942010
64.487903 2.78950785
64.586659 2.78959865
64.685416 2.78969249
64.784172 2.78978937
64.882928 2.78988929
64.981685 2.78999226
65.080441 2.79009826
65.179198 2.79020732
65.277954 2.79031941
65.376710 2.79043455
65.475467 2.79055273
65.574223 2.79067396
65.672979 2.79079823
65.771736 2.79092554
65.870492 2.79105589
65.969248 2.79118929
66.068005 2.79132573
66.166761 2.79146522
66.265518 2.79160775
66.364274 2.79175332
66.463030 2.79190193
66.561787 2.79205359
66.660543 2.79220829
66.759299 2.79236604
66.858056 2.79252682
66.956812 2.79269065
67.055568 2.79285753
67.154325 2.79302745
67.253081 2.79320041
67.351837 2.79337641
67.450594 2.79355546
67.549350 2.79373755
67.648107 2.79392269
67.746863 2.79411087
67.845619 2.79430209
67.944376 2.79449636
68.043132 2.79469367
68.141888 2.79489402
68.240645 2.79509742
68.339401 2.79530386
68.438157 2.79551334
68.536914 2.79572587
68.635670 2.79594144
68.734427 2.79616006
68.833183 2.79638171
68.931939 2.79660642
69.030696 2.79683416
69.129452 2.79706495
69.228208 2.79729879
69.326965 2.79753566
69.425721 2.79777558
69.524477 2.79801855
69.623234 2.79826456
69.721990 2.79851361
69.820746 2.79876571
69.919503 2.79902085
70.018259 2.79927903
70.117016 2.79954026
70.215772 2.79980453
70.314528 2.80007184
70.413285 2.80034220
70.512041 2.80061561
70.610797 2.80089205
70.709554 2.80117155
70.808310 2.80145408
70.907066 2.80173966
71.005823 2.80202828
71.104579 2.80231995
71.203336 2.80261466
71.302092 2.80291242
71.400848 2.80321322
71.499605 2.80351706
71.598361 2.80382395
71.697117 2.80413362
71.795874 2.80444355
71.894630 2.80475349
71.993386 2.80506342
72.092143 2.80537335
72.190899 2.80568328
72.289655 2.80599321
72.388412 2.80630317
72.487168 2.80661331
72.585925 2.80692305
