0.098756 1.65152406
0.197513 1.65152493
0.296269 1.65152399
0.395025 1.65152388
0.493782 1.65152387
0.592538 1.65152388
0.691295 1.65152389
0.790051 1.65152390
0.888807 1.65152392
0.987564 1.65152395
1.086320 1.65152399
1.185076 1.65152403
1.283833 1.65152409
1.382589 1.65152416
1.481345 1.65152424
1.580102 1.65152433
1.678858 1.65152443
1.777614 1.65152455
1.876371 1.65152469
1.975127 1.65152484
2.073884 1.65152501
2.172640 1.65152519
2.271396 1.65152539
2.370153 1.65152562
2.468909 1.65152586
2.567665 1.65152612
2.666422 1.65152641
2.765178 1.65152672
2.863934 1.65152706
2.962691 1.65152741
3.061447 1.65152780
3.160204 1.65152821
3.258960 1.65152865
3.357716 1.65152911
3.456473 1.65152961
3.555229 1.65153013
3.653985 1.65153069
3.752742 1.65153127
3.851498 1.65153190
3.950254 1.65153255
4.049011 1.65153324
4.147767 1.65153397
4.246523 1.65153473
4.345280 1.65153553
4.444036 1.65153637
4.542793 1.65153724
4.641549 1.65153816
4.740305 1.65153912
4.839062 1.65154012
4.937818 1.65154116
5.036574 1.65154225
5.135331 1.65154338
5.234087 1.65154457
5.332843 1.65154579
5.431600 1.65154707
5.530356 1.65154839
5.629113 1.65154977
5.727869 1.65155119
5.826625 1.65155268
5.925382 1.65155420
6.024138 1.65155580
6.122894 1.65155743
6.221651 1.65155914
6.320407 1.65156089
6.419163 1.65156271
6.517920 1.65156458
6.616676 1.65156652
6.715432 1.65156851
6.814189 1.65157057
6.912945 1.65157269
7.011702 1.65157488
7.110458 1.65157713
7.209214 1.65157946
7.307971 1.65158185
7.406727 1.65158431
7.505483 1.65158684
7.604240 1.65158944
7.702996 1.65159211
7.801752 1.65159487
7.900509 1.65159769
7.999265 1.65160059
8.098022 1.65160357
8.196778 1.65160663
8.295534 1.65160976
8.394291 1.65161298
8.493047 1.65161628
8.591803 1.65161967
8.690560 1.65162313
8.789316 1.65162669
8.888072 1.65163032
8.986829 1.65163406
9.085585 1.65163787
9.184341 1.65164179
9.283098 1.65164578
9.381854 1.65164988
9.480611 1.65165406
9.579367 1.65165835
9.678123 1.65166273
9.776880 1.65166721
9.875636 1.65167178
9.974392 1.65167647
10.073149 1.65168124
10.171905 1.65168613
10.270661 1.65169111
10.369418 1.65169621
10.468174 1.65170140
10.566931 1.65170671
10.665687 1.65171212
10.764443 1.65171765
10.863200 1.65172329
10.961956 1.65172904
11.060712 1.65173490
11.159469 1.65174088
11.258225 1.65174697
11.356981 1.65175318
11.455738 1.65175950
11.554494 1.65176596
11.653250 1.65177252
11.752007 1.65177921
11.850763 1.65178601
11.949520 1.65179295
12.048276 1.65180000
12.147032 1.65180718
12.245789 1.65181448
12.344545 1.65182191
12.443301 1.65182946
12.542058 1.65183714
12.640814 1.65184495
12.739570 1.65185288
12.838327 1.65186093
12.937083 1.65186911
13.035840 1.65187741
13.134596 1.65188584
13.233352 1.65189438
13.332109 1.65190305
13.430865 1.65191183
13.529621 1.65192073
13.628378 1.65192973
13.727134 1.65193885
13.825890 1.65194807
13.924647 1.65195738
14.023403 1.65196678
14.122159 1.65197627
14.220916 1.65198582
14.319672 1.65199545
14.418429 1.65200512
14.517185 1.65201483
14.615941 1.65202457
14.714698 1.65203431
14.813454 1.65204404
14.912210 1.65205373
15.010967 1.65206335
15.109723 1.65207288
15.208479 1.65208229
15.307236 1.65209152
15.405992 1.65210054
15.504749 1.65210930
15.603505 1.65211774
15.702261 1.65212580
15.801018 1.65213339
15.899774 1.65214045
15.998530 1.65214686
16.097287 1.65215253
16.196043 1.65215734
16.294799 1.65216113
16.393556 1.65216377
16.492312 1.65216506
16.591068 1.65216483
16.689825 1.65216282
16.788581 1.65215881
16.887338 1.65215248
16.986094 1.65214353
17.084850 1.65213158
17.183607 1.65211623
17.282363 1.65209701
17.381119 1.65207340
17.479876 1.65204481
17.578632 1.65201058
17.677388 1.65196996
17.776145 1.65192214
17.874901 1.65186615
17.973658 1.65180096
18.072414 1.65172538
18.171170 1.65163810
18.269927 1.65153761
18.368683 1.65142229
18.467439 1.65129024
18.566196 1.65113943
18.664952 1.65096750
18.763708 1.65077189
18.862465 1.65054966
18.961221 1.65029764
19.059977 1.65001218
19.158734 1.64968931
19.257490 1.64932452
19.356247 1.64891289
19.455003 1.64844885
19.553759 1.64792630
19.652516 1.64733836
19.751272 1.64667751
19.850028 1.64593529
19.948785 1.64510244
20.047541 1.64416856
20.146297 1.64312227
20.245054 1.64195084
20.343810 1.64064030
20.442567 1.63917510
20.541323 1.63753817
20.640079 1.63571050
20.738836 1.63367127
20.837592 1.63139736
20.936348 1.62886339
21.035105 1.62604126
21.133861 1.62290017
21.232617 1.61940603
21.331374 1.61552149
21.430130 1.61120529
21.528886 1.60641220
21.627643 1.60109231
21.726399 1.59519090
21.825156 1.58864754
21.923912 1.58139589
22.022668 1.57336254
22.121425 1.56446656
22.220181 1.55461804
22.318937 1.54371712
22.417694 1.53165189
22.516450 1.51829661
22.615206 1.50350845
22.713963 1.48712412
22.812719 1.46895451
22.911476 1.44877838
23.010232 1.42633303
23.108988 1.40130241
23.207745 1.37330041
23.306501 1.34184813
23.405257 1.30634313
23.504014 1.26601578
23.602770 1.21987129
23.701526 1.16660560
23.800283 1.10449437
23.899039 1.03123062
23.997795 0.94371040
24.096552 0.83772168
24.195308 0.70752975
24.294065 0.54530448
24.392821 0.34029973
24.491577 0.07791178
24.590334 -0.26183782
24.689090 -0.70424215
24.787846 -1.26732783
24.886603 -1.89292507
24.985359 -2.33963540
25.084115 -2.38036883
25.182872 -2.17531621
25.281628 -2.04073706
25.380385 -2.12772358
25.479141 -2.48913052
25.577897 -3.17863154
25.676654 -4.26812852
25.775410 -5.80950710
25.874166 -7.72080557
25.972923 -9.60216484
26.071679 -10.75059589
26.170435 -10.70837947
26.269192 -9.81780192
26.367948 -8.92701020
26.466704 -8.69185411
26.565461 -9.28144240
26.664217 -10.35734763
26.762974 -11.13615404
26.861730 -10.84428041
26.960486 -9.40530033
27.059243 -7.44552648
27.157999 -5.62107875
27.256755 -4.22978950
27.355512 -3.31058538
27.454268 -2.81856749
27.553024 -2.71112483
27.651781 -2.97813504
27.750537 -3.64633549
27.849294 -4.76698115
27.948050 -6.36751905
28.046806 -8.32482555
28.145563 -10.18336947
28.244319 -11.22110076
28.343075 -11.04622544
28.441832 -10.08821764
28.540588 -9.20905001
28.639344 -9.02035608
28.738101 -9.63977993
28.836857 -10.67694135
28.935613 -11.32053173
29.034370 -10.84840605
29.133126 -9.28201135
29.231883 -7.28614747
29.330639 -5.48413565
29.429395 -4.13411997
29.528152 -3.25727699
29.626908 -2.80541398
29.725664 -2.73785464
29.824421 -3.04791734
29.923177 -3.76533234
30.021933 -4.94142914
30.120690 -6.59463840
30.219446 -8.57231121
30.318203 -10.37560858
30.416959 -11.28168616
30.515715 -10.97868367
30.614472 -9.97911158
30.713228 -9.14685059
30.811984 -9.04287146
30.910741 -9.72948519
31.009497 -10.76119754
31.108253 -11.30190506
31.207010 -10.68731390
31.305766 -9.03357545
31.404522 -7.03419898
31.503279 -5.27632353
31.602035 -3.98109506
31.700792 -3.15475625
31.799548 -2.74730433
31.898304 -2.72082408
31.997061 -3.07257664
32.095817 -3.83547327
32.194573 -5.06062771
32.293330 -6.75615393
32.392086 -8.73781166
32.490842 -10.46522317
32.589599 -11.22430931
32.688355 -10.78954326
32.787112 -9.74908304
32.885868 -8.95867748
32.984624 -8.92542950
33.083381 -9.65508736
33.182137 -10.64661243
33.280893 -11.04536293
33.379650 -10.25312523
33.478406 -8.47806570
33.577162 -6.43449372
33.675919 -4.67384093
33.774675 -3.38822754
33.873431 -2.57837688
33.972188 -2.20057987
34.070944 -2.22461602
34.169701 -2.65181920
34.268457 -3.51367373
34.367213 -4.85349531
34.465970 -6.66036732
34.564726 -8.71071394
34.663482 -10.42132061
34.762239 -11.09462751
34.860995 -10.59625211
34.959751 -9.58351585
35.058508 -8.89773849
35.157264 -8.99277614
35.256021 -9.81975932
35.354777 -10.82528573
35.453533 -11.14601440
35.552290 -10.25895838
35.651046 -8.45966547
35.749802 -6.47158131
35.848559 -4.80255886
35.947315 -3.60791574
36.046071 -2.87064449
36.144828 -2.53962236
36.243584 -2.58300245
36.342340 -3.00546021
36.441097 -3.84488141
36.539853 -5.14902205
36.638610 -6.89903170
36.737366 -8.83959102
36.836122 -10.35346117
36.934879 -10.77228081
37.033635 -10.05769727
37.132391 -8.92810494
37.231148 -8.20286509
37.329904 -8.28099318
37.428660 -9.05764482
37.527417 -9.92704713
37.626173 -10.02193791
37.724929 -8.89322638
37.823686 -6.90611903
37.922442 -4.77361097
38.021199 -2.95638832
38.119955 -1.58627744
38.218711 -0.65095787
38.317468 -0.11083023
38.416224 0.07080817
38.514980 -0.05716667
38.613737 -0.34578823
38.712493 -0.46376652
38.811249 -0.17840563
38.910006 0.33539646
39.008762 0.82334024
39.107519 1.20777339
39.206275 1.50054433
39.305031 1.72374886
39.403788 1.89411504
39.502544 2.02342830
39.601300 2.11923621
39.700057 2.18654668
39.798813 2.22959910
39.897569 2.25144969
39.996326 2.25630383
40.095082 2.25665955
40.193838 2.25634893
40.292595 2.25586893
40.391351 2.25532209
40.490108 2.25474206
40.588864 2.25414330
40.687620 2.25353302
40.786377 2.25291522
40.885133 2.25229234
40.983889 2.25166592
41.082646 2.25103700
41.181402 2.25040632
41.280158 2.24977438
41.378915 2.24914163
41.477671 2.24850847
41.576428 2.24787542
41.675184 2.24724335
41.773940 2.24661399
41.872697 2.24599131
41.971453 2.24538627
42.070209 2.24483878
42.168966 2.24452983
42.267722 2.24515684
42.366478 2.24668376
42.465235 2.24866511
42.563991 2.25038775
42.662747 2.25076884
42.761504 2.24818912
42.860260 2.24023249
42.959017 2.22331585
43.057773 2.19222061
43.156529 2.13922116
43.255286 2.05371183
43.354042 1.92430957
43.452798 1.74754610
43.551555 1.54901066
43.650311 1.39605772
43.749067 1.36090657
43.847824 1.45314132
43.946580 1.60914952
44.045337 1.75286287
44.144093 1.84325952
44.242849 1.87167770
44.341606 1.84188722
44.440362 1.75845930
44.539118 1.62518452
44.637875 1.44973115
44.736631 1.25638523
44.835387 1.09801880
44.934144 1.03240203
45.032900 1.06384278
45.131656 1.12649364
45.230413 1.13534534
45.329169 1.03288706
45.427926 0.80495335
45.526682 0.50619803
45.625438 0.27620053
45.724195 0.26454069
45.822951 0.49649437
45.921707 0.85207657
46.020464 1.18720930
46.119220 1.42770355
46.217976 1.56306239
46.316733 1.60608135
46.415489 1.56880817
46.514246 1.45699177
46.613002 1.27054828
46.711758 1.00700627
46.810515 0.67421098
46.909271 0.31884672
47.008027 0.04573766
47.106784 -0.03838093
47.205540 0.07382449
47.304296 0.30330600
47.403053 0.57670738
47.501809 0.83062828
47.600565 1.03077348
47.699322 1.21316034
47.798078 1.41182066
47.896835 1.60095303
47.995591 1.75242862
48.094347 1.86534953
48.193104 1.94844944
48.291860 2.00974972
48.390616 2.05512775
48.489373 2.08858909
48.588129 2.11284682
48.686885 2.12963870
48.785642 2.14012079
48.884398 2.14482366
48.983155 2.14549987
49.081911 2.14516108
49.180667 2.14462831
49.279424 2.14403862
49.378180 2.14342559
49.476936 2.14280116
49.575693 2.14217066
49.674449 2.14153671
49.773205 2.14090074
49.871962 2.14026353
49.970718 2.13962556
50.069474 2.13898710
50.168231 2.13834833
50.266987 2.13770936
50.365744 2.13707025
50.464500 2.13643105
50.563256 2.13579180
50.662013 2.13515251
50.760769 2.13451358
50.859525 2.13387879
50.958282 2.13324852
51.057038 2.13262280
51.155794 2.13200162
51.254551 2.13138497
51.353307 2.13077287
51.452064 2.13016531
51.550820 2.12956229
51.649576 2.12896381
51.748333 2.12836987
51.847089 2.12778048
51.945845 2.12719563
52.044602 2.12661532
52.143358 2.12603956
52.242114 2.12546834
52.340871 2.12490166
52.439627 2.12433952
52.538383 2.12378193
52.637140 2.12322888
52.735896 2.12268037
52.834653 2.12213641
52.933409 2.12159699
53.032165 2.12106211
53.130922 2.12053177
53.229678 2.12000598
53.328434 2.11948473
53.427191 2.11896803
53.525947 2.11845586
53.624703 2.11794824
53.723460 2.11744517
53.822216 2.11694663
53.920973 2.11645265
54.019729 2.11596320
54.118485 2.11547830
54.217242 2.11499794
54.315998 2.11452212
54.414754 2.11405085
54.513511 2.11358412
54.612267 2.11312194
54.711023 2.11266429
54.809780 2.11221120
54.908536 2.11176264
55.007292 2.11131863
55.106049 2.11087917
55.204805 2.11044424
55.303562 2.11001386
55.402318 2.10958803
55.501074 2.10916674
55.599831 2.10874999
55.698587 2.10833779
55.797343 2.10793013
55.896100 2.10752701
55.994856 2.10712844
56.093612 2.10673442
56.192369 2.10634493
56.291125 2.10595999
56.389882 2.10557960
56.488638 2.10520375
56.587394 2.10483244
56.686151 2.10446568
56.784907 2.10410346
56.883663 2.10374579
56.982420 2.10339266
57.081176 2.10304408
57.179932 2.10270004
57.278689 2.10236054
57.377445 2.10202559
57.476201 2.10169518
57.574958 2.10136932
57.673714 2.10104800
57.772471 2.10073123
57.871227 2.10041900
57.969983 2.10011131
58.068740 2.09980817
58.167496 2.09950958
58.266252 2.09921553
58.365009 2.09892602
58.463765 2.09864106
58.562521 2.09836065
58.661278 2.09808477
58.760034 2.09781345
58.858791 2.09754667
58.957547 2.09728443
59.056303 2.09702674
59.155060 2.09677359
59.253816 2.09652499
59.352572 2.09628093
59.451329 2.09604142
59.550085 2.09580645
59.648841 2.09557602
59.747598 2.09535015
59.846354 2.09512881
59.945110 2.09491202
60.043867 2.09469978
60.142623 2.09449208
60.241380 2.09428893
60.340136 2.09409032
60.438892 2.09389626
60.537649 2.09370674
60.636405 2.09352177
60.735161 2.09334134
60.833918 2.09316546
60.932674 2.09299412
61.031430 2.09282733
61.130187 2.09266508
61.228943 2.09250738
61.327700 2.09235422
61.426456 2.09220561
61.525212 2.09206154
61.623969 2.09192202
61.722725 2.09178704
61.821481 2.09165661
61.920238 2.09153073
62.018994 2.09140939
62.117750 2.09129259
62.216507 2.09118034
62.315263 2.09107264
62.414019 2.09096948
62.512776 2.09087086
62.611532 2.09077679
62.710289 2.09068727
62.809045 2.09060229
62.907801 2.09052186
63.006558 2.09044597
63.105314 2.09037463
63.204070 2.09030783
63.302827 2.09024558
63.401583 2.09018787
63.500339 2.09013471
63.599096 2.09008609
63.697852 2.09004202
63.796609 2.09000250
63.895365 2.08996752
63.994121 2.08993708
64.092878 2.08991119
64.191634 2.08988985
64.290390 2.08987305
64.389147 2.08986080
64.487903 2.08985309
64.586659 2.08984993
64.685416 2.08985131
64.784172 2.08985724
64.882928 2.08986771
64.981685 2.08988273
65.080441 2.08990230
65.179198 2.08992641
65.277954 2.08995506
65.376710 2.08998827
65.475467 2.09002601
65.574223 2.09006830
65.672979 2.09011514
65.771736 2.09016652
65.870492 2.09022245
65.969248 2.09028292
66.068005 2.09034794
66.166761 2.09041751
66.265518 2.09049162
66.364274 2.09057027
66.463030 2.09065347
66.561787 2.09074122
66.660543 2.09083351
66.759299 2.09093034
66.858056 2.09103173
66.956812 2.09113765
67.055568 2.09124813
67.154325 2.09136314
67.253081 2.09148271
67.351837 2.09160682
67.450594 2.09173547
67.549350 2.09186867
67.648107 2.09200641
67.746863 2.09214870
67.845619 2.09229554
67.944376 2.09244692
68.043132 2.09260285
68.141888 2.09276332
68.240645 2.09292833
68.339401 2.09309790
68.438157 2.09327200
68.536914 2.09345066
68.635670 2.09363385
68.734427 2.09382160
68.833183 2.09401389
68.931939 2.09421072
69.030696 2.09441210
69.129452 2.09461802
69.228208 2.09482849
69.326965 2.09504351
69.425721 2.09526307
69.524477 2.09548718
69.623234 2.09571583
69.721990 2.09594902
69.820746 2.09618676
69.919503 2.09642905
70.018259 2.09667588
70.117016 2.09692726
70.215772 2.09718318
70.314528 2.09744365
70.413285 2.09770866
70.512041 2.09797822
70.610797 2.09825233
70.709554 2.09853097
70.808310 2.09881417
70.907066 2.09910191
71.005823 2.09939419
71.104579 2.09969102
71.203336 2.09999240
71.302092 2.10029832
71.400848 2.10060878
71.499605 2.10092379
71.598361 2.10124335
71.697117 2.10156706
71.795874 2.10189116
71.894630 2.10221527
71.993386 2.10253937
72.092143 2.10286347
72.190899 2.10318757
72.289655 2.10351167
72.388412 2.10383580
72.487168 2.10416014
72.585925 2.10448402
