0.098756 1.64624720
0.197513 1.64624844
0.296269 1.64624709
0.395025 1.64624695
0.493782 1.64624695
0.592538 1.64624697
0.691295 1.64624699
0.790051 1.64624701
0.888807 1.64624703
0.987564 1.64624706
1.086320 1.64624709
1.185076 1.64624712
1.283833 1.64624716
1.382589 1.64624721
1.481345 1.64624727
1.580102 1.64624733
1.678858 1.64624739
1.777614 1.64624747
1.876371 1.64624755
1.975127 1.64624764
2.073884 1.64624774
2.172640 1.64624785
2.271396 1.64624797
2.370153 1.64624810
2.468909 1.64624824
2.567665 1.64624839
2.666422 1.64624855
2.765178 1.64624873
2.863934 1.64624891
2.962691 1.64624911
3.061447 1.64624932
3.160204 1.64624954
3.258960 1.64624978
3.357716 1.64625003
3.456473 1.64625030
3.555229 1.64625058
3.653985 1.64625088
3.752742 1.64625119
3.851498 1.64625151
3.950254 1.64625186
4.049011 1.64625222
4.147767 1.64625260
4.246523 1.64625299
4.345280 1.64625340
4.444036 1.64625383
4.542793 1.64625428
4.641549 1.64625475
4.740305 1.64625524
4.839062 1.64625574
4.937818 1.64625627
5.036574 1.64625681
5.135331 1.64625737
5.234087 1.64625796
5.332843 1.64625856
5.431600 1.64625919
5.530356 1.64625984
5.629113 1.64626050
5.727869 1.64626120
5.826625 1.64626190
5.925382 1.64626264
6.024138 1.64626339
6.122894 1.64626418
6.221651 1.64626497
6.320407 1.64626580
6.419163 1.64626665
6.517920 1.64626752
6.616676 1.64626841
6.715432 1.64626933
6.814189 1.64627027
6.912945 1.64627124
7.011702 1.64627223
7.110458 1.64627324
7.209214 1.64627428
7.307971 1.64627534
7.406727 1.64627643
7.505483 1.64627754
7.604240 1.64627868
7.702996 1.64627984
7.801752 1.64628102
7.900509 1.64628224
7.999265 1.64628347
8.098022 1.64628474
8.196778 1.64628602
8.295534 1.64628734
8.394291 1.64628867
8.493047 1.64629003
8.591803 1.64629142
8.690560 1.64629283
8.789316 1.64629426
8.888072 1.64629573
8.986829 1.64629721
9.085585 1.64629873
9.184341 1.64630026
9.283098 1.64630183
9.381854 1.64630341
9.480611 1.64630502
9.579367 1.64630665
9.678123 1.64630831
9.776880 1.64630999
9.875636 1.64631170
9.974392 1.64631342
10.073149 1.64631518
10.171905 1.64631695
10.270661 1.64631876
10.369418 1.64632057
10.468174 1.64632242
10.566931 1.64632428
10.665687 1.64632618
10.764443 1.64632808
10.863200 1.64633002
10.961956 1.64633196
11.060712 1.64633394
11.159469 1.64633592
11.258225 1.64633794
11.356981 1.64633996
11.455738 1.64634201
11.554494 1.64634407
11.653250 1.64634615
11.752007 1.64634824
11.850763 1.64635036
11.949520 1.64635248
12.048276 1.64635463
12.147032 1.64635677
12.245789 1.64635894
12.344545 1.64636110
12.443301 1.64636329
12.542058 1.64636547
12.640814 1.64636767
12.739570 1.64636986
12.838327 1.64637206
12.937083 1.64637424
13.035840 1.64637644
13.134596 1.64637861
13.233352 1.64638079
13.332109 1.64638294
13.430865 1.64638509
13.529621 1.64638719
13.628378 1.64638929
13.727134 1.64639133
13.825890 1.64639335
13.924647 1.64639531
14.023403 1.64639722
14.122159 1.64639905
14.220916 1.64640082
14.319672 1.64640249
14.418429 1.64640406
14.517185 1.64640551
14.615941 1.64640683
14.714698 1.64640798
14.813454 1.64640897
14.912210 1.64640974
15.010967 1.64641029
15.109723 1.64641057
15.208479 1.64641056
15.307236 1.64641019
15.405992 1.64640945
15.504749 1.64640826
15.603505 1.64640658
15.702261 1.64640431
15.801018 1.64640142
15.899774 1.64639778
15.998530 1.64639333
16.097287 1.64638793
16.196043 1.64638148
16.294799 1.64637382
16.393556 1.64636481
16.492312 1.64635426
16.591068 1.64634198
16.689825 1.64632772
16.788581 1.64631125
16.887338 1.64629226
16.986094 1.64627045
17.084850 1.64624543
17.183607 1.64621681
17.282363 1.64618410
17.381119 1.64614681
17.479876 1.64610432
17.578632 1.64605600
17.677388 1.64600109
17.776145 1.64593878
17.874901 1.64586812
17.973658 1.64578808
18.072414 1.64569746
18.171170 1.64559498
18.269927 1.64547915
18.368683 1.64534834
18.467439 1.64520070
18.566196 1.64503417
18.664952 1.64484646
18.763708 1.64463501
18.862465 1.64439695
18.961221 1.64412910
19.059977 1.64382789
19.158734 1.64348938
19.257490 1.64310914
19.356247 1.64268229
19.455003 1.64220337
19.553759 1.64166632
19.652516 1.64106442
19.751272 1.64039021
19.850028 1.63963542
19.948785 1.63879086
20.047541 1.63784638
20.146297 1.63679071
20.245054 1.63561139
20.343810 1.63429466
20.442567 1.63282526
20.541323 1.63118637
20.640079 1.62935940
20.738836 1.62732381
20.837592 1.62505698
20.936348 1.62253392
21.035105 1.61972714
21.133861 1.61660630
21.232617 1.61313804
21.331374 1.60928560
21.430130 1.60500859
21.528886 1.60026250
21.627643 1.59499843
21.726399 1.58916251
21.825156 1.58269551
21.923912 1.57553205
22.022668 1.56760008
22.121425 1.55881980
22.220181 1.54910279
22.318937 1.53835039
22.417694 1.52645233
22.516450 1.51328416
22.615206 1.49870474
22.713963 1.48255206
22.812719 1.46463874
22.911476 1.44474467
23.010232 1.42260881
23.108988 1.39791601
23.207745 1.37028151
23.306501 1.33922695
23.405257 1.30415071
23.504014 1.26428303
23.602770 1.21862912
23.701526 1.16588378
23.800283 1.10432148
23.899039 1.03163268
23.997795 0.94471063
24.096552 0.83933889
24.195308 0.70977800
24.294065 0.54819138
24.392821 0.34382604
24.491577 0.08207016
24.590334 -0.25706295
24.689090 -0.69887499
24.787846 -1.26140049
24.886603 -1.88647672
24.985359 -2.33271083
25.084115 -2.37340381
25.182872 -2.16833884
25.281628 -2.03377345
25.380385 -2.12079495
25.479141 -2.48225509
25.577897 -3.17182801
25.676654 -4.26141892
25.775410 -5.80291757
25.874166 -7.71436574
25.972923 -9.59590433
26.071679 -10.74454061
26.170435 -10.70254395
26.269192 -9.81217371
26.367948 -8.92154532
26.466704 -8.68648358
26.565461 -9.27608356
26.664217 -10.35191667
26.762974 -11.13057837
26.861730 -10.83851213
26.960486 -9.39932394
27.059243 -7.43936068
27.157999 -5.61477391
27.256755 -4.22342324
27.355512 -3.30425407
27.454268 -2.81237479
27.553024 -2.70517023
27.651781 -2.97250556
27.750537 -3.64110077
27.849294 -4.76219102
27.948050 -6.36319745
28.046806 -8.32096074
28.145563 -10.17990082
28.244319 -11.21790960
28.343075 -11.04314605
28.441832 -10.08507261
28.540588 -9.20567792
28.639344 -9.01662489
28.738101 -9.63559451
28.836857 -10.67225244
28.935613 -11.31534258
29.034370 -10.84276684
29.133126 -9.27599351
29.231883 -7.27981804
29.330639 -5.47755515
29.429395 -4.12735030
29.528152 -3.25038267
29.626908 -2.79845894
29.725664 -2.73089819
29.824421 -3.04101027
29.923177 -3.75851646
30.021933 -4.93473955
30.120690 -6.58810368
30.219446 -8.56594999
30.318203 -10.36942457
30.416959 -11.27567013
30.515715 -10.97283780
30.614472 -9.97348900
30.713228 -9.14159407
30.811984 -9.03824627
30.910741 -9.72590199
31.009497 -10.75922963
31.108253 -11.30227306
31.207010 -10.69078744
31.305766 -9.04080036
31.404522 -7.04555074
31.503279 -5.29190080
31.602035 -4.00080480
31.700792 -3.17840326
31.799548 -2.77469306
31.898304 -2.75187739
31.997061 -3.10744190
32.095817 -3.87461336
32.194573 -5.10487184
32.293330 -6.80669910
32.392086 -8.79621106
32.490842 -10.53338444
32.589599 -11.30451367
32.688355 -10.88442807
32.787112 -9.86157304
32.885868 -9.09201479
32.984624 -9.08332682
33.083381 -9.84188437
33.182137 -10.86740588
33.280893 -11.30600133
33.379650 -10.55987070
33.478406 -8.83680130
33.577162 -6.84947716
33.675919 -5.14597581
33.774675 -3.91293218
33.873431 -3.14384881
33.972188 -2.78785337
34.070944 -2.81025133
34.169701 -3.21253486
34.268457 -4.03088778
34.367213 -5.31579545
34.465970 -7.06339982
34.564726 -9.05544188
34.663482 -10.71194519
34.762239 -11.33693322
34.860995 -10.79640835
34.959751 -9.74727051
35.058508 -9.03003205
35.157264 -9.09759506
35.256021 -9.90012056
35.354777 -10.88331466
35.453533 -11.18308134
35.552290 -10.27593478
35.651046 -8.45728797
35.749802 -6.45074742
35.848559 -4.76433105
35.947315 -3.55327820
36.046071 -2.80025376
36.144828 -2.45361124
36.243584 -2.48089973
36.342340 -2.88624639
36.441097 -3.70710177
36.539853 -4.99091176
36.638610 -6.71869263
36.737366 -8.63519909
36.836122 -10.12339630
36.934879 -10.51511207
37.033635 -9.77193141
37.132391 -8.61180209
37.231148 -7.85327341
37.329904 -7.89420833
37.428660 -8.62852592
37.527417 -9.44961721
37.626173 -9.49071035
37.724929 -8.30580304
37.823686 -6.26628822
37.922442 -4.09307956
38.021199 -2.25357901
38.119955 -0.88238581
38.218711 0.03487336
38.317468 0.54341569
38.416224 0.68656258
38.514980 0.51855065
38.613737 0.19158013
38.712493 0.03831814
38.811249 0.29170810
38.910006 0.77656326
39.008762 1.23811276
39.107519 1.59824716
39.206275 1.86840295
39.305031 2.07041270
39.403788 2.22113732
39.502544 2.33290597
39.601300 2.41437014
39.700057 2.47155304
39.798813 2.50832893
39.897569 2.52719820
39.996326 2.53098434
40.095082 2.53075118
40.193838 2.52999642
40.292595 2.52912999
40.391351 2.52822490
40.490108 2.52730194
40.588864 2.52636910
40.687620 2.52543005
40.786377 2.52448677
40.885133 2.52354047
40.983889 2.52259195
41.082646 2.52164173
41.181402 2.52069020
41.280158 2.51973760
41.378915 2.51878412
41.477671 2.51782990
41.576428 2.51687517
41.675184 2.51592040
41.773940 2.51496680
41.872697 2.51401760
41.971453 2.51308273
42.070209 2.51220030
42.168966 2.51154665
42.267722 2.51180472
42.366478 2.51293922
42.465235 2.51450988
42.563991 2.51580837
42.662747 2.51575604
42.761504 2.51273743
42.860260 2.50433993
42.959017 2.48698349
43.057773 2.45545226
43.156529 2.40202257
43.255286 2.31608999
43.354042 2.18627163
43.452798 2.00909852
43.551555 1.81015959
43.650311 1.65681044
43.749067 1.62127213
43.847824 1.71312910
43.946580 1.86876666
44.045337 2.01211238
44.144093 2.10213981
44.242849 2.13018277
44.341606 2.10000707
44.440362 2.01618126
44.539118 1.88249503
44.637875 1.70661749
44.736631 1.51283737
44.835387 1.35403110
44.934144 1.28797421
45.032900 1.31897997
45.131656 1.38120533
45.230413 1.38964335
45.329169 1.28678289
45.427926 1.05845541
45.526682 0.75930977
45.625438 0.52891920
45.724195 0.51685884
45.822951 0.74840520
45.921707 1.10357739
46.020464 1.43830086
46.119220 1.67838753
46.217976 1.81333878
46.316733 1.85594759
46.415489 1.81825984
46.514246 1.70602325
46.613002 1.51915357
46.711758 1.25518016
46.810515 0.92195043
46.909271 0.56615226
47.008027 0.29261461
47.106784 0.20807648
47.205540 0.31987148
47.304296 0.54894852
47.403053 0.82194659
47.501809 1.07546034
47.600565 1.27519025
47.699322 1.45715043
47.798078 1.65537100
47.896835 1.84405077
47.995591 1.99506283
48.094347 2.10751233
48.193104 2.19013684
48.291860 2.25096212
48.390616 2.29587020
48.489373 2.32887182
48.588129 2.35268573
48.686885 2.36905607
48.785642 2.37914401
48.884398 2.38348513
48.983155 2.38382582
49.081911 2.38316067
49.180667 2.38230477
49.279424 2.38139370
49.378180 2.38046040
49.476936 2.37951647
49.575693 2.37856696
49.674449 2.37761437
49.773205 2.37666000
49.871962 2.37570457
49.970718 2.37474849
50.069474 2.37379201
50.168231 2.37283529
50.266987 2.37187841
50.365744 2.37092143
50.464500 2.36996439
50.563256 2.36900731
50.662013 2.36805020
50.760769 2.36709360
50.859525 2.36614252
50.958282 2.36519750
51.057038 2.36425853
51.155794 2.36332562
51.254551 2.36239876
51.353307 2.36147796
51.452064 2.36056322
51.550820 2.35965453
51.649576 2.35875190
51.748333 2.35785533
51.847089 2.35696481
51.945845 2.35608034
52.044602 2.35520194
52.143358 2.35432959
52.242114 2.35346329
52.340871 2.35260306
52.439627 2.35174887
52.538383 2.35090075
52.637140 2.35005868
52.735896 2.34922266
52.834653 2.34839270
52.933409 2.34756880
53.032165 2.34675095
53.130922 2.34593916
53.229678 2.34513343
53.328434 2.34433375
53.427191 2.34354012
53.525947 2.34275255
53.624703 2.34197104
53.723460 2.34119558
53.822216 2.34042618
53.920973 2.33966284
54.019729 2.33890555
54.118485 2.33815431
54.217242 2.33740914
54.315998 2.33667001
54.414754 2.33593695
54.513511 2.33520994
54.612267 2.33448898
54.711023 2.33377408
54.809780 2.33306524
54.908536 2.33236245
55.007292 2.33166572
55.106049 2.33097505
55.204805 2.33029043
55.303562 2.32961187
55.402318 2.32893936
55.501074 2.32827291
55.599831 2.32761251
55.698587 2.32695817
55.797343 2.32630989
55.896100 2.32566766
55.994856 2.32503149
56.093612 2.32440138
56.192369 2.32377732
56.291125 2.32315932
56.389882 2.32254737
56.488638 2.32194148
56.587394 2.32134165
56.686151 2.32074787
56.784907 2.32016015
56.883663 2.31957848
56.982420 2.31900287
57.081176 2.31843332
57.179932 2.31786982
57.278689 2.31731238
57.377445 2.31676100
57.476201 2.31621567
57.574958 2.31567640
57.673714 2.31514318
57.772471 2.31461603
57.871227 2.31409492
57.969983 2.31357988
58.068740 2.31307089
58.167496 2.31256795
58.266252 2.31207108
58.365009 2.31158026
58.463765 2.31109549
58.562521 2.31061678
58.661278 2.31014413
58.760034 2.30967754
58.858791 2.30921700
58.957547 2.30876252
59.056303 2.30831409
59.155060 2.30787172
59.253816 2.30743541
59.352572 2.30700516
59.451329 2.30658096
59.550085 2.30616281
59.648841 2.30575073
59.747598 2.30534470
59.846354 2.30494473
59.945110 2.30455081
60.043867 2.30416295
60.142623 2.30378115
60.241380 2.30340540
60.340136 2.30303571
60.438892 2.30267208
60.537649 2.30231450
60.636405 2.30196298
60.735161 2.30161752
60.833918 2.30127811
60.932674 2.30094476
61.031430 2.30061747
61.130187 2.30029624
61.228943 2.29998106
61.327700 2.29967193
61.426456 2.29936887
61.525212 2.29907186
61.623969 2.29878091
61.722725 2.29849601
61.821481 2.29821717
61.920238 2.29794439
62.018994 2.29767767
62.117750 2.29741700
62.216507 2.29716239
62.315263 2.29691383
62.414019 2.29667134
62.512776 2.29643489
62.611532 2.29620451
62.710289 2.29598018
62.809045 2.29576191
62.907801 2.29554970
63.006558 2.29534354
63.105314 2.29514344
63.204070 2.29494940
63.302827 2.29476142
63.401583 2.29457949
63.500339 2.29440361
63.599096 2.29423380
63.697852 2.29407004
63.796609 2.29391234
63.895365 2.29376070
63.994121 2.29361511
64.092878 2.29347558
64.191634 2.29334210
64.290390 2.29321469
64.389147 2.29309333
64.487903 2.29297803
64.586659 2.29286878
64.685416 2.29276559
64.784172 2.29266846
64.882928 2.29257739
64.981685 2.29249237
65.080441 2.29241341
65.179198 2.29234050
65.277954 2.29227366
65.376710 2.29221287
65.475467 2.29215813
65.574223 2.29210946
65.672979 2.29206684
65.771736 2.29203028
65.870492 2.29199977
65.969248 2.29197533
66.068005 2.29195694
66.166761 2.29194460
66.265518 2.29193833
66.364274 2.29193811
66.463030 2.29194394
66.561787 2.29195584
66.660543 2.29197379
66.759299 2.29199780
66.858056 2.29202787
66.956812 2.29206399
67.055568 2.29210617
67.154325 2.29215441
67.253081 2.29220870
67.351837 2.29226905
67.450594 2.29233546
67.549350 2.29240792
67.648107 2.29248645
67.746863 2.29257103
67.845619 2.29266166
67.944376 2.29275836
68.043132 2.29286111
68.141888 2.29296992
68.240645 2.29308478
68.339401 2.29320570
68.438157 2.29333268
68.536914 2.29346572
68.635670 2.29360481
68.734427 2.29374996
68.833183 2.29390117
68.931939 2.29405843
69.030696 2.29422176
69.129452 2.29439113
69.228208 2.29456657
69.326965 2.29474806
69.425721 2.29493561
69.524477 2.29512922
69.623234 2.29532888
69.721990 2.29553461
69.820746 2.29574639
69.919503 2.29596422
70.018259 2.29618811
70.117016 2.29641806
70.215772 2.29665407
70.314528 2.29689614
70.413285 2.29714426
70.512041 2.29739844
70.610797 2.29765867
70.709554 2.29792496
70.808310 2.29819731
70.907066 2.29847572
71.005823 2.29876018
71.104579 2.29905071
71.203336 2.29934728
71.302092 2.29964992
71.400848 2.29995861
71.499605 2.30027337
71.598361 2.30059418
71.697117 2.30092052
71.795874 2.30124739
71.894630 2.30157426
71.993386 2.30190112
72.092143 2.30222799
72.190899 2.30255485
72.289655 2.30288171
72.388412 2.30320861
72.487168 2.30353571
72.585925 2.30386235
