0.098756 1.65098265
0.197513 1.65098449
0.296269 1.65098259
0.395025 1.65098242
0.493782 1.65098247
0.592538 1.65098252
0.691295 1.65098258
0.790051 1.65098263
0.888807 1.65098269
0.987564 1.65098275
1.086320 1.65098281
1.185076 1.65098288
1.283833 1.65098295
1.382589 1.65098302
1.481345 1.65098309
1.580102 1.65098317
1.678858 1.65098325
1.777614 1.65098333
1.876371 1.65098342
1.975127 1.65098351
2.073884 1.65098361
2.172640 1.65098371
2.271396 1.65098382
2.370153 1.65098393
2.468909 1.65098405
2.567665 1.65098418
2.666422 1.65098431
2.765178 1.65098444
2.863934 1.65098458
2.962691 1.65098473
3.061447 1.65098489
3.160204 1.65098505
3.258960 1.65098522
3.357716 1.65098540
3.456473 1.65098559
3.555229 1.65098578
3.653985 1.65098598
3.752742 1.65098619
3.851498 1.65098641
3.950254 1.65098664
4.049011 1.65098688
4.147767 1.65098713
4.246523 1.65098739
4.345280 1.65098765
4.444036 1.65098793
4.542793 1.65098822
4.641549 1.65098852
4.740305 1.65098883
4.839062 1.65098915
4.937818 1.65098948
5.036574 1.65098983
5.135331 1.65099018
5.234087 1.65099055
5.332843 1.65099093
5.431600 1.65099133
5.530356 1.65099173
5.629113 1.65099216
5.727869 1.65099259
5.826625 1.65099304
5.925382 1.65099350
6.024138 1.65099398
6.122894 1.65099447
6.221651 1.65099498
6.320407 1.65099550
6.419163 1.65099603
6.517920 1.65099659
6.616676 1.65099716
6.715432 1.65099774
6.814189 1.65099834
6.912945 1.65099896
7.011702 1.65099959
7.110458 1.65100025
7.209214 1.65100092
7.307971 1.65100160
7.406727 1.65100231
7.505483 1.65100303
7.604240 1.65100378
7.702996 1.65100454
7.801752 1.65100532
7.900509 1.65100612
7.999265 1.65100694
8.098022 1.65100778
8.196778 1.65100864
8.295534 1.65100952
8.394291 1.65101043
8.493047 1.65101135
8.591803 1.65101229
8.690560 1.65101326
8.789316 1.65101425
8.888072 1.65101526
8.986829 1.65101629
9.085585 1.65101734
9.184341 1.65101842
9.283098 1.65101952
9.381854 1.65102065
9.480611 1.65102180
9.579367 1.65102297
9.678123 1.65102417
9.776880 1.65102539
9.875636 1.65102663
9.974392 1.65102790
10.073149 1.65102920
10.171905 1.65103052
10.270661 1.65103187
10.369418 1.65103324
10.468174 1.65103464
10.566931 1.65103606
10.665687 1.65103751
10.764443 1.65103899
10.863200 1.65104049
10.961956 1.65104203
11.060712 1.65104358
11.159469 1.65104517
11.258225 1.65104678
11.356981 1.65104841
11.455738 1.65105008
11.554494 1.65105177
11.653250 1.65105349
11.752007 1.65105523
11.850763 1.65105700
11.949520 1.65105880
12.048276 1.65106062
12.147032 1.65106247
12.245789 1.65106434
12.344545 1.65106623
12.443301 1.65106815
12.542058 1.65107009
12.640814 1.65107206
12.739570 1.65107404
12.838327 1.65107604
12.937083 1.65107805
13.035840 1.65108008
13.134596 1.65108213
13.233352 1.65108418
13.332109 1.65108624
13.430865 1.65108830
13.529621 1.65109036
13.628378 1.65109242
13.727134 1.65109447
13.825890 1.65109650
13.924647 1.65109850
14.023403 1.65110048
14.122159 1.65110241
14.220916 1.65110430
14.319672 1.65110612
14.418429 1.65110787
14.517185 1.65110953
14.615941 1.65111108
14.714698 1.65111251
14.813454 1.65111380
14.912210 1.65111491
15.010967 1.65111583
15.109723 1.65111651
15.208479 1.65111693
15.307236 1.65111703
15.405992 1.65111679
15.504749 1.65111614
15.603505 1.65111504
15.702261 1.65111339
15.801018 1.65111114
15.899774 1.65110820
15.998530 1.65110447
16.097287 1.65109983
16.196043 1.65109418
16.294799 1.65108736
16.393556 1.65107922
16.492312 1.65106957
16.591068 1.65105822
16.689825 1.65104494
16.788581 1.65102947
16.887338 1.65101151
16.986094 1.65099075
17.084850 1.65096681
17.183607 1.65093928
17.282363 1.65090768
17.381119 1.65087151
17.479876 1.65083014
17.578632 1.65078293
17.677388 1.65072912
17.776145 1.65066788
17.874901 1.65059825
17.973658 1.65051920
18.072414 1.65042950
18.171170 1.65032786
18.269927 1.65021276
18.368683 1.65008256
18.467439 1.64993536
18.566196 1.64976911
18.664952 1.64958145
18.763708 1.64936979
18.862465 1.64913122
18.961221 1.64886251
19.059977 1.64856003
19.158734 1.64821978
19.257490 1.64783726
19.356247 1.64740751
19.455003 1.64692497
19.553759 1.64638351
19.652516 1.64577626
19.751272 1.64509567
19.850028 1.64433328
19.948785 1.64347980
20.047541 1.64252486
20.146297 1.64145705
20.245054 1.64026364
20.343810 1.63893068
20.442567 1.63744261
20.541323 1.63578236
20.640079 1.63393097
20.738836 1.63186761
20.837592 1.62956923
20.936348 1.62701047
21.035105 1.62416331
21.133861 1.62099699
21.232617 1.61747755
21.331374 1.61356771
21.430130 1.60922638
21.528886 1.60440845
21.627643 1.59906424
21.726399 1.59313921
21.825156 1.58657324
21.923912 1.57930023
22.022668 1.57124718
22.121425 1.56233349
22.220181 1.55246976
22.318937 1.54155658
22.417694 1.52948266
22.516450 1.51612282
22.615206 1.50133500
22.713963 1.48495659
22.812719 1.46679940
22.911476 1.44664298
23.010232 1.42422569
23.108988 1.39923239
23.207745 1.37127817
23.306501 1.33988516
23.405257 1.30445221
23.504014 1.26421080
23.602770 1.21816751
23.701526 1.16501942
23.800283 1.10304359
23.899039 1.02993424
23.997795 0.94258879
24.096552 0.83679642
24.195308 0.70682387
24.294065 0.54484237
24.392821 0.34010743
24.491577 0.07801721
24.590334 -0.26140442
24.689090 -0.70344761
24.787846 -1.26613547
24.886603 -1.89129386
24.985359 -2.33752007
25.084115 -2.37865828
25.182872 -2.17394238
25.281628 -2.03961866
25.380385 -2.12675819
25.479141 -2.48820322
25.577897 -3.17762799
25.676654 -4.26694547
25.775410 -5.80805883
25.874166 -7.71902847
25.972923 -9.60001327
26.071679 -10.74804046
26.170435 -10.70540993
26.269192 -9.81443528
26.367948 -8.92329704
26.466704 -8.68788176
26.565461 -9.27733519
26.664217 -10.35326957
26.762974 -11.13230406
26.861730 -10.84087229
26.960486 -9.40252090
27.059243 -7.44349856
27.157999 -5.61985762
27.256755 -4.22937788
27.355512 -3.31094068
27.454268 -2.81960409
27.553024 -2.71271627
27.651781 -2.98011907
27.750537 -3.64852586
27.849294 -4.76918552
27.948050 -6.36955618
28.046806 -8.32653722
28.145563 -10.18462668
28.244319 -11.22181275
28.343075 -11.04635821
28.441832 -10.08781637
28.540588 -9.20824239
28.639344 -9.01933809
28.738101 -9.63879680
28.836857 -10.67626734
28.935613 -11.32044416
29.034370 -10.84914943
29.133126 -9.28375991
29.231883 -7.28898359
29.330639 -5.48805556
29.429395 -4.13905194
29.528152 -3.26309276
29.626908 -2.81193518
29.725664 -2.74486033
29.824421 -3.05515624
29.923177 -3.77254307
30.021933 -4.94836656
30.120690 -6.60109984
30.219446 -8.57815656
30.318203 -10.38077422
30.416959 -11.28619769
30.515715 -10.98265783
30.614472 -9.98274052
30.713228 -9.15037445
30.811984 -9.04654756
30.910741 -9.73355888
31.009497 -10.76587213
31.108253 -11.30731524
31.207010 -10.69351071
31.305766 -9.04053712
31.404522 -7.04185226
31.503279 -5.28455735
31.602035 -3.98976507
31.700792 -3.16368572
31.799548 -2.75628174
31.898304 -2.72960467
31.997061 -3.08089089
32.095817 -3.84304178
32.194573 -5.06718124
32.293330 -6.76145773
32.392086 -8.74168750
32.490842 -10.46756574
32.589599 -11.22509829
32.688355 -10.78885383
32.787112 -9.74709250
32.885868 -8.95564221
32.984624 -8.92163497
33.083381 -9.65080431
33.182137 -10.64206556
33.280893 -11.04070749
33.379650 -10.24843351
33.478406 -8.47333727
33.577162 -6.42968438
33.675919 -4.66887355
33.774675 -3.38297407
33.873431 -2.57263558
33.972188 -2.19405802
34.070944 -2.21692384
34.169701 -2.64247858
34.268457 -3.50213925
34.367213 -4.83918962
34.465970 -6.64273616
34.564726 -8.68928261
34.663482 -10.39573399
34.762239 -11.06467716
34.860995 -10.56190357
34.959751 -9.54492021
35.058508 -8.85512773
35.157264 -8.94626925
35.256021 -9.76920715
35.354777 -10.77014595
35.453533 -11.08531003
35.552290 -10.19144607
35.651046 -8.38417038
35.749802 -6.38725608
35.848559 -4.70886497
35.947315 -3.50442936
36.046071 -2.75687409
36.144828 -2.41486060
36.243584 -2.44625090
36.342340 -2.85543486
36.441097 -3.68005019
36.539853 -4.96765565
36.638610 -6.69929379
36.737366 -8.61965041
36.836122 -10.11155706
36.934879 -10.50670439
37.033635 -9.76662853
37.132391 -8.60934993
37.231148 -7.85356176
37.329904 -7.89731783
37.428660 -8.63474901
37.527417 -9.45945465
37.626173 -9.50481877
37.724929 -8.32484099
37.823686 -6.29071413
37.922442 -4.12303494
38.021199 -2.28891447
38.119955 -0.92276780
38.218711 -0.01012081
38.317468 0.49426632
38.416224 0.63365761
38.514980 0.46220104
38.613737 0.13200495
38.712493 -0.02436175
38.811249 0.22597377
38.910006 0.70778568
39.008762 1.16631005
39.107519 1.52346497
39.206275 1.79075094
39.305031 1.99009912
39.403788 2.13844073
39.502544 2.24813194
39.601300 2.32783249
39.700057 2.38357539
39.798813 2.41924720
39.897569 2.43734471
39.996326 2.44060518
40.095082 2.43960929
40.193838 2.43668205
40.292595 2.43025718
40.391351 2.42004712
40.490108 2.40606556
40.588864 2.38832817
40.687620 2.36684108
40.786377 2.34160559
40.885133 2.31261620
40.983889 2.27986839
41.082646 2.24333758
41.181402 2.20296756
41.280158 2.15868792
41.378915 2.11051553
41.477671 2.05878362
41.576428 2.00473508
41.675184 1.95126548
41.773940 1.90344665
41.872697 1.86814462
41.971453 1.85221367
42.070209 1.85981993
42.168966 1.89047847
42.267722 1.93918944
42.366478 1.99854318
42.465235 2.06127298
42.563991 2.12176951
42.662747 2.17616945
42.761504 2.22161001
42.860260 2.25527828
42.959017 2.27356009
43.057773 2.27145976
43.156529 2.24169462
43.255286 2.17435974
43.354042 2.05891736
43.452798 1.89285789
43.551555 1.70261814
43.650311 1.55607559
43.749067 1.52570620
43.847824 1.62129054
43.946580 1.77952561
44.045337 1.92472273
44.144093 2.01619225
44.242849 2.04557123
44.341606 2.01692102
44.440362 1.93507583
44.539118 1.80401791
44.637875 1.63150059
44.736631 1.44173925
44.835387 1.28735515
44.934144 1.22577326
45.032900 1.26096492
45.131656 1.32683539
45.230413 1.33827860
45.329169 1.23785019
45.427926 1.01159663
45.526682 0.71446241
45.625438 0.48633070
45.724195 0.47698875
45.822951 0.71168236
45.921707 1.07022885
46.020464 1.40836393
46.119220 1.65180272
46.217976 1.79004645
46.316733 1.83593040
46.415489 1.80153988
46.514246 1.69265588
46.613002 1.50921526
46.711758 1.24873850
46.810515 0.91902332
46.909271 0.56666316
47.008027 0.29634736
47.106784 0.21470240
47.205540 0.32906485
47.304296 0.56048785
47.403053 0.83575707
47.501809 1.09160879
47.600565 1.29385568
47.699322 1.47859427
47.798078 1.67989703
47.896835 1.87195958
47.995591 2.02661518
48.094347 2.14290772
48.193104 2.22949864
48.291860 2.29433219
48.390616 2.34320701
48.489373 2.38004561
48.588129 2.40747363
48.686885 2.42713347
48.785642 2.44010563
48.884398 2.44685150
48.983155 2.44922018
49.081911 2.45046629
49.180667 2.45148909
49.279424 2.45244204
49.378180 2.45336434
49.476936 2.45427074
49.575693 2.45516815
49.674449 2.45606019
49.773205 2.45694891
49.871962 2.45783550
49.970718 2.45872070
50.069474 2.45960499
50.168231 2.46048865
50.266987 2.46137190
50.365744 2.46225485
50.464500 2.46313759
50.563256 2.46402020
50.662013 2.46490269
50.760769 2.46578489
50.859525 2.46666458
50.958282 2.46754156
51.057038 2.46841584
51.155794 2.46928742
51.254551 2.47015630
51.353307 2.47102250
51.452064 2.47188602
51.550820 2.47274685
51.649576 2.47360500
51.748333 2.47446047
51.847089 2.47531326
51.945845 2.47616337
52.044602 2.47701080
52.143358 2.47785556
52.242114 2.47869763
52.340871 2.47953703
52.439627 2.48037375
52.538383 2.48120779
52.637140 2.48203916
52.735896 2.48286785
52.834653 2.48369386
52.933409 2.48451720
53.032165 2.48533785
53.130922 2.48615584
53.229678 2.48697114
53.328434 2.48778377
53.427191 2.48859372
53.525947 2.48940100
53.624703 2.49020559
53.723460 2.49100752
53.822216 2.49180676
53.920973 2.49260333
54.019729 2.49339722
54.118485 2.49418844
54.217242 2.49497698
54.315998 2.49576284
54.414754 2.49654603
54.513511 2.49732654
54.612267 2.49810438
54.711023 2.49887953
54.809780 2.49965202
54.908536 2.50042182
55.007292 2.50118895
55.106049 2.50195341
55.204805 2.50271519
55.303562 2.50347429
55.402318 2.50423072
55.501074 2.50498447
55.599831 2.50573554
55.698587 2.50648394
55.797343 2.50722966
55.896100 2.50797271
55.994856 2.50871308
56.093612 2.50945078
56.192369 2.51018580
56.291125 2.51091815
56.389882 2.51164781
56.488638 2.51237481
56.587394 2.51309913
56.686151 2.51382077
56.784907 2.51453974
56.883663 2.51525603
56.982420 2.51596964
57.081176 2.51668058
57.179932 2.51738885
57.278689 2.51809444
57.377445 2.51879736
57.476201 2.51949760
57.574958 2.52019516
57.673714 2.52089005
57.772471 2.52158226
57.871227 2.52227180
57.969983 2.52295867
58.068740 2.52364285
58.167496 2.52432437
58.266252 2.52500321
58.365009 2.52567937
58.463765 2.52635286
58.562521 2.52702367
58.661278 2.52769181
58.760034 2.52835728
58.858791 2.52902007
58.957547 2.52968018
59.056303 2.53033762
59.155060 2.53099238
59.253816 2.53164447
59.352572 2.53229389
59.451329 2.53294063
59.550085 2.53358470
59.648841 2.53422609
59.747598 2.53486480
59.846354 2.53550085
59.945110 2.53613421
60.043867 2.53676491
60.142623 2.53739292
60.241380 2.53801827
60.340136 2.53864094
60.438892 2.53926093
60.537649 2.53987825
60.636405 2.54049290
60.735161 2.54110487
60.833918 2.54171417
60.932674 2.54232079
61.031430 2.54292474
61.130187 2.54352602
61.228943 2.54412462
61.327700 2.54472054
61.426456 2.54531380
61.525212 2.54590438
61.623969 2.54649228
61.722725 2.54707751
61.821481 2.54766006
61.920238 2.54823995
62.018994 2.54881715
62.117750 2.54939169
62.216507 2.54996355
62.315263 2.55053273
62.414019 2.55109925
62.512776 2.55166308
62.611532 2.55222425
62.710289 2.55278274
62.809045 2.55333855
62.907801 2.55389170
63.006558 2.55444217
63.105314 2.55498996
63.204070 2.55553508
63.302827 2.55607753
63.401583 2.55661730
63.500339 2.55715440
63.599096 2.55768883
63.697852 2.55822058
63.796609 2.55874966
63.895365 2.55927607
63.994121 2.55979980
64.092878 2.56032086
64.191634 2.56083924
64.290390 2.56135496
64.389147 2.56186799
64.487903 2.56237836
64.586659 2.56288605
64.685416 2.56339107
64.784172 2.56389341
64.882928 2.56439308
64.981685 2.56489008
65.080441 2.56538440
65.179198 2.56587605
65.277954 2.56636503
65.376710 2.56685134
65.475467 2.56733497
65.574223 2.56781592
65.672979 2.56829421
65.771736 2.56876982
65.870492 2.56924276
65.969248 2.56971302
66.068005 2.57018062
66.166761 2.57064553
66.265518 2.57110778
66.364274 2.57156735
66.463030 2.57202425
66.561787 2.57247848
66.660543 2.57293003
66.759299 2.57337891
66.858056 2.57382512
66.956812 2.57426866
67.055568 2.57470952
67.154325 2.57514771
67.253081 2.57558322
67.351837 2.57601607
67.450594 2.57644624
67.549350 2.57687373
67.648107 2.57729856
67.746863 2.57772071
67.845619 2.57814019
67.944376 2.57855699
68.043132 2.57897113
68.141888 2.57938259
68.240645 2.57979138
68.339401 2.58019749
68.438157 2.58060094
68.536914 2.58100171
68.635670 2.58139980
68.734427 2.58179523
68.833183 2.58218798
68.931939 2.58257806
69.030696 2.58296547
69.129452 2.58335020
69.228208 2.58373227
69.326965 2.58411166
69.425721 2.58448837
69.524477 2.58486242
69.623234 2.58523379
69.721990 2.58560249
69.820746 2.58596852
69.919503 2.58633187
70.018259 2.58669256
70.117016 2.58705057
70.215772 2.58740591
70.314528 2.58775857
70.413285 2.58810857
70.512041 2.58845589
70.610797 2.58880054
70.709554 2.58914251
70.808310 2.58948182
70.907066 2.58981845
71.005823 2.59015241
71.104579 2.59048370
71.203336 2.59081232
71.302092 2.59113826
71.400848 2.59146153
71.499605 2.59178213
71.598361 2.59210006
71.697117 2.59241554
71.795874 2.59273080
71.894630 2.59304605
71.993386 2.59336131
72.092143 2.59367656
72.190899 2.59399182
72.289655 2.59430707
72.388412 2.59462235
72.487168 2.59493783
72.585925 2.59525288
