0.098756 1.64551715
0.197513 1.64552281
0.296269 1.64551681
0.395025 1.64551622
0.493782 1.64551630
0.592538 1.64551640
0.691295 1.64551649
0.790051 1.64551657
0.888807 1.64551666
0.987564 1.64551674
1.086320 1.64551681
1.185076 1.64551688
1.283833 1.64551695
1.382589 1.64551701
1.481345 1.64551707
1.580102 1.64551712
1.678858 1.64551717
1.777614 1.64551720
1.876371 1.64551724
1.975127 1.64551726
2.073884 1.64551728
2.172640 1.64551729
2.271396 1.64551729
2.370153 1.64551728
2.468909 1.64551726
2.567665 1.64551724
2.666422 1.64551720
2.765178 1.64551715
2.863934 1.64551709
2.962691 1.64551703
3.061447 1.64551695
3.160204 1.64551685
3.258960 1.64551675
3.357716 1.64551663
3.456473 1.64551650
3.555229 1.64551636
3.653985 1.64551620
3.752742 1.64551603
3.851498 1.64551585
3.950254 1.64551565
4.049011 1.64551543
4.147767 1.64551520
4.246523 1.64551496
4.345280 1.64551469
4.444036 1.64551441
4.542793 1.64551412
4.641549 1.64551380
4.740305 1.64551347
4.839062 1.64551312
4.937818 1.64551275
5.036574 1.64551236
5.135331 1.64551196
5.234087 1.64551153
5.332843 1.64551108
5.431600 1.64551061
5.530356 1.64551013
5.629113 1.64550962
5.727869 1.64550908
5.826625 1.64550853
5.925382 1.64550796
6.024138 1.64550736
6.122894 1.64550674
6.221651 1.64550609
6.320407 1.64550542
6.419163 1.64550473
6.517920 1.64550401
6.616676 1.64550327
6.715432 1.64550250
6.814189 1.64550171
6.912945 1.64550089
7.011702 1.64550004
7.110458 1.64549917
7.209214 1.64549827
7.307971 1.64549734
7.406727 1.64549639
7.505483 1.64549541
7.604240 1.64549439
7.702996 1.64549335
7.801752 1.64549228
7.900509 1.64549118
7.999265 1.64549005
8.098022 1.64548889
8.196778 1.64548770
8.295534 1.64548648
8.394291 1.64548523
8.493047 1.64548394
8.591803 1.64548263
8.690560 1.64548128
8.789316 1.64547990
8.888072 1.64547848
8.986829 1.64547703
9.085585 1.64547555
9.184341 1.64547403
9.283098 1.64547248
9.381854 1.64547090
9.480611 1.64546928
9.579367 1.64546762
9.678123 1.64546593
9.776880 1.64546420
9.875636 1.64546243
9.974392 1.64546063
10.073149 1.64545879
10.171905 1.64545691
10.270661 1.64545500
10.369418 1.64545304
10.468174 1.64545105
10.566931 1.64544902
10.665687 1.64544694
10.764443 1.64544483
10.863200 1.64544268
10.961956 1.64544049
11.060712 1.64543825
11.159469 1.64543598
11.258225 1.64543366
11.356981 1.64543130
11.455738 1.64542889
11.554494 1.64542644
11.653250 1.64542395
11.752007 1.64542141
11.850763 1.64541883
11.949520 1.64541620
12.048276 1.64541351
12.147032 1.64541079
12.245789 1.64540801
12.344545 1.64540518
12.443301 1.64540230
12.542058 1.64539937
12.640814 1.64539638
12.739570 1.64539333
12.838327 1.64539023
12.937083 1.64538706
13.035840 1.64538383
13.134596 1.64538054
13.233352 1.64537717
13.332109 1.64537374
13.430865 1.64537022
13.529621 1.64536663
13.628378 1.64536295
13.727134 1.64535917
13.825890 1.64535530
13.924647 1.64535133
14.023403 1.64534724
14.122159 1.64534303
14.220916 1.64533868
14.319672 1.64533419
14.418429 1.64532954
14.517185 1.64532472
14.615941 1.64531970
14.714698 1.64531448
14.813454 1.64530902
14.912210 1.64530331
15.010967 1.64529731
15.109723 1.64529100
15.208479 1.64528432
15.307236 1.64527726
15.405992 1.64526974
15.504749 1.64526174
15.603505 1.64525318
15.702261 1.64524400
15.801018 1.64523412
15.899774 1.64522346
15.998530 1.64521191
16.097287 1.64519937
16.196043 1.64518570
16.294799 1.64517079
16.393556 1.64515445
16.492312 1.64513651
16.591068 1.64511677
16.689825 1.64509500
16.788581 1.64507094
16.887338 1.64504430
16.986094 1.64501475
17.084850 1.64498192
17.183607 1.64494540
17.282363 1.64490472
17.381119 1.64485934
17.479876 1.64480868
17.578632 1.64475207
17.677388 1.64468877
17.776145 1.64461792
17.874901 1.64453861
17.973658 1.64444975
18.072414 1.64435018
18.171170 1.64423856
18.269927 1.64411341
18.368683 1.64397305
18.467439 1.64381566
18.566196 1.64363912
18.664952 1.64344114
18.763708 1.64321911
18.862465 1.64297016
18.961221 1.64269104
19.059977 1.64237819
19.158734 1.64202759
19.257490 1.64163482
19.356247 1.64119489
19.455003 1.64070235
19.553759 1.64015105
19.652516 1.63953424
19.751272 1.63884436
19.850028 1.63807311
19.948785 1.63721121
20.047541 1.63624844
20.146297 1.63517343
20.245054 1.63397367
20.343810 1.63263527
20.442567 1.63114290
20.541323 1.62947961
20.640079 1.62762672
20.738836 1.62556358
20.837592 1.62326745
20.936348 1.62071323
21.035105 1.61787331
21.133861 1.61471724
21.232617 1.61121155
21.331374 1.60731939
21.430130 1.60300024
21.528886 1.59820954
21.627643 1.59289832
21.726399 1.58701268
21.825156 1.58049337
21.923912 1.57327507
22.022668 1.56528581
22.121425 1.55644592
22.220181 1.54666717
22.318937 1.53585124
22.417694 1.52388821
22.516450 1.51065414
22.615206 1.49600850
22.713963 1.47979009
22.812719 1.46181244
22.911476 1.44185665
23.010232 1.41966301
23.108988 1.39491810
23.207745 1.36723911
23.306501 1.33615012
23.405257 1.30105231
23.504014 1.26117936
23.602770 1.21554053
23.701526 1.16283552
23.800283 1.10134462
23.899039 1.02876541
23.997795 0.94199954
24.096552 0.83684094
24.195308 0.70756233
24.294065 0.54634208
24.392821 0.34244460
24.491577 0.08127887
24.590334 -0.25711832
24.689090 -0.69802188
24.787846 -1.25943881
24.886603 -1.88317812
24.985359 -2.32782563
25.084115 -2.37103180
25.182872 -2.16816899
25.281628 -2.03545276
25.380385 -2.12389897
25.479141 -2.48633314
25.577897 -3.17647428
25.676654 -4.26632089
25.775410 -5.80787122
25.874166 -7.71925691
25.972923 -9.60065291
26.071679 -10.74905501
26.170435 -10.70673170
26.269192 -9.81599590
26.367948 -8.92505312
26.466704 -8.68982318
26.565461 -9.27948722
26.664217 -10.35568985
26.762974 -11.13507485
26.861730 -10.84408549
26.960486 -9.40625744
27.059243 -7.44781728
27.157999 -5.62480779
27.256755 -4.23501281
27.355512 -3.31730153
27.454268 -2.82668314
27.553024 -2.72042794
27.651781 -2.98829742
27.750537 -3.65695487
27.849294 -4.77764999
27.948050 -6.37788572
28.046806 -8.33461882
28.145563 -10.19238867
28.244319 -11.22920606
28.343075 -11.05335869
28.441832 -10.09444136
28.540588 -9.21455761
28.639344 -9.02545175
28.738101 -9.64485116
28.836857 -10.68242992
28.935613 -11.32689490
29.034370 -10.85605915
29.133126 -9.29126468
29.231883 -7.29717402
29.330639 -5.49699215
29.429395 -4.14877884
29.528152 -3.27362111
29.626908 -2.82320808
29.725664 -2.75672851
29.824421 -3.06738108
29.923177 -3.78483161
30.021933 -4.96042548
30.120690 -6.61268136
30.219446 -8.58907391
30.318203 -10.39089247
30.416959 -11.29542605
30.515715 -10.99096087
30.614472 -9.99015823
30.713228 -9.15702437
30.811984 -9.05260819
30.910741 -9.73925053
31.009497 -10.77144007
31.108253 -11.31300727
31.207010 -10.69954545
31.305766 -9.04706989
31.404522 -7.04896704
31.503279 -5.29228564
31.602035 -3.99810076
31.700792 -3.17256790
31.799548 -2.76556352
31.898304 -2.73903782
31.997061 -3.09013992
32.095817 -3.85172649
32.194573 -5.07493470
32.293330 -6.76797754
32.392086 -8.74676296
32.490842 -10.47108540
32.589599 -11.22706336
32.688355 -10.78942488
32.787112 -9.74664894
32.885868 -8.95478960
32.984624 -8.92116320
33.083381 -9.65164099
33.182137 -10.64524079
33.280893 -11.04729054
33.379650 -10.25939098
33.478406 -8.48936690
33.577162 -6.45114276
33.675919 -4.69582191
33.774675 -3.41526030
33.873431 -2.60996666
33.972188 -2.23610719
34.070944 -2.26351057
34.169701 -2.69370067
34.268457 -3.55807880
34.367213 -4.90004419
34.465970 -6.70912733
34.564726 -8.76242225
34.663482 -10.47750964
34.762239 -11.15768564
34.860995 -10.66939198
34.959751 -9.67064446
35.058508 -9.00318922
35.157264 -9.12096523
35.256021 -9.97493223
35.354777 -11.01123377
35.453533 -11.36569772
35.552290 -10.51406133
35.651046 -8.74975999
35.749802 -6.79248642
35.848559 -5.14418614
35.947315 -3.95315852
36.046071 -3.19689495
36.144828 -2.82269948
36.243584 -2.80170458
36.342340 -3.14464959
36.441097 -3.89608474
36.539853 -5.10915208
36.638610 -6.76867663
36.737366 -8.62181570
36.836122 -10.05305637
36.934879 -10.39500220
37.033635 -9.60890917
37.132391 -8.41117870
37.231148 -7.61784553
37.329904 -7.62348429
37.428660 -8.31827243
37.527417 -9.09153166
37.626173 -9.07294850
37.724929 -7.81569073
37.823686 -5.69414500
37.922442 -3.43466906
38.021199 -1.51008386
38.119955 -0.05845039
38.218711 0.93283448
38.317468 1.50852033
38.416224 1.71275464
38.514980 1.60105389
38.613737 1.32688424
38.712493 1.22423640
38.811249 1.52694985
38.910006 2.06031569
39.008762 2.56939467
39.107519 2.97566900
39.206275 3.28966345
39.305031 3.53182665
39.403788 3.71807383
39.502544 3.86042779
39.601300 3.96752621
39.700057 4.04534666
39.798813 4.09760921
39.897569 4.12667683
39.996326 4.13568659
40.095082 4.13906881
40.193838 4.14160951
40.292595 4.14391561
40.391351 4.14611977
40.490108 4.14827048
40.588864 4.15039060
40.687620 4.15249219
40.786377 4.15458210
40.885133 4.15666444
40.983889 4.15874176
41.082646 4.16081575
41.181402 4.16288754
41.280158 4.16495796
41.378915 4.16702770
41.477671 4.16909744
41.576428 4.17116804
41.675184 4.17324085
41.773940 4.17531830
41.872697 4.17740542
41.971453 4.17951486
42.070209 4.18168967
42.168966 4.18411990
42.267722 4.18753619
42.366478 4.19191114
42.465235 4.19679657
42.563991 4.20147421
42.662747 4.20485456
42.761504 4.20531034
42.860260 4.20041607
42.959017 4.18657915
43.057773 4.15857083
43.156529 4.10865723
43.255286 4.02622573
43.354042 3.89988999
43.452798 3.72618119
43.551555 3.53068666
43.650311 3.38075418
43.749067 3.34859529
43.847824 3.44379329
43.946580 3.60274647
44.045337 3.74940593
44.144093 3.84277182
44.242849 3.87420437
44.341606 3.84749339
44.440362 3.76722322
44.539118 3.63718801
44.637875 3.46505043
44.736631 3.27508112
44.835387 3.12012780
44.934144 3.05793144
45.032900 3.09276998
45.131656 3.15877138
45.230413 3.17091274
45.329169 3.07168442
45.427926 2.84693814
45.526682 2.55135657
45.625438 2.32455663
45.724195 2.31614707
45.822951 2.55139946
45.921707 2.91030254
46.020464 3.24875703
46.119220 3.49256921
46.217976 3.63125419
46.316733 3.67762472
46.415489 3.64374098
46.514246 3.53535878
46.613002 3.35239566
46.711758 3.09237380
46.810515 2.76312298
46.909271 2.41130315
47.008027 2.14170689
47.106784 2.06104496
47.205540 2.17665051
47.304296 2.40949630
47.403053 2.68625765
47.501809 2.94356820
47.600565 3.14716225
47.699322 3.33307977
47.798078 3.53536429
47.896835 3.72821273
47.995591 3.88348257
48.094347 4.00025413
48.193104 4.08723293
48.291860 4.15240865
48.390616 4.20162457
48.489373 4.23884850
48.588129 4.26675170
48.686885 4.28702496
48.785642 4.30078658
48.884398 4.30852981
48.983155 4.31205078
49.081911 4.31448571
49.180667 4.31669983
49.279424 4.31884196
49.378180 4.32095104
49.476936 4.32304228
49.575693 4.32512306
49.674449 4.32719739
49.773205 4.32926762
49.871962 4.33133517
49.970718 4.33340094
50.069474 4.33546549
50.168231 4.33752922
50.266987 4.33959237
50.365744 4.34165512
50.464500 4.34371759
50.563256 4.34577986
50.662013 4.34784199
50.760769 4.34990327
50.859525 4.35195665
50.958282 4.35400142
51.057038 4.35603759
51.155794 4.35806516
51.254551 4.36008415
51.353307 4.36209457
51.452064 4.36409642
51.550820 4.36608969
51.649576 4.36807441
51.748333 4.37005055
51.847089 4.37201814
51.945845 4.37397716
52.044602 4.37592762
52.143358 4.37786952
52.242114 4.37980286
52.340871 4.38172764
52.439627 4.38364387
52.538383 4.38555153
52.637140 4.38745063
52.735896 4.38934118
52.834653 4.39122316
52.933409 4.39309659
53.032165 4.39496146
53.130922 4.39681777
53.229678 4.39866552
53.328434 4.40050472
53.427191 4.40233535
53.525947 4.40415743
53.624703 4.40597094
53.723460 4.40777590
53.822216 4.40957231
53.920973 4.41136015
54.019729 4.41313943
54.118485 4.41491016
54.217242 4.41667232
54.315998 4.41842593
54.414754 4.42017098
54.513511 4.42190747
54.612267 4.42363541
54.711023 4.42535478
54.809780 4.42706560
54.908536 4.42876786
55.007292 4.43046155
55.106049 4.43214669
55.204805 4.43382328
55.303562 4.43549130
55.402318 4.43715076
55.501074 4.43880167
55.599831 4.44044402
55.698587 4.44207780
55.797343 4.44370303
55.896100 4.44531971
55.994856 4.44692782
56.093612 4.44852737
56.192369 4.45011837
56.291125 4.45170080
56.389882 4.45327468
56.488638 4.45484000
56.587394 4.45639676
56.686151 4.45794496
56.784907 4.45948460
56.883663 4.46101569
56.982420 4.46253821
57.081176 4.46405218
57.179932 4.46555759
57.278689 4.46705443
57.377445 4.46854272
57.476201 4.47002245
57.574958 4.47149363
57.673714 4.47295624
57.772471 4.47441029
57.871227 4.47585579
57.969983 4.47729273
58.068740 4.47872110
58.167496 4.48014092
58.266252 4.48155218
58.365009 4.48295488
58.463765 4.48434903
58.562521 4.48573461
58.661278 4.48711163
58.760034 4.48848010
58.858791 4.48984001
58.957547 4.49119135
59.056303 4.49253414
59.155060 4.49386837
59.253816 4.49519404
59.352572 4.49651115
59.451329 4.49781971
59.550085 4.49911970
59.648841 4.50041114
59.747598 4.50169401
59.846354 4.50296833
59.945110 4.50423409
60.043867 4.50549128
60.142623 4.50673992
60.241380 4.50798001
60.340136 4.50921153
60.438892 4.51043449
60.537649 4.51164889
60.636405 4.51285474
60.735161 4.51405203
60.833918 4.51524075
60.932674 4.51642092
61.031430 4.51759253
61.130187 4.51875558
61.228943 4.51991007
61.327700 4.52105600
61.426456 4.52219337
61.525212 4.52332219
61.623969 4.52444244
61.722725 4.52555414
61.821481 4.52665728
61.920238 4.52775185
62.018994 4.52883787
62.117750 4.52991533
62.216507 4.53098423
62.315263 4.53204457
62.414019 4.53309636
62.512776 4.53413958
62.611532 4.53517424
62.710289 4.53620035
62.809045 4.53721790
62.907801 4.53822688
63.006558 4.53922731
63.105314 4.54021918
63.204070 4.54120249
63.302827 4.54217724
63.401583 4.54314344
63.500339 4.54410107
63.599096 4.54505014
63.697852 4.54599066
63.796609 4.54692261
63.895365 4.54784601
63.994121 4.54876085
64.092878 4.54966713
64.191634 4.55056485
64.290390 4.55145401
64.389147 4.55233461
64.487903 4.55320665
64.586659 4.55407014
64.685416 4.55492506
64.784172 4.55577143
64.882928 4.55660923
64.981685 4.55743848
65.080441 4.55825917
65.179198 4.55907130
65.277954 4.55987487
65.376710 4.56066988
65.475467 4.56145634
65.574223 4.56223423
65.672979 4.56300357
65.771736 4.56376434
65.870492 4.56451656
65.969248 4.56526022
66.068005 4.56599531
66.166761 4.56672185
66.265518 4.56743984
66.364274 4.56814926
66.463030 4.56885012
66.561787 4.56954242
66.660543 4.57022617
66.759299 4.57090136
66.858056 4.57156798
66.956812 4.57222605
67.055568 4.57287556
67.154325 4.57351651
67.253081 4.57414890
67.351837 4.57477273
67.450594 4.57538801
67.549350 4.57599472
67.648107 4.57659288
67.746863 4.57718247
67.845619 4.57776351
67.944376 4.57833599
68.043132 4.57889991
68.141888 4.57945527
68.240645 4.58000207
68.339401 4.58054031
68.438157 4.58107000
68.536914 4.58159112
68.635670 4.58210369
68.734427 4.58260770
68.833183 4.58310315
68.931939 4.58359004
69.030696 4.58406837
69.129452 4.58453814
69.228208 4.58499935
69.326965 4.58545200
69.425721 4.58589610
69.524477 4.58633164
69.623234 4.58675861
69.721990 4.58717703
69.820746 4.58758689
69.919503 4.58798819
70.018259 4.58838093
70.117016 4.58876512
70.215772 4.58914074
70.314528 4.58950781
70.413285 4.58986631
70.512041 4.59021626
70.610797 4.59055765
70.709554 4.59089048
70.808310 4.59121475
70.907066 4.59153046
71.005823 4.59183762
71.104579 4.59213621
71.203336 4.59242625
71.302092 4.59270772
71.400848 4.59298064
71.499605 4.59324499
71.598361 4.59350079
71.697117 4.59374877
71.795874 4.59399601
71.894630 4.59424324
71.993386 4.59449048
72.092143 4.59473773
72.190899 4.59498497
72.289655 4.59523221
72.388412 4.59547946
72.487168 4.59572682
72.585925 4.59597396
