0.098756 1.64989206
0.197513 1.64989387
0.296269 1.64989191
0.395025 1.64989171
0.493782 1.64989172
0.592538 1.64989174
0.691295 1.64989177
0.790051 1.64989180
0.888807 1.64989183
0.987564 1.64989187
1.086320 1.64989191
1.185076 1.64989196
1.283833 1.64989202
1.382589 1.64989208
1.481345 1.64989215
1.580102 1.64989223
1.678858 1.64989231
1.777614 1.64989241
1.876371 1.64989252
1.975127 1.64989263
2.073884 1.64989276
2.172640 1.64989290
2.271396 1.64989305
2.370153 1.64989321
2.468909 1.64989339
2.567665 1.64989358
2.666422 1.64989379
2.765178 1.64989401
2.863934 1.64989424
2.962691 1.64989449
3.061447 1.64989476
3.160204 1.64989504
3.258960 1.64989534
3.357716 1.64989566
3.456473 1.64989600
3.555229 1.64989636
3.653985 1.64989674
3.752742 1.64989713
3.851498 1.64989755
3.950254 1.64989799
4.049011 1.64989845
4.147767 1.64989894
4.246523 1.64989944
4.345280 1.64989997
4.444036 1.64990053
4.542793 1.64990111
4.641549 1.64990171
4.740305 1.64990235
4.839062 1.64990300
4.937818 1.64990369
5.036574 1.64990440
5.135331 1.64990514
5.234087 1.64990591
5.332843 1.64990671
5.431600 1.64990754
5.530356 1.64990839
5.629113 1.64990929
5.727869 1.64991021
5.826625 1.64991116
5.925382 1.64991215
6.024138 1.64991317
6.122894 1.64991422
6.221651 1.64991531
6.320407 1.64991643
6.419163 1.64991759
6.517920 1.64991878
6.616676 1.64992001
6.715432 1.64992128
6.814189 1.64992259
6.912945 1.64992393
7.011702 1.64992531
7.110458 1.64992674
7.209214 1.64992820
7.307971 1.64992970
7.406727 1.64993125
7.505483 1.64993284
7.604240 1.64993447
7.702996 1.64993614
7.801752 1.64993785
7.900509 1.64993961
7.999265 1.64994142
8.098022 1.64994327
8.196778 1.64994516
8.295534 1.64994710
8.394291 1.64994909
8.493047 1.64995113
8.591803 1.64995321
8.690560 1.64995534
8.789316 1.64995753
8.888072 1.64995976
8.986829 1.64996204
9.085585 1.64996437
9.184341 1.64996676
9.283098 1.64996919
9.381854 1.64997168
9.480611 1.64997422
9.579367 1.64997681
9.678123 1.64997946
9.776880 1.64998216
9.875636 1.64998492
9.974392 1.64998774
10.073149 1.64999060
10.171905 1.64999353
10.270661 1.64999651
10.369418 1.64999955
10.468174 1.65000265
10.566931 1.65000580
10.665687 1.65000902
10.764443 1.65001229
10.863200 1.65001563
10.961956 1.65001902
11.060712 1.65002247
11.159469 1.65002599
11.258225 1.65002956
11.356981 1.65003320
11.455738 1.65003689
11.554494 1.65004065
11.653250 1.65004447
11.752007 1.65004835
11.850763 1.65005229
11.949520 1.65005630
12.048276 1.65006036
12.147032 1.65006449
12.245789 1.65006868
12.344545 1.65007293
12.443301 1.65007724
12.542058 1.65008160
12.640814 1.65008603
12.739570 1.65009051
12.838327 1.65009505
12.937083 1.65009965
13.035840 1.65010429
13.134596 1.65010899
13.233352 1.65011374
13.332109 1.65011853
13.430865 1.65012336
13.529621 1.65012823
13.628378 1.65013314
13.727134 1.65013807
13.825890 1.65014303
13.924647 1.65014800
14.023403 1.65015299
14.122159 1.65015797
14.220916 1.65016295
14.319672 1.65016791
14.418429 1.65017283
14.517185 1.65017770
14.615941 1.65018252
14.714698 1.65018725
14.813454 1.65019187
14.912210 1.65019637
15.010967 1.65020071
15.109723 1.65020486
15.208479 1.65020880
15.307236 1.65021247
15.405992 1.65021583
15.504749 1.65021883
15.603505 1.65022141
15.702261 1.65022351
15.801018 1.65022505
15.899774 1.65022593
15.998530 1.65022609
16.097287 1.65022538
16.196043 1.65022370
16.294799 1.65022091
16.393556 1.65021685
16.492312 1.65021133
16.591068 1.65020417
16.689825 1.65019513
16.788581 1.65018396
16.887338 1.65017036
16.986094 1.65015402
17.084850 1.65013455
17.183607 1.65011157
17.282363 1.65008459
17.381119 1.65005309
17.479876 1.65001648
17.578632 1.64997412
17.677388 1.64992523
17.776145 1.64986900
17.874901 1.64980448
17.973658 1.64973063
18.072414 1.64964624
18.171170 1.64955004
18.269927 1.64944049
18.368683 1.64931598
18.467439 1.64917461
18.566196 1.64901436
18.664952 1.64883286
18.763708 1.64862756
18.862465 1.64839555
18.961221 1.64813363
19.059977 1.64783818
19.158734 1.64750523
19.257490 1.64713031
19.356247 1.64670849
19.455003 1.64623422
19.553759 1.64570144
19.652516 1.64510329
19.751272 1.64443228
19.850028 1.64367999
19.948785 1.64283719
20.047541 1.64189355
20.146297 1.64083773
20.245054 1.63965708
20.343810 1.63833771
20.442567 1.63686414
20.541323 1.63521939
20.640079 1.63338459
20.738836 1.63133903
20.837592 1.62905973
20.936348 1.62652147
21.035105 1.62369636
21.133861 1.62055376
21.232617 1.61705984
21.331374 1.61317748
21.430130 1.60886572
21.528886 1.60407962
21.627643 1.59876964
21.726399 1.59288141
21.825156 1.58635495
21.923912 1.57912431
22.022668 1.57111662
22.121425 1.56225144
22.220181 1.55243943
22.318937 1.54158129
22.417694 1.52956576
22.516450 1.51626771
22.615206 1.50154502
22.713963 1.48523503
22.812719 1.46714939
22.911476 1.44706748
23.010232 1.42472737
23.108988 1.39981359
23.207745 1.37194078
23.306501 1.34063057
23.405257 1.30528115
23.504014 1.26512330
23.602770 1.21916276
23.701526 1.16609572
23.800283 1.10419820
23.899039 1.03116333
23.997795 0.94388738
24.096552 0.83815836
24.195308 0.70824183
24.294065 0.54630794
24.392821 0.34161121
24.491577 0.07954899
24.590334 -0.25985545
24.689090 -0.70189257
24.787846 -1.26458578
24.886603 -1.88976121
24.985359 -2.33601714
25.084115 -2.37721434
25.182872 -2.17257241
25.281628 -2.03834147
25.380385 -2.12559845
25.479141 -2.48719205
25.577897 -3.17680446
25.676654 -4.26635675
25.775410 -5.80775650
25.874166 -7.71906095
25.972923 -9.60041789
26.071679 -10.74883660
26.170435 -10.70659524
26.269192 -9.81598329
26.367948 -8.92515609
26.466704 -8.68997631
26.565461 -9.27956795
26.664217 -10.35552199
26.762974 -11.13443960
26.861730 -10.84275027
26.960486 -9.40402075
27.059243 -7.44454328
27.157999 -5.62041735
27.256755 -4.22946270
27.355512 -3.31059307
27.454268 -2.81889100
27.553024 -2.71172265
27.651781 -2.97894340
27.750537 -3.64727647
27.849294 -4.76797600
27.948050 -6.36849864
28.046806 -8.32573414
28.145563 -10.18416079
28.244319 -11.22173590
28.343075 -11.04667842
28.441832 -10.08848683
28.540588 -9.20916287
28.639344 -9.02036740
28.738101 -9.63976791
28.836857 -10.67700299
28.935613 -11.32077455
29.034370 -10.84893444
29.133126 -9.28290741
29.231883 -7.28745923
29.330639 -5.48588003
29.429395 -4.13629136
29.528152 -3.25984878
29.626908 -2.80833433
29.725664 -2.74104507
29.824421 -3.05127637
29.923177 -3.76874714
30.021933 -4.94479180
30.120690 -6.59785954
30.219446 -8.57532592
30.318203 -10.37837616
30.416959 -11.28419018
30.515715 -10.98093657
30.614472 -9.98115672
30.713228 -9.14876023
30.811984 -9.04473857
30.910741 -9.73141633
31.009497 -10.76330335
31.108253 -11.30428928
31.207010 -10.69005921
31.305766 -9.03673130
31.404522 -7.03777853
31.503279 -5.28031051
31.602035 -3.98545098
31.700792 -3.15942112
31.799548 -2.75219213
31.898304 -2.72582206
31.997061 -3.07755006
32.095817 -3.84027654
32.194573 -5.06511908
32.293330 -6.76020910
32.392086 -8.74133201
32.490842 -10.46813976
32.589599 -11.22658702
32.688355 -10.79119302
32.787112 -9.75017360
32.885868 -8.95933073
32.984624 -8.92579749
33.083381 -9.65533231
33.182137 -10.64688948
33.280893 -11.04580430
33.379650 -10.25382424
33.478406 -8.47906805
33.577162 -6.43580358
33.675919 -4.67542784
33.774675 -3.39002394
33.873431 -2.58027058
33.972188 -2.20240734
34.070944 -2.22616324
34.169701 -2.65283125
34.268457 -3.51387315
34.367213 -4.85260829
34.465970 -6.65815506
34.564726 -8.70699976
34.663482 -10.41600500
34.762239 -11.08769707
34.860995 -10.58778596
34.959751 -9.57368218
35.058508 -8.88673841
35.157264 -8.98074957
35.256021 -9.80670770
35.354777 -10.81100536
35.453533 -11.13007076
35.552290 -10.24077588
35.651046 -8.43870524
35.749802 -6.44748213
35.848559 -4.77513042
35.947315 -3.57704754
36.046071 -2.83622960
36.144828 -2.50150220
36.243584 -2.54093634
36.342340 -2.95913296
36.441097 -3.79393624
36.539853 -5.09311115
36.638610 -6.83789453
36.737366 -8.77314641
36.836122 -10.28186254
36.934879 -10.69590509
37.033635 -9.97702366
37.132391 -8.84353607
37.231148 -8.11452574
37.329904 -8.18851768
37.428660 -8.96002786
37.527417 -9.82252691
37.626173 -9.90805765
37.724929 -8.76732046
37.823686 -6.76603559
37.922442 -4.61818102
38.021199 -2.78540112
38.119955 -1.40018336
38.218711 -0.45062381
38.317468 0.10272004
38.416224 0.29666299
38.514980 0.18029650
38.613737 -0.09719196
38.712493 -0.20427646
38.811249 0.09189823
38.910006 0.61651245
39.008762 1.11522033
39.107519 1.51026883
39.206275 1.81330430
39.305031 2.04611241
39.403788 2.22515347
39.502544 2.36204133
39.601300 2.46418193
39.700057 2.53646726
39.798813 2.58314757
39.897569 2.60730884
39.996326 2.61330508
40.095082 2.61442930
40.193838 2.61480971
40.292595 2.61499075
40.391351 2.61508957
40.490108 2.61514659
40.588864 2.61517990
40.687620 2.61519872
40.786377 2.61520825
40.885133 2.61521162
40.983889 2.61521080
41.082646 2.61520709
41.181402 2.61520141
41.280158 2.61519441
41.378915 2.61518660
41.477671 2.61517850
41.576428 2.61517075
41.675184 2.61516436
41.773940 2.61516129
41.872697 2.61516581
41.971453 2.61518938
42.070209 2.61527276
42.168966 2.61559943
42.267722 2.61687536
42.366478 2.61906635
42.465235 2.62172579
42.563991 2.62413897
42.662747 2.62522117
42.761504 2.62335106
42.860260 2.61611016
42.959017 2.59991306
43.057773 2.56953876
43.156529 2.51725970
43.255286 2.43246861
43.354042 2.30378169
43.452798 2.12773054
43.551555 1.92990383
43.650311 1.77765426
43.749067 1.74319904
43.847824 1.83612207
43.946580 1.99281363
44.045337 2.13721023
44.144093 2.22829534
44.242849 2.25741245
44.341606 2.22833605
44.440362 2.14564049
44.539118 2.01311718
44.637875 1.83843311
44.736631 1.64587074
44.835387 1.48829643
44.934144 1.42347350
45.032900 1.45570292
45.131656 1.51913157
45.230413 1.52874710
45.329169 1.42703899
45.427926 1.19984582
45.526682 0.90182798
45.625438 0.67257337
45.724195 0.66166831
45.822951 0.89438757
45.921707 1.25074023
46.020464 1.58664352
46.119220 1.82790746
46.217976 1.96403791
46.316733 2.00783436
46.415489 1.97134747
46.514246 1.86032775
46.613002 1.67469166
46.711758 1.41196630
46.810515 1.07999326
46.909271 0.72545111
47.008027 0.45315651
47.106784 0.36983893
47.205540 0.48283192
47.304296 0.71309268
47.403053 0.98727266
47.501809 1.24197968
47.600565 1.44292561
47.699322 1.62613310
47.798078 1.82563670
47.896835 2.01563446
47.995591 2.16799419
48.094347 2.28181270
48.193104 2.36581690
48.291860 2.42802059
48.390616 2.47429303
48.489373 2.50863085
48.588129 2.53373720
48.686885 2.55133875
48.785642 2.56258262
48.884398 2.56799063
48.983155 2.56932566
49.081911 2.56962899
49.180667 2.56973209
49.279424 2.56977478
49.378180 2.56979187
49.476936 2.56979609
49.575693 2.56979321
49.674449 2.56978620
49.773205 2.56977668
49.871962 2.56976559
49.970718 2.56975351
50.069474 2.56974077
50.168231 2.56972760
50.266987 2.56971414
50.365744 2.56970049
50.464500 2.56968670
50.563256 2.56967283
50.662013 2.56965889
50.760769 2.56964504
50.859525 2.56963255
50.958282 2.56962156
51.057038 2.56961208
51.155794 2.56960411
51.254551 2.56959766
51.353307 2.56959272
51.452064 2.56958930
51.550820 2.56958740
51.649576 2.56958702
51.748333 2.56958816
51.847089 2.56959082
51.945845 2.56959500
52.044602 2.56960070
52.143358 2.56960793
52.242114 2.56961668
52.340871 2.56962694
52.439627 2.56963873
52.538383 2.56965205
52.637140 2.56966688
52.735896 2.56968324
52.834653 2.56970111
52.933409 2.56972051
53.032165 2.56974144
53.130922 2.56976388
53.229678 2.56978785
53.328434 2.56981333
53.427191 2.56984034
53.525947 2.56986888
53.624703 2.56989893
53.723460 2.56993051
53.822216 2.56996361
53.920973 2.56999823
54.019729 2.57003438
54.118485 2.57007204
54.217242 2.57011123
54.315998 2.57015194
54.414754 2.57019418
54.513511 2.57023793
54.612267 2.57028321
54.711023 2.57033001
54.809780 2.57037834
54.908536 2.57042818
55.007292 2.57047955
55.106049 2.57053244
55.204805 2.57058686
55.303562 2.57064279
55.402318 2.57070025
55.501074 2.57075923
55.599831 2.57081974
55.698587 2.57088176
55.797343 2.57094531
55.896100 2.57101038
55.994856 2.57107698
56.093612 2.57114510
56.192369 2.57121474
56.291125 2.57128590
56.389882 2.57135858
56.488638 2.57143279
56.587394 2.57150852
56.686151 2.57158578
56.784907 2.57166455
56.883663 2.57174485
56.982420 2.57182668
57.081176 2.57191002
57.179932 2.57199489
57.278689 2.57208128
57.377445 2.57216919
57.476201 2.57225863
57.574958 2.57234959
57.673714 2.57244207
57.772471 2.57253608
57.871227 2.57263161
57.969983 2.57272866
58.068740 2.57282723
58.167496 2.57292733
58.266252 2.57302895
58.365009 2.57313209
58.463765 2.57323676
58.562521 2.57334295
58.661278 2.57345066
58.760034 2.57355990
58.858791 2.57367065
58.957547 2.57378294
59.056303 2.57389674
59.155060 2.57401207
59.253816 2.57412892
59.352572 2.57424729
59.451329 2.57436719
59.550085 2.57448861
59.648841 2.57461155
59.747598 2.57473602
59.846354 2.57486201
59.945110 2.57498952
60.043867 2.57511855
60.142623 2.57524911
60.241380 2.57538120
60.340136 2.57551480
60.438892 2.57564993
60.537649 2.57578658
60.636405 2.57592475
60.735161 2.57606445
60.833918 2.57620567
60.932674 2.57634842
61.031430 2.57649268
61.130187 2.57663847
61.228943 2.57678579
61.327700 2.57693462
61.426456 2.57708498
61.525212 2.57723687
61.623969 2.57739027
61.722725 2.57754520
61.821481 2.57770166
61.920238 2.57785963
62.018994 2.57801913
62.117750 2.57818015
62.216507 2.57834270
62.315263 2.57850677
62.414019 2.57867236
62.512776 2.57883947
62.611532 2.57900811
62.710289 2.57917827
62.809045 2.57934996
62.907801 2.57952317
63.006558 2.57969790
63.105314 2.57987415
63.204070 2.58005193
63.302827 2.58023123
63.401583 2.58041206
63.500339 2.58059441
63.599096 2.58077828
63.697852 2.58096367
63.796609 2.58115059
63.895365 2.58133903
63.994121 2.58152899
64.092878 2.58172048
64.191634 2.58191349
64.290390 2.58210802
64.389147 2.58230408
64.487903 2.58250166
64.586659 2.58270076
64.685416 2.58290139
64.784172 2.58310354
64.882928 2.58330721
64.981685 2.58351241
65.080441 2.58371913
65.179198 2.58392737
65.277954 2.58413713
65.376710 2.58434842
65.475467 2.58456123
65.574223 2.58477557
65.672979 2.58499143
65.771736 2.58520881
65.870492 2.58542771
65.969248 2.58564814
66.068005 2.58587009
66.166761 2.58609357
66.265518 2.58631857
66.364274 2.58654509
66.463030 2.58677313
66.561787 2.58700270
66.660543 2.58723379
66.759299 2.58746640
66.858056 2.58770054
66.956812 2.58793620
67.055568 2.58817338
67.154325 2.58841208
67.253081 2.58865231
67.351837 2.58889406
67.450594 2.58913734
67.549350 2.58938214
67.648107 2.58962846
67.746863 2.58987630
67.845619 2.59012567
67.944376 2.59037656
68.043132 2.59062897
68.141888 2.59088291
68.240645 2.59113837
68.339401 2.59139535
68.438157 2.59165386
68.536914 2.59191389
68.635670 2.59217544
68.734427 2.59243851
68.833183 2.59270311
68.931939 2.59296923
69.030696 2.59323688
69.129452 2.59350604
69.228208 2.59377673
69.326965 2.59404895
69.425721 2.59432268
69.524477 2.59459794
69.623234 2.59487472
69.721990 2.59515303
69.820746 2.59543286
69.919503 2.59571421
70.018259 2.59599708
70.117016 2.59628148
70.215772 2.59656739
70.314528 2.59685484
70.413285 2.59714380
70.512041 2.59743429
70.610797 2.59772630
70.709554 2.59801984
70.808310 2.59831489
70.907066 2.59861147
71.005823 2.59890957
71.104579 2.59920920
71.203336 2.59951035
71.302092 2.59981302
71.400848 2.60011721
71.499605 2.60042293
71.598361 2.60073017
71.697117 2.60103880
71.795874 2.60134756
71.894630 2.60165633
71.993386 2.60196509
72.092143 2.60227385
72.190899 2.60258261
72.289655 2.60289138
72.388412 2.60320016
72.487168 2.60350914
72.585925 2.60381771
