0.098756 1.64949864
0.197513 1.64950179
0.296269 1.64949846
0.395025 1.64949814
0.493782 1.64949819
0.592538 1.64949825
0.691295 1.64949830
0.790051 1.64949835
0.888807 1.64949839
0.987564 1.64949843
1.086320 1.64949846
1.185076 1.64949849
1.283833 1.64949850
1.382589 1.64949851
1.481345 1.64949851
1.580102 1.64949850
1.678858 1.64949849
1.777614 1.64949846
1.876371 1.64949842
1.975127 1.64949837
2.073884 1.64949831
2.172640 1.64949823
2.271396 1.64949814
2.370153 1.64949804
2.468909 1.64949792
2.567665 1.64949779
2.666422 1.64949764
2.765178 1.64949748
2.863934 1.64949730
2.962691 1.64949710
3.061447 1.64949688
3.160204 1.64949665
3.258960 1.64949639
3.357716 1.64949612
3.456473 1.64949583
3.555229 1.64949551
3.653985 1.64949517
3.752742 1.64949482
3.851498 1.64949443
3.950254 1.64949403
4.049011 1.64949360
4.147767 1.64949315
4.246523 1.64949267
4.345280 1.64949216
4.444036 1.64949163
4.542793 1.64949107
4.641549 1.64949049
4.740305 1.64948988
4.839062 1.64948924
4.937818 1.64948857
5.036574 1.64948787
5.135331 1.64948714
5.234087 1.64948638
5.332843 1.64948558
5.431600 1.64948476
5.530356 1.64948390
5.629113 1.64948301
5.727869 1.64948209
5.826625 1.64948114
5.925382 1.64948014
6.024138 1.64947912
6.122894 1.64947805
6.221651 1.64947696
6.320407 1.64947582
6.419163 1.64947465
6.517920 1.64947344
6.616676 1.64947219
6.715432 1.64947090
6.814189 1.64946957
6.912945 1.64946820
7.011702 1.64946680
7.110458 1.64946535
7.209214 1.64946386
7.307971 1.64946233
7.406727 1.64946075
7.505483 1.64945913
7.604240 1.64945747
7.702996 1.64945577
7.801752 1.64945402
7.900509 1.64945222
7.999265 1.64945038
8.098022 1.64944849
8.196778 1.64944656
8.295534 1.64944458
8.394291 1.64944255
8.493047 1.64944048
8.591803 1.64943835
8.690560 1.64943618
8.789316 1.64943396
8.888072 1.64943169
8.986829 1.64942937
9.085585 1.64942699
9.184341 1.64942457
9.283098 1.64942209
9.381854 1.64941957
9.480611 1.64941699
9.579367 1.64941435
9.678123 1.64941167
9.776880 1.64940893
9.875636 1.64940613
9.974392 1.64940329
10.073149 1.64940038
10.171905 1.64939742
10.270661 1.64939440
10.369418 1.64939133
10.468174 1.64938820
10.566931 1.64938502
10.665687 1.64938177
10.764443 1.64937847
10.863200 1.64937510
10.961956 1.64937168
11.060712 1.64936820
11.159469 1.64936466
11.258225 1.64936106
11.356981 1.64935739
11.455738 1.64935366
11.554494 1.64934988
11.653250 1.64934602
11.752007 1.64934211
11.850763 1.64933812
11.949520 1.64933408
12.048276 1.64932996
12.147032 1.64932578
12.245789 1.64932152
12.344545 1.64931721
12.443301 1.64931281
12.542058 1.64930835
12.640814 1.64930380
12.739570 1.64929919
12.838327 1.64929450
12.937083 1.64928972
13.035840 1.64928486
13.134596 1.64927993
13.233352 1.64927489
13.332109 1.64926977
13.430865 1.64926455
13.529621 1.64925924
13.628378 1.64925381
13.727134 1.64924828
13.825890 1.64924262
13.924647 1.64923685
14.023403 1.64923093
14.122159 1.64922489
14.220916 1.64921868
14.319672 1.64921232
14.418429 1.64920577
14.517185 1.64919904
14.615941 1.64919209
14.714698 1.64918492
14.813454 1.64917750
14.912210 1.64916980
15.010967 1.64916180
15.109723 1.64915346
15.208479 1.64914475
15.307236 1.64913563
15.405992 1.64912605
15.504749 1.64911597
15.603505 1.64910530
15.702261 1.64909401
15.801018 1.64908199
15.899774 1.64906919
15.998530 1.64905548
16.097287 1.64904077
16.196043 1.64902493
16.294799 1.64900782
16.393556 1.64898928
16.492312 1.64896913
16.591068 1.64894717
16.689825 1.64892318
16.788581 1.64889689
16.887338 1.64886802
16.986094 1.64883624
17.084850 1.64880118
17.183607 1.64876242
17.282363 1.64871952
17.381119 1.64867191
17.479876 1.64861905
17.578632 1.64856024
17.677388 1.64849476
17.776145 1.64842175
17.874901 1.64834029
17.973658 1.64824931
18.072414 1.64814765
18.171170 1.64803396
18.269927 1.64790679
18.368683 1.64776446
18.467439 1.64760513
18.566196 1.64742670
18.664952 1.64722689
18.763708 1.64700309
18.862465 1.64675244
18.961221 1.64647169
19.059977 1.64615728
19.158734 1.64580521
19.257490 1.64541104
19.356247 1.64496981
19.455003 1.64447606
19.553759 1.64392365
19.652516 1.64330583
19.751272 1.64261504
19.850028 1.64184298
19.948785 1.64098037
20.047541 1.64001697
20.146297 1.63894144
20.245054 1.63774122
20.343810 1.63640242
20.442567 1.63490969
20.541323 1.63324607
20.640079 1.63139283
20.738836 1.62932929
20.837592 1.62703265
20.936348 1.62447777
21.035105 1.62163696
21.133861 1.61847968
21.232617 1.61497236
21.331374 1.61107803
21.430130 1.60675604
21.528886 1.60196165
21.627643 1.59664571
21.726399 1.59075410
21.825156 1.58422730
21.923912 1.57699971
22.022668 1.56899898
22.121425 1.56014513
22.220181 1.55034942
22.318937 1.53951309
22.417694 1.52752560
22.516450 1.51426245
22.615206 1.49958232
22.713963 1.48332328
22.812719 1.46529788
22.911476 1.44528631
23.010232 1.42302761
23.108988 1.39820724
23.207745 1.37044083
23.306501 1.33925100
23.405257 1.30403701
23.504014 1.26403066
23.602770 1.21823878
23.701526 1.16535859
23.800283 1.10366725
23.899039 1.03085897
23.997795 0.94383123
24.096552 0.83837329
24.195308 0.70875215
24.294065 0.54713959
24.392821 0.34279209
24.491577 0.08110943
24.590334 -0.25788209
24.689090 -0.69946932
24.787846 -1.26167137
24.886603 -1.88630966
24.985359 -2.33197845
25.084115 -2.37384741
25.182872 -2.16980253
25.281628 -2.03608028
25.380385 -2.12373427
25.479141 -2.48560333
25.577897 -3.17538032
25.676654 -4.26501140
25.775410 -5.80643498
25.874166 -7.71773506
25.972923 -9.59907174
26.071679 -10.74745343
26.170435 -10.70515875
26.269192 -9.81448758
26.367948 -8.92361423
26.466704 -8.68842178
26.565461 -9.27805423
26.664217 -10.35412067
26.762974 -11.13323667
26.861730 -10.84183466
26.960486 -9.40346906
27.059243 -7.44440665
27.157999 -5.62072495
27.256755 -4.23022851
27.355512 -3.31181309
27.454268 -2.82053375
27.553024 -2.71372181
27.651781 -2.98119897
27.750537 -3.64966678
27.849294 -4.77037710
27.948050 -6.37080299
28.046806 -8.32785882
28.145563 -10.18604761
28.244319 -11.22335018
28.343075 -11.04801491
28.441832 -10.08957773
28.540588 -9.21007824
28.639344 -9.02120752
28.738101 -9.64065396
28.836857 -10.67806668
28.935613 -11.32214612
29.034370 -10.85072620
29.133126 -9.28520050
29.231883 -7.29029753
29.330639 -5.48927669
29.429395 -4.14023616
29.528152 -3.26430560
29.626908 -2.81323318
29.725664 -2.74627722
29.824421 -3.05669956
29.923177 -3.77420170
30.021933 -4.95012375
30.120690 -6.60294173
30.219446 -8.58006922
30.318203 -10.38273216
30.416959 -11.28815422
30.515715 -10.98454963
30.614472 -9.98450445
30.713228 -9.15196198
30.811984 -9.04793314
30.910741 -9.73474599
31.009497 -10.76690006
31.108253 -11.30826080
31.207010 -10.69447753
31.305766 -9.04162976
31.404522 -7.04315771
31.503279 -5.28614675
31.602035 -3.99170032
31.700792 -3.16601352
31.799548 -2.75902240
31.898304 -2.73274544
31.997061 -3.08438808
32.095817 -3.84683163
32.194573 -5.07119492
32.293330 -6.76563086
32.392086 -8.74596001
32.490842 -10.47187578
32.589599 -11.22938161
32.688355 -10.79306029
32.787112 -9.75121144
32.885868 -8.95970984
32.984624 -8.92572677
33.083381 -9.65502431
33.182137 -10.64653435
33.280893 -11.04554718
33.379650 -10.25374866
33.478406 -8.47919814
33.577162 -6.43612337
33.675919 -4.67589165
33.774675 -3.39054605
33.873431 -2.58070756
33.972188 -2.20254427
34.070944 -2.22571094
34.169701 -2.65143940
34.268457 -3.51115716
34.367213 -4.84818837
34.465970 -6.65170548
34.564726 -8.69829183
34.663482 -10.40493236
34.762239 -11.07428650
34.860995 -10.57219717
34.959751 -9.55618979
35.058508 -8.86764483
35.157264 -8.96024740
35.256021 -9.78476874
35.354777 -10.78728456
35.453533 -11.10387591
35.552290 -10.21120735
35.651046 -8.40493138
35.749802 -6.40894916
35.848559 -4.73155377
35.947315 -3.52827466
36.046071 -2.78212806
36.144828 -2.44187693
36.243584 -2.47548459
36.342340 -2.88745371
36.441097 -3.71557676
36.539853 -5.00763777
36.638610 -6.74500445
36.737366 -8.67279914
36.836122 -10.17435852
36.934879 -10.58186020
37.033635 -9.85718007
37.132391 -8.71848818
37.231148 -7.98443980
37.329904 -8.05285092
37.428660 -8.81733322
37.527417 -9.67030834
37.626173 -9.74286284
37.724929 -8.58543040
37.823686 -6.56446854
37.922442 -4.39534415
38.021199 -2.54104292
38.119955 -1.13497396
38.218711 -0.16580596
38.317468 0.40569262
38.416224 0.61649963
38.514980 0.51601107
38.613737 0.25372797
38.712493 0.16150878
38.811249 0.47243412
38.910006 1.01179375
39.008762 1.52517692
39.107519 1.93469142
39.206275 2.25170414
39.305031 2.49757746
39.403788 2.68840579
39.502544 2.83557357
39.601300 2.94629884
39.700057 3.02532312
39.798813 3.07691364
39.897569 3.10419935
39.996326 3.11173495
40.095082 3.11389228
40.193838 3.11520104
40.292595 3.11626979
40.391351 3.11723544
40.490108 3.11814753
40.588864 3.11902902
40.687620 3.11989192
40.786377 3.12074303
40.885133 3.12158642
40.983889 3.12242466
41.082646 3.12325945
41.181402 3.12409191
41.280158 3.12492289
41.378915 3.12575306
41.477671 3.12658306
41.576428 3.12741369
41.675184 3.12824619
41.773940 3.12908279
41.872697 3.12992820
41.971453 3.13079452
42.070209 3.13172377
42.168966 3.13290285
42.267722 3.13505011
42.366478 3.13813389
42.465235 3.14170598
42.563991 3.14504932
42.662747 3.14707647
42.761504 3.14616298
42.860260 3.13988692
42.959017 3.12465940
43.057773 3.09525582
43.156529 3.04394575
43.255286 2.96011958
43.354042 2.83239254
43.452798 2.65729631
43.551555 2.46041929
43.650311 2.30911230
43.749067 2.27559026
43.847824 2.36943675
43.946580 2.52704534
44.045337 2.67235874
44.144093 2.76436756
44.242849 2.79442253
44.341606 2.76630479
44.440362 2.68459308
44.539118 2.55308006
44.637875 2.37943095
44.736631 2.18792322
44.835387 2.03141529
44.934144 1.96766092
45.032900 2.00095120
45.131656 2.06542484
45.230413 2.07606492
45.329169 1.97536124
45.427926 1.74915798
45.526682 1.45212505
45.625438 1.22386281
45.724195 1.21396722
45.822951 1.44771181
45.921707 1.80509692
46.020464 2.14203271
46.119220 2.38432748
46.217976 2.52149090
46.316733 2.56632801
46.415489 2.53089346
46.514246 2.42094002
46.613002 2.23638469
46.711758 1.97475259
46.810515 1.64388053
46.909271 1.29043946
47.008027 1.01923619
47.106784 0.93699247
47.205540 1.05104160
47.304296 1.28234696
47.403053 1.55756958
47.501809 1.81332771
47.600565 2.01534226
47.699322 2.19964295
47.798078 2.40026802
47.896835 2.59141516
47.995591 2.74494812
48.094347 2.85995714
48.193104 2.94516057
48.291860 3.00856249
48.390616 3.05602173
48.489373 3.09152323
48.588129 3.11775727
48.686885 3.13643597
48.785642 3.14869475
48.884398 3.15504386
48.983155 3.15725963
49.081911 3.15842177
49.180667 3.15937543
49.279424 3.16026401
49.378180 3.16112402
49.476936 3.16196915
49.575693 3.16280584
49.674449 3.16363747
49.773205 3.16446595
49.871962 3.16529242
49.970718 3.16611757
50.069474 3.16694184
50.168231 3.16776553
50.266987 3.16858882
50.365744 3.16941183
50.464500 3.17023466
50.563256 3.17105735
50.662013 3.17187994
50.760769 3.17270225
50.859525 3.17352221
50.958282 3.17433960
51.057038 3.17515445
51.155794 3.17596675
51.254551 3.17677652
51.353307 3.17758375
51.452064 3.17838844
51.550820 3.17919061
51.649576 3.17999025
51.748333 3.18078736
51.847089 3.18158195
51.945845 3.18237400
52.044602 3.18316354
52.143358 3.18395054
52.242114 3.18473502
52.340871 3.18551698
52.439627 3.18629641
52.538383 3.18707331
52.637140 3.18784769
52.735896 3.18861955
52.834653 3.18938888
52.933409 3.19015568
53.032165 3.19091996
53.130922 3.19168172
53.229678 3.19244095
53.328434 3.19319766
53.427191 3.19395184
53.525947 3.19470349
53.624703 3.19545262
53.723460 3.19619923
53.822216 3.19694331
53.920973 3.19768486
54.019729 3.19842389
54.118485 3.19916040
54.217242 3.19989438
54.315998 3.20062583
54.414754 3.20135476
54.513511 3.20208117
54.612267 3.20280505
54.711023 3.20352640
54.809780 3.20424523
54.908536 3.20496153
55.007292 3.20567531
55.106049 3.20638656
55.204805 3.20709529
55.303562 3.20780149
55.402318 3.20850516
55.501074 3.20920631
55.599831 3.20990494
55.698587 3.21060104
55.797343 3.21129461
55.896100 3.21198566
55.994856 3.21267418
56.093612 3.21336017
56.192369 3.21404365
56.291125 3.21472459
56.389882 3.21540301
56.488638 3.21607890
56.587394 3.21675227
56.686151 3.21742311
56.784907 3.21809143
56.883663 3.21875722
56.982420 3.21942048
57.081176 3.22008122
57.179932 3.22073943
57.278689 3.22139512
57.377445 3.22204828
57.476201 3.22269891
57.574958 3.22334702
57.673714 3.22399260
57.772471 3.22463566
57.871227 3.22527619
57.969983 3.22591419
58.068740 3.22654967
58.167496 3.22718262
58.266252 3.22781304
58.365009 3.22844094
58.463765 3.22906632
58.562521 3.22968916
58.661278 3.23030948
58.760034 3.23092728
58.858791 3.23154254
58.957547 3.23215529
59.056303 3.23276550
59.155060 3.23337319
59.253816 3.23397835
59.352572 3.23458099
59.451329 3.23518110
59.550085 3.23577868
59.648841 3.23637374
59.747598 3.23696627
59.846354 3.23755627
59.945110 3.23814375
60.043867 3.23872870
60.142623 3.23931113
60.241380 3.23989102
60.340136 3.24046840
60.438892 3.24104324
60.537649 3.24161556
60.636405 3.24218535
60.735161 3.24275262
60.833918 3.24331736
60.932674 3.24387957
61.031430 3.24443925
61.130187 3.24499641
61.228943 3.24555105
61.327700 3.24610315
61.426456 3.24665273
61.525212 3.24719979
61.623969 3.24774431
61.722725 3.24828631
61.821481 3.24882578
61.920238 3.24936273
62.018994 3.24989715
62.117750 3.25042904
62.216507 3.25095841
62.315263 3.25148525
62.414019 3.25200956
62.512776 3.25253135
62.611532 3.25305061
62.710289 3.25356734
62.809045 3.25408155
62.907801 3.25459323
63.006558 3.25510238
63.105314 3.25560901
63.204070 3.25611311
63.302827 3.25661468
63.401583 3.25711373
63.500339 3.25761025
63.599096 3.25810424
63.697852 3.25859571
63.796609 3.25908465
63.895365 3.25957106
63.994121 3.26005495
64.092878 3.26053631
64.191634 3.26101514
64.290390 3.26149145
64.389147 3.26196523
64.487903 3.26243648
64.586659 3.26290521
64.685416 3.26337141
64.784172 3.26383508
64.882928 3.26429623
64.981685 3.26475485
65.080441 3.26521094
65.179198 3.26566451
65.277954 3.26611555
65.376710 3.26656406
65.475467 3.26701005
65.574223 3.26745351
65.672979 3.26789444
65.771736 3.26833285
65.870492 3.26876873
65.969248 3.26920208
66.068005 3.26963291
66.166761 3.27006121
66.265518 3.27048698
66.364274 3.27091023
66.463030 3.27133095
66.561787 3.27174914
66.660543 3.27216481
66.759299 3.27257795
66.858056 3.27298857
66.956812 3.27339665
67.055568 3.27380222
67.154325 3.27420525
67.253081 3.27460576
67.351837 3.27500374
67.450594 3.27539920
67.549350 3.27579212
67.648107 3.27618253
67.746863 3.27657040
67.845619 3.27695575
67.944376 3.27733858
68.043132 3.27771887
68.141888 3.27809664
68.240645 3.27847189
68.339401 3.27884460
68.438157 3.27921479
68.536914 3.27958246
68.635670 3.27994760
68.734427 3.28031021
68.833183 3.28067029
68.931939 3.28102785
69.030696 3.28138289
69.129452 3.28173539
69.228208 3.28208537
69.326965 3.28243283
69.425721 3.28277775
69.524477 3.28312016
69.623234 3.28346003
69.721990 3.28379738
69.820746 3.28413220
69.919503 3.28446450
70.018259 3.28479427
70.117016 3.28512151
70.215772 3.28544623
70.314528 3.28576842
70.413285 3.28608809
70.512041 3.28640523
70.610797 3.28671984
70.709554 3.28703193
70.808310 3.28734149
70.907066 3.28764853
71.005823 3.28795303
71.104579 3.28825502
71.203336 3.28855447
71.302092 3.28885141
71.400848 3.28914581
71.499605 3.28943769
71.598361 3.28972704
71.697117 3.29001408
71.795874 3.29030091
71.894630 3.29058773
71.993386 3.29087456
72.092143 3.29116139
72.190899 3.29144821
72.289655 3.29173504
72.388412 3.29202189
72.487168 3.29230889
72.585925 3.29259555
