0.098756 1.64900840
0.197513 1.64901097
0.296269 1.64900821
0.395025 1.64900794
0.493782 1.64900796
0.592538 1.64900800
0.691295 1.64900804
0.790051 1.64900807
0.888807 1.64900812
0.987564 1.64900816
1.086320 1.64900821
1.185076 1.64900827
1.283833 1.64900833
1.382589 1.64900839
1.481345 1.64900846
1.580102 1.64900854
1.678858 1.64900862
1.777614 1.64900871
1.876371 1.64900881
1.975127 1.64900891
2.073884 1.64900902
2.172640 1.64900914
2.271396 1.64900927
2.370153 1.64900941
2.468909 1.64900956
2.567665 1.64900972
2.666422 1.64900989
2.765178 1.64901007
2.863934 1.64901026
2.962691 1.64901046
3.061447 1.64901068
3.160204 1.64901091
3.258960 1.64901115
3.357716 1.64901140
3.456473 1.64901168
3.555229 1.64901196
3.653985 1.64901226
3.752742 1.64901257
3.851498 1.64901291
3.950254 1.64901325
4.049011 1.64901362
4.147767 1.64901400
4.246523 1.64901440
4.345280 1.64901482
4.444036 1.64901526
4.542793 1.64901572
4.641549 1.64901620
4.740305 1.64901669
4.839062 1.64901722
4.937818 1.64901776
5.036574 1.64901832
5.135331 1.64901891
5.234087 1.64901952
5.332843 1.64902015
5.431600 1.64902081
5.530356 1.64902149
5.629113 1.64902221
5.727869 1.64902294
5.826625 1.64902371
5.925382 1.64902449
6.024138 1.64902531
6.122894 1.64902616
6.221651 1.64902704
6.320407 1.64902794
6.419163 1.64902888
6.517920 1.64902984
6.616676 1.64903085
6.715432 1.64903188
6.814189 1.64903295
6.912945 1.64903404
7.011702 1.64903518
7.110458 1.64903635
7.209214 1.64903756
7.307971 1.64903879
7.406727 1.64904008
7.505483 1.64904139
7.604240 1.64904275
7.702996 1.64904414
7.801752 1.64904558
7.900509 1.64904706
7.999265 1.64904858
8.098022 1.64905014
8.196778 1.64905174
8.295534 1.64905339
8.394291 1.64905509
8.493047 1.64905682
8.591803 1.64905861
8.690560 1.64906044
8.789316 1.64906232
8.888072 1.64906425
8.986829 1.64906623
9.085585 1.64906825
9.184341 1.64907034
9.283098 1.64907247
9.381854 1.64907466
9.480611 1.64907689
9.579367 1.64907919
9.678123 1.64908154
9.776880 1.64908395
9.875636 1.64908641
9.974392 1.64908894
10.073149 1.64909151
10.171905 1.64909416
10.270661 1.64909686
10.369418 1.64909963
10.468174 1.64910245
10.566931 1.64910534
10.665687 1.64910829
10.764443 1.64911132
10.863200 1.64911440
10.961956 1.64911755
11.060712 1.64912077
11.159469 1.64912406
11.258225 1.64912741
11.356981 1.64913085
11.455738 1.64913434
11.554494 1.64913791
11.653250 1.64914155
11.752007 1.64914527
11.850763 1.64914905
11.949520 1.64915292
12.048276 1.64915685
12.147032 1.64916086
12.245789 1.64916494
12.344545 1.64916911
12.443301 1.64917333
12.542058 1.64917765
12.640814 1.64918203
12.739570 1.64918649
12.838327 1.64919102
12.937083 1.64919563
13.035840 1.64920030
13.134596 1.64920506
13.233352 1.64920987
13.332109 1.64921476
13.430865 1.64921970
13.529621 1.64922471
13.628378 1.64922977
13.727134 1.64923489
13.825890 1.64924005
13.924647 1.64924526
14.023403 1.64925050
14.122159 1.64925577
14.220916 1.64926105
14.319672 1.64926635
14.418429 1.64927163
14.517185 1.64927691
14.615941 1.64928214
14.714698 1.64928733
14.813454 1.64929243
14.912210 1.64929745
15.010967 1.64930233
15.109723 1.64930707
15.208479 1.64931161
15.307236 1.64931592
15.405992 1.64931996
15.504749 1.64932367
15.603505 1.64932699
15.702261 1.64932987
15.801018 1.64933221
15.899774 1.64933395
15.998530 1.64933498
16.097287 1.64933519
16.196043 1.64933445
16.294799 1.64933264
16.393556 1.64932958
16.492312 1.64932510
16.591068 1.64931900
16.689825 1.64931105
16.788581 1.64930099
16.887338 1.64928854
16.986094 1.64927335
17.084850 1.64925507
17.183607 1.64923328
17.282363 1.64920750
17.381119 1.64917721
17.479876 1.64914182
17.578632 1.64910065
17.677388 1.64905297
17.776145 1.64899791
17.874901 1.64893455
17.973658 1.64886181
18.072414 1.64877850
18.171170 1.64868331
18.269927 1.64857471
18.368683 1.64845106
18.467439 1.64831048
18.566196 1.64815087
18.664952 1.64796990
18.763708 1.64776497
18.862465 1.64753316
18.961221 1.64727123
19.059977 1.64697555
19.158734 1.64664212
19.257490 1.64626643
19.356247 1.64584350
19.455003 1.64536778
19.553759 1.64483313
19.652516 1.64423268
19.751272 1.64355886
19.850028 1.64280322
19.948785 1.64195646
20.047541 1.64100821
20.146297 1.63994705
20.245054 1.63876027
20.343810 1.63743388
20.442567 1.63595237
20.541323 1.63429865
20.640079 1.63245378
20.738836 1.63039695
20.837592 1.62810509
20.936348 1.62555291
21.035105 1.62271240
21.133861 1.61955284
21.232617 1.61604030
21.331374 1.61213758
21.430130 1.60780364
21.528886 1.60299346
21.627643 1.59765745
21.726399 1.59174117
21.825156 1.58518463
21.923912 1.57792188
22.022668 1.56988007
22.121425 1.56097884
22.220181 1.55112893
22.318937 1.54023121
22.417694 1.52817462
22.516450 1.51483432
22.615206 1.50006847
22.713963 1.48371488
22.812719 1.46558563
22.911476 1.44546072
23.010232 1.42307884
23.108988 1.39812535
23.207745 1.37021570
23.306501 1.33887258
23.405257 1.30349524
23.504014 1.26331579
23.602770 1.21734128
23.701526 1.16426950
23.800283 1.10237807
23.899039 1.02936206
23.997795 0.94211967
24.096552 0.83644116
24.195308 0.70659440
24.294065 0.54475218
24.392821 0.34017172
24.491577 0.07825347
24.590334 -0.26097607
24.689090 -0.70280380
24.787846 -1.26524922
24.886603 -1.89013422
24.985359 -2.33605289
25.084115 -2.37761159
25.182872 -2.17326925
25.281628 -2.03926419
25.380385 -2.12665436
25.479141 -2.48827645
25.577897 -3.17781182
25.676654 -4.26718835
25.775410 -5.80832778
25.874166 -7.71930556
25.972923 -9.60028745
26.071679 -10.74829928
26.170435 -10.70564099
26.269192 -9.81463250
26.367948 -8.92346642
26.466704 -8.68804235
26.565461 -9.27751963
26.664217 -10.35352266
26.762974 -11.13268063
26.861730 -10.84142946
26.960486 -9.40330692
27.059243 -7.44454352
27.157999 -5.62117525
27.256755 -4.23097057
27.355512 -3.31279872
27.454268 -2.82170094
27.553024 -2.71500508
27.651781 -2.98253380
27.750537 -3.65098904
27.849294 -4.77161988
27.948050 -6.37189633
28.046806 -8.32873494
28.145563 -10.18665160
28.244319 -11.22365178
28.343075 -11.04801775
28.441832 -10.08932398
28.540588 -9.20964526
28.639344 -9.02069827
28.738101 -9.64018661
28.836857 -10.67776409
28.935613 -11.32212359
29.034370 -10.85107654
29.133126 -9.28597995
29.231883 -7.29151856
29.330639 -5.49090803
29.429395 -4.14221025
29.528152 -3.26653047
29.626908 -2.81560685
29.725664 -2.74869921
29.824421 -3.05907729
29.923177 -3.77645267
30.021933 -4.95217599
30.120690 -6.60473752
30.219446 -8.58157393
30.318203 -10.38394673
30.416959 -11.28912535
30.515715 -10.98536541
30.614472 -9.98527467
30.713228 -9.15279813
30.811984 -9.04893261
30.910741 -9.73597913
31.009497 -10.76839688
31.108253 -11.31000176
31.207010 -10.69639846
31.305766 -9.04364372
31.404522 -7.04517693
31.503279 -5.28808583
31.602035 -3.99347292
31.700792 -3.16753525
31.799548 -2.76021605
31.898304 -2.73354437
31.997061 -3.08473664
32.095817 -3.84668208
32.194573 -5.07050362
32.293330 -6.76435958
32.392086 -8.74408263
32.490842 -10.46938694
32.589599 -11.22630051
32.688355 -10.78942672
32.787112 -9.74707713
32.885868 -8.95512838
32.984624 -8.92073881
33.083381 -9.64964827
33.182137 -10.64076312
33.280893 -11.03935039
33.379650 -10.24708048
33.478406 -8.47201049
33.577162 -6.42837926
33.675919 -4.66756453
33.774675 -3.38160886
33.873431 -2.57112457
33.972188 -2.19226628
34.070944 -2.21466994
34.169701 -2.63954286
34.268457 -3.49828085
34.367213 -4.83417137
34.465970 -6.63635610
34.564726 -8.68140260
34.663482 -10.38629672
34.762239 -11.05371256
34.860995 -10.54952522
34.959751 -9.53130830
35.058508 -8.84047228
35.157264 -8.93068358
35.256021 -9.75265900
35.354777 -10.75239881
35.453533 -11.06590513
35.552290 -10.16979482
35.651046 -8.35973025
35.749802 -6.35966708
35.848559 -4.67794414
35.947315 -3.47008576
36.046071 -2.71903719
36.144828 -2.37342743
36.243584 -2.40105398
36.342340 -2.80624481
36.441097 -3.62660165
36.539853 -4.90969074
36.638610 -6.63663258
36.737366 -8.55227783
36.836122 -10.03967588
36.934879 -10.43072223
37.033635 -9.68703085
37.132391 -8.52652242
37.231148 -7.76762262
37.329904 -7.80796384
37.428660 -8.54115064
37.527417 -9.36018439
37.626173 -9.39791477
37.724929 -8.20820610
37.823686 -6.16268733
37.922442 -3.98275969
38.021199 -2.13631049
38.119955 -0.75829160
38.218711 0.16543439
38.317468 0.67997611
38.416224 0.82868014
38.514980 0.66585990
38.613737 0.34379413
38.712493 0.19524087
38.811249 0.45320243
38.910006 0.94252916
39.008762 1.40843458
39.107519 1.77277834
39.206275 2.04692061
39.305031 2.25257511
39.403788 2.40652103
39.502544 2.52106062
39.601300 2.60484509
39.700057 2.66389361
39.798813 2.70206123
39.897569 2.72181575
39.996326 2.72593833
40.095082 2.72554832
40.193838 2.72318433
40.292595 2.71731815
40.391351 2.70767031
40.490108 2.69425633
40.588864 2.67709220
40.687620 2.65618398
40.786377 2.63153280
40.885133 2.60313298
40.983889 2.57097978
41.082646 2.53504838
41.181402 2.49528221
41.280158 2.45161047
41.378915 2.40404954
41.477671 2.35293209
41.576428 2.29950039
41.675184 2.24664929
41.773940 2.19944990
41.872697 2.16476749
41.971453 2.14945563
42.070209 2.15767976
42.168966 2.18895418
42.267722 2.23827824
42.366478 2.29824130
42.465235 2.36157555
42.563991 2.42267051
42.662747 2.47766174
42.761504 2.52368542
42.860260 2.55792796
42.959017 2.57677487
43.057773 2.57523086
43.156529 2.54601432
43.255286 2.47922196
43.354042 2.36431783
43.452798 2.19879402
43.551555 2.00908824
43.650311 1.86307782
43.749067 1.83323807
43.847824 1.92934976
43.946580 2.08811160
44.045337 2.23383786
44.144093 2.32584233
44.242849 2.35576558
44.341606 2.32767210
44.440362 2.24639804
44.539118 2.11592589
44.637875 1.94400753
44.736631 1.75485522
44.835387 1.60108562
44.934144 1.54011837
45.032900 1.57591975
45.131656 1.64239122
45.230413 1.65442492
45.329169 1.55457710
45.427926 1.32889748
45.526682 1.03233560
45.625438 0.80478107
45.724195 0.79602602
45.822951 1.03131529
45.921707 1.39046155
46.020464 1.72919675
46.119220 1.97323519
46.217976 2.11208026
46.316733 2.15857024
46.415489 2.12479260
46.514246 2.01652942
46.613002 1.83371769
46.711758 1.57387661
46.810515 1.24480107
46.909271 0.89308013
47.008027 0.62339756
47.106784 0.54237567
47.205540 0.65735117
47.304296 0.88938120
47.403053 1.16525733
47.501809 1.42172203
47.600565 1.62459332
47.699322 1.80997168
47.798078 2.01193160
47.896835 2.20466810
47.995591 2.36001186
48.094347 2.47700262
48.193104 2.56429663
48.291860 2.62983235
48.390616 2.67940223
48.489373 2.71692197
48.588129 2.74500968
48.686885 2.76529933
48.785642 2.77886461
48.884398 2.78616029
48.983155 2.78904333
49.081911 2.79079097
49.180667 2.79231046
49.279424 2.79375738
49.378180 2.79517191
49.476936 2.79656939
49.575693 2.79795708
49.674449 2.79933887
49.773205 2.80071696
49.871962 2.80209267
49.970718 2.80346681
50.069474 2.80483990
50.168231 2.80621229
50.266987 2.80758418
50.365744 2.80895575
50.464500 2.81032707
50.563256 2.81169823
50.662013 2.81306927
50.760769 2.81443979
50.859525 2.81580565
50.958282 2.81716642
51.057038 2.81852212
51.155794 2.81987276
51.254551 2.82121834
51.353307 2.82255887
51.452064 2.82389436
51.550820 2.82522480
51.649576 2.82655020
51.748333 2.82787055
51.847089 2.82918587
51.945845 2.83049614
52.044602 2.83180138
52.143358 2.83310157
52.242114 2.83439673
52.340871 2.83568685
52.439627 2.83697194
52.538383 2.83825198
52.637140 2.83952699
52.735896 2.84079696
52.834653 2.84206189
52.933409 2.84332179
53.032165 2.84457665
53.130922 2.84582647
53.229678 2.84707125
53.328434 2.84831100
53.427191 2.84954571
53.525947 2.85077539
53.624703 2.85200002
53.723460 2.85321962
53.822216 2.85443418
53.920973 2.85564371
54.019729 2.85684820
54.118485 2.85804765
54.217242 2.85924207
54.315998 2.86043144
54.414754 2.86161579
54.513511 2.86279509
54.612267 2.86396936
54.711023 2.86513859
54.809780 2.86630278
54.908536 2.86746194
55.007292 2.86861606
55.106049 2.86976514
55.204805 2.87090919
55.303562 2.87204820
55.402318 2.87318217
55.501074 2.87431111
55.599831 2.87543501
55.698587 2.87655387
55.797343 2.87766769
55.896100 2.87877648
55.994856 2.87988023
56.093612 2.88097895
56.192369 2.88207263
56.291125 2.88316127
56.389882 2.88424487
56.488638 2.88532344
56.587394 2.88639697
56.686151 2.88746547
56.784907 2.88852892
56.883663 2.88958734
56.982420 2.89064073
57.081176 2.89168908
57.179932 2.89273239
57.278689 2.89377066
57.377445 2.89480390
57.476201 2.89583209
57.574958 2.89685526
57.673714 2.89787338
57.772471 2.89888647
57.871227 2.89989452
57.969983 2.90089754
58.068740 2.90189552
58.167496 2.90288846
58.266252 2.90387637
58.365009 2.90485923
58.463765 2.90583707
58.562521 2.90680986
58.661278 2.90777762
58.760034 2.90874034
58.858791 2.90969802
58.957547 2.91065067
59.056303 2.91159828
59.155060 2.91254085
59.253816 2.91347839
59.352572 2.91441089
59.451329 2.91533835
59.550085 2.91626078
59.648841 2.91717817
59.747598 2.91809052
59.846354 2.91899784
59.945110 2.91990012
60.043867 2.92079736
60.142623 2.92168956
60.241380 2.92257673
60.340136 2.92345886
60.438892 2.92433596
60.537649 2.92520802
60.636405 2.92607504
60.735161 2.92693702
60.833918 2.92779397
60.932674 2.92864588
61.031430 2.92949275
61.130187 2.93033459
61.228943 2.93117139
61.327700 2.93200315
61.426456 2.93282988
61.525212 2.93365157
61.623969 2.93446822
61.722725 2.93527984
61.821481 2.93608642
61.920238 2.93688796
62.018994 2.93768447
62.117750 2.93847594
62.216507 2.93926237
62.315263 2.94004376
62.414019 2.94082012
62.512776 2.94159144
62.611532 2.94235773
62.710289 2.94311897
62.809045 2.94387519
62.907801 2.94462636
63.006558 2.94537250
63.105314 2.94611360
63.204070 2.94684966
63.302827 2.94758069
63.401583 2.94830668
63.500339 2.94902763
63.599096 2.94974355
63.697852 2.95045443
63.796609 2.95116027
63.895365 2.95186108
63.994121 2.95255685
64.092878 2.95324758
64.191634 2.95393328
64.290390 2.95461394
64.389147 2.95528956
64.487903 2.95596015
64.586659 2.95662570
64.685416 2.95728621
64.784172 2.95794168
64.882928 2.95859212
64.981685 2.95923752
65.080441 2.95987789
65.179198 2.96051322
65.277954 2.96114351
65.376710 2.96176877
65.475467 2.96238899
65.574223 2.96300417
65.672979 2.96361431
65.771736 2.96421942
65.870492 2.96481949
65.969248 2.96541453
66.068005 2.96600453
66.166761 2.96658949
66.265518 2.96716941
66.364274 2.96774430
66.463030 2.96831416
66.561787 2.96887897
66.660543 2.96943875
66.759299 2.96999349
66.858056 2.97054320
66.956812 2.97108787
67.055568 2.97162750
67.154325 2.97216209
67.253081 2.97269165
67.351837 2.97321618
67.450594 2.97373566
67.549350 2.97425011
67.648107 2.97475952
67.746863 2.97526390
67.845619 2.97576324
67.944376 2.97625754
68.043132 2.97674681
68.141888 2.97723104
68.240645 2.97771023
68.339401 2.97818439
68.438157 2.97865351
68.536914 2.97911759
68.635670 2.97957664
68.734427 2.98003065
68.833183 2.98047963
68.931939 2.98092356
69.030696 2.98136247
69.129452 2.98179633
69.228208 2.98222516
69.326965 2.98264895
69.425721 2.98306771
69.524477 2.98348143
69.623234 2.98389011
69.721990 2.98429376
69.820746 2.98469237
69.919503 2.98508594
70.018259 2.98547448
70.117016 2.98585798
70.215772 2.98623644
70.314528 2.98660987
70.413285 2.98697827
70.512041 2.98734162
70.610797 2.98769994
70.709554 2.98805322
70.808310 2.98840147
70.907066 2.98874468
71.005823 2.98908285
71.104579 2.98941599
71.203336 2.98974409
71.302092 2.99006716
71.400848 2.99038519
71.499605 2.99069818
71.598361 2.99100613
71.697117 2.99130948
71.795874 2.99161240
71.894630 2.99191532
71.993386 2.99221824
72.092143 2.99252116
72.190899 2.99282408
72.289655 2.99312700
72.388412 2.99342994
72.487168 2.99373306
72.585925 2.99403580
