0.098756 1.65038660
0.197513 1.65038821
0.296269 1.65038645
0.395025 1.65038624
0.493782 1.65038623
0.592538 1.65038623
0.691295 1.65038623
0.790051 1.65038624
0.888807 1.65038625
0.987564 1.65038626
1.086320 1.65038629
1.185076 1.65038631
1.283833 1.65038635
1.382589 1.65038639
1.481345 1.65038644
1.580102 1.65038649
1.678858 1.65038656
1.777614 1.65038664
1.876371 1.65038672
1.975127 1.65038682
2.073884 1.65038693
2.172640 1.65038705
2.271396 1.65038718
2.370153 1.65038733
2.468909 1.65038749
2.567665 1.65038766
2.666422 1.65038785
2.765178 1.65038805
2.863934 1.65038827
2.962691 1.65038850
3.061447 1.65038876
3.160204 1.65038903
3.258960 1.65038932
3.357716 1.65038962
3.456473 1.65038995
3.555229 1.65039030
3.653985 1.65039067
3.752742 1.65039105
3.851498 1.65039147
3.950254 1.65039190
4.049011 1.65039236
4.147767 1.65039283
4.246523 1.65039334
4.345280 1.65039386
4.444036 1.65039442
4.542793 1.65039500
4.641549 1.65039560
4.740305 1.65039624
4.839062 1.65039690
4.937818 1.65039758
5.036574 1.65039831
5.135331 1.65039905
5.234087 1.65039983
5.332843 1.65040064
5.431600 1.65040148
5.530356 1.65040235
5.629113 1.65040325
5.727869 1.65040419
5.826625 1.65040516
5.925382 1.65040617
6.024138 1.65040721
6.122894 1.65040828
6.221651 1.65040940
6.320407 1.65041055
6.419163 1.65041174
6.517920 1.65041296
6.616676 1.65041423
6.715432 1.65041553
6.814189 1.65041687
6.912945 1.65041826
7.011702 1.65041968
7.110458 1.65042115
7.209214 1.65042266
7.307971 1.65042421
7.406727 1.65042581
7.505483 1.65042745
7.604240 1.65042913
7.702996 1.65043086
7.801752 1.65043264
7.900509 1.65043446
7.999265 1.65043633
8.098022 1.65043825
8.196778 1.65044022
8.295534 1.65044223
8.394291 1.65044430
8.493047 1.65044642
8.591803 1.65044858
8.690560 1.65045080
8.789316 1.65045307
8.888072 1.65045539
8.986829 1.65045777
9.085585 1.65046020
9.184341 1.65046268
9.283098 1.65046522
9.381854 1.65046781
9.480611 1.65047046
9.579367 1.65047317
9.678123 1.65047593
9.776880 1.65047875
9.875636 1.65048163
9.974392 1.65048457
10.073149 1.65048756
10.171905 1.65049062
10.270661 1.65049373
10.369418 1.65049691
10.468174 1.65050015
10.566931 1.65050344
10.665687 1.65050680
10.764443 1.65051023
10.863200 1.65051371
10.961956 1.65051726
11.060712 1.65052087
11.159469 1.65052454
11.258225 1.65052828
11.356981 1.65053208
11.455738 1.65053594
11.554494 1.65053987
11.653250 1.65054386
11.752007 1.65054792
11.850763 1.65055204
11.949520 1.65055622
12.048276 1.65056047
12.147032 1.65056478
12.245789 1.65056916
12.344545 1.65057360
12.443301 1.65057810
12.542058 1.65058266
12.640814 1.65058728
12.739570 1.65059196
12.838327 1.65059670
12.937083 1.65060149
13.035840 1.65060635
13.134596 1.65061124
13.233352 1.65061620
13.332109 1.65062119
13.430865 1.65062624
13.529621 1.65063131
13.628378 1.65063643
13.727134 1.65064157
13.825890 1.65064675
13.924647 1.65065193
14.023403 1.65065713
14.122159 1.65066232
14.220916 1.65066752
14.319672 1.65067267
14.418429 1.65067782
14.517185 1.65068289
14.615941 1.65068792
14.714698 1.65069285
14.813454 1.65069769
14.912210 1.65070238
15.010967 1.65070693
15.109723 1.65071128
15.208479 1.65071542
15.307236 1.65071927
15.405992 1.65072283
15.504749 1.65072601
15.603505 1.65072878
15.702261 1.65073104
15.801018 1.65073276
15.899774 1.65073380
15.998530 1.65073411
16.097287 1.65073355
16.196043 1.65073202
16.294799 1.65072935
16.393556 1.65072541
16.492312 1.65071999
16.591068 1.65071294
16.689825 1.65070396
16.788581 1.65069286
16.887338 1.65067929
16.986094 1.65066298
17.084850 1.65064350
17.183607 1.65062050
17.282363 1.65059345
17.381119 1.65056188
17.479876 1.65052513
17.578632 1.65048260
17.677388 1.65043349
17.776145 1.65037701
17.874901 1.65031215
17.973658 1.65023792
18.072414 1.65015307
18.171170 1.65005633
18.269927 1.64994615
18.368683 1.64982092
18.467439 1.64967870
18.566196 1.64951749
18.664952 1.64933487
18.763708 1.64912832
18.862465 1.64889486
18.961221 1.64863132
19.059977 1.64833401
19.158734 1.64799899
19.257490 1.64762170
19.356247 1.64719723
19.455003 1.64671997
19.553759 1.64618385
19.652516 1.64558194
19.751272 1.64490673
19.850028 1.64414974
19.948785 1.64330170
20.047541 1.64235221
20.146297 1.64128988
20.245054 1.64010199
20.343810 1.63877457
20.442567 1.63729207
20.541323 1.63563743
20.640079 1.63379168
20.738836 1.63173401
20.837592 1.62944136
20.936348 1.62688837
21.035105 1.62404706
21.133861 1.62088664
21.232617 1.61737319
21.331374 1.61346941
21.430130 1.60913426
21.528886 1.60432261
21.627643 1.59898484
21.726399 1.59306637
21.825156 1.58650717
21.923912 1.57924110
22.022668 1.57119526
22.121425 1.56228900
22.220181 1.55243304
22.318937 1.54152789
22.417694 1.52946242
22.516450 1.51611136
22.615206 1.50133280
22.713963 1.48496401
22.812719 1.46681698
22.911476 1.44667108
23.010232 1.42426486
23.108988 1.39928298
23.207745 1.37134066
23.306501 1.33995977
23.405257 1.30453928
23.504014 1.26431032
23.602770 1.21827951
23.701526 1.16514348
23.800283 1.10317921
23.899039 1.03008028
23.997795 0.94274386
24.096552 0.83695830
24.195308 0.70698978
24.294065 0.54500845
24.392821 0.34026888
24.491577 0.07816785
24.590334 -0.26127205
24.689090 -0.70334261
24.787846 -1.26606827
24.886603 -1.89127637
24.985359 -2.33756506
25.084115 -2.37859437
25.182872 -2.17378372
25.281628 -2.03938082
25.380385 -2.12645923
25.479141 -2.48786201
25.577897 -3.17726141
25.676654 -4.26656641
25.775410 -5.80767612
25.874166 -7.71864746
25.972923 -9.59963906
26.071679 -10.74767932
26.170435 -10.70506913
26.269192 -9.81411917
26.367948 -8.92300569
26.466704 -8.68761006
26.565461 -9.27707394
26.664217 -10.35300563
26.762974 -11.13202228
26.861730 -10.84055683
26.960486 -9.40215909
27.059243 -7.44308222
27.157999 -5.61938328
27.256755 -4.22884508
27.355512 -3.31035203
27.454268 -2.81896627
27.553024 -2.71204072
27.651781 -2.97942150
27.750537 -3.64782465
27.849294 -4.76849844
27.948050 -6.36889842
28.046806 -8.32591985
28.145563 -10.18405741
28.244319 -11.22129592
28.343075 -11.04589376
28.441832 -10.08739876
28.540588 -9.20786019
28.639344 -9.01897548
28.738101 -9.63843506
28.836857 -10.67588660
28.935613 -11.32002594
29.034370 -10.84867820
29.133126 -9.28322524
29.231883 -7.28837988
29.330639 -5.48738163
29.429395 -4.13830967
29.528152 -3.26228755
29.626908 -2.81107719
29.725664 -2.74396518
29.824421 -3.05424424
29.923177 -3.77163708
30.021933 -4.94748849
30.120690 -6.60026789
30.219446 -8.57738315
30.318203 -10.38006551
30.416959 -11.28555324
30.515715 -10.98206996
30.614472 -9.98219566
30.713228 -9.14985432
30.811984 -9.04603233
30.910741 -9.73302912
31.009497 -10.76531129
31.108253 -11.30671128
31.207010 -10.69285704
31.305766 -9.03983157
31.404522 -7.04109528
31.503279 -5.28375110
31.602035 -3.98891396
31.700792 -3.16279782
31.799548 -2.75537066
31.898304 -2.72869041
31.997061 -3.07999910
32.095817 -3.84220180
32.194573 -5.06642304
32.293330 -6.76080890
32.392086 -8.74117075
32.490842 -10.46719762
32.589599 -11.22488826
32.688355 -10.78880143
32.787112 -9.74718472
32.885868 -8.95585430
32.984624 -8.92193644
33.083381 -9.65116385
33.182137 -10.64245535
33.280893 -11.04110667
33.379650 -10.24883046
33.478406 -8.47372917
33.577162 -6.43007381
33.675919 -4.66926714
33.774675 -3.38338442
33.873431 -2.57308415
33.972188 -2.19457750
34.070944 -2.21755865
34.169701 -2.64328281
34.268457 -3.50317264
34.367213 -4.84051123
34.465970 -6.64439668
34.564726 -8.69131699
34.663482 -10.39815698
34.762239 -11.06748137
34.860995 -10.56506002
34.959751 -9.54838308
35.058508 -8.85884772
35.157264 -8.95021473
35.256021 -9.77338059
35.354777 -10.77459850
35.453533 -11.09014637
35.552290 -10.19680255
35.651046 -8.39017363
35.749802 -6.39399036
35.848559 -4.71637343
35.947315 -3.51273433
36.046071 -2.76599353
36.144828 -2.42482090
36.243584 -2.45709399
36.342340 -2.86721753
36.441097 -3.69283758
36.539853 -4.98151089
36.638610 -6.71426087
36.737366 -8.63573406
36.836122 -10.12870940
36.934879 -10.52482958
37.033635 -9.78560954
37.132391 -8.62909230
37.231148 -7.87403212
37.329904 -7.91858576
37.428660 -8.65701317
37.527417 -9.48306351
37.626173 -9.53025600
37.724929 -8.35262686
37.823686 -6.32126397
37.922442 -4.15656683
38.021199 -2.32545513
38.119955 -0.96221148
38.218711 -0.05227739
38.317468 0.44962080
38.416224 0.58672791
38.514980 0.41315294
38.613737 0.08096238
38.712493 -0.07732011
38.811249 0.17114494
38.910006 0.65111327
39.008762 1.10782437
39.107519 1.46321095
39.206275 1.72880689
39.305031 1.92659784
39.403788 2.07355281
39.502544 2.18204224
39.601300 2.26072886
39.700057 2.31564974
39.798813 2.35070026
39.897569 2.36838459
39.996326 2.37142997
40.095082 2.37028275
40.193838 2.36721480
40.292595 2.36065035
40.391351 2.35029984
40.490108 2.33617646
40.588864 2.31829580
40.687620 2.29666399
40.786377 2.27128238
40.885133 2.24214547
40.983889 2.20924883
41.082646 2.17256794
41.181402 2.13204664
41.280158 2.08761466
41.378915 2.03928897
41.477671 1.98740295
41.576428 1.93319966
41.675184 1.87957485
41.773940 1.83160054
41.872697 1.79614295
41.971453 1.78005656
42.070209 1.78750769
42.168966 1.81801156
42.267722 1.86656856
42.366478 1.92576929
42.465235 1.98834733
42.563991 2.04869363
42.662747 2.10294522
42.761504 2.14823954
42.860260 2.18176391
42.959017 2.19990423
43.057773 2.19766473
43.156529 2.16776250
43.255286 2.10029217
43.354042 1.98471552
43.452798 1.81852251
43.551555 1.62814964
43.650311 1.48147439
43.749067 1.45097278
43.847824 1.54642536
43.946580 1.70452877
44.045337 1.84959364
44.144093 1.94092947
44.242849 1.97017243
44.341606 1.94138303
44.440362 1.85939498
44.539118 1.72819045
44.637875 1.55552314
44.736631 1.36560921
44.835387 1.21107110
44.934144 1.14933514
45.032900 1.18437397
45.131656 1.25009388
45.230413 1.26138926
45.329169 1.16081562
45.427926 0.93441862
45.526682 0.63714146
45.625438 0.40886560
45.724195 0.39937703
45.822951 0.63392174
45.921707 0.99231835
46.020464 1.33030354
46.119220 1.57359263
46.217976 1.71168629
46.316733 1.75741903
46.415489 1.72287562
46.514246 1.61383674
46.613002 1.43023924
46.711758 1.16960387
46.810515 0.83972905
46.909271 0.48720929
47.008027 0.21673522
47.106784 0.13493437
47.205540 0.24914326
47.304296 0.48041419
47.403053 0.75553148
47.501809 1.01122998
47.600565 1.21332115
47.699322 1.39790054
47.798078 1.59904016
47.896835 1.79093567
47.995591 1.94542095
48.094347 2.06154081
48.193104 2.14795791
48.291860 2.21261786
48.390616 2.26132080
48.489373 2.29799088
48.588129 2.32525556
48.686885 2.34475931
48.785642 2.35758427
48.884398 2.36419348
48.983155 2.36643407
49.081911 2.36755524
49.180667 2.36845429
49.279424 2.36928415
49.378180 2.37008381
49.476936 2.37086787
49.575693 2.37164313
49.674449 2.37241316
49.773205 2.37317996
49.871962 2.37394471
49.970718 2.37470811
50.069474 2.37547064
50.168231 2.37623257
50.266987 2.37699410
50.365744 2.37775535
50.464500 2.37851641
50.563256 2.37927734
50.662013 2.38003817
50.760769 2.38079875
50.859525 2.38155738
50.958282 2.38231389
51.057038 2.38306830
51.155794 2.38382060
51.254551 2.38457081
51.353307 2.38531892
51.452064 2.38606495
51.550820 2.38680888
51.649576 2.38755073
51.748333 2.38829050
51.847089 2.38902818
51.945845 2.38976377
52.044602 2.39049728
52.143358 2.39122871
52.242114 2.39195805
52.340871 2.39268531
52.439627 2.39341048
52.538383 2.39413358
52.637140 2.39485459
52.735896 2.39557352
52.834653 2.39629036
52.933409 2.39700513
53.032165 2.39771781
53.130922 2.39842841
53.229678 2.39913692
53.328434 2.39984336
53.427191 2.40054771
53.525947 2.40124998
53.624703 2.40195016
53.723460 2.40264827
53.822216 2.40334429
53.920973 2.40403823
54.019729 2.40473009
54.118485 2.40541987
54.217242 2.40610756
54.315998 2.40679317
54.414754 2.40747670
54.513511 2.40815815
54.612267 2.40883752
54.711023 2.40951480
54.809780 2.41019000
54.908536 2.41086313
55.007292 2.41153416
55.106049 2.41220312
55.204805 2.41287000
55.303562 2.41353479
55.402318 2.41419750
55.501074 2.41485813
55.599831 2.41551668
55.698587 2.41617315
55.797343 2.41682753
55.896100 2.41747984
55.994856 2.41813006
56.093612 2.41877820
56.192369 2.41942426
56.291125 2.42006824
56.389882 2.42071014
56.488638 2.42134995
56.587394 2.42198768
56.686151 2.42262334
56.784907 2.42325691
56.883663 2.42388840
56.982420 2.42451780
57.081176 2.42514513
57.179932 2.42577037
57.278689 2.42639354
57.377445 2.42701462
57.476201 2.42763362
57.574958 2.42825054
57.673714 2.42886538
57.772471 2.42947814
57.871227 2.43008882
57.969983 2.43069741
58.068740 2.43130393
58.167496 2.43190836
58.266252 2.43251071
58.365009 2.43311098
58.463765 2.43370917
58.562521 2.43430528
58.661278 2.43489931
58.760034 2.43549125
58.858791 2.43608112
58.957547 2.43666890
59.056303 2.43725461
59.155060 2.43783823
59.253816 2.43841977
59.352572 2.43899923
59.451329 2.43957661
59.550085 2.44015191
59.648841 2.44072513
59.747598 2.44129627
59.846354 2.44186532
59.945110 2.44243230
60.043867 2.44299719
60.142623 2.44356001
60.241380 2.44412074
60.340136 2.44467939
60.438892 2.44523596
60.537649 2.44579046
60.636405 2.44634287
60.735161 2.44689319
60.833918 2.44744144
60.932674 2.44798761
61.031430 2.44853170
61.130187 2.44907370
61.228943 2.44961363
61.327700 2.45015147
61.426456 2.45068724
61.525212 2.45122092
61.623969 2.45175253
61.722725 2.45228205
61.821481 2.45280949
61.920238 2.45333485
62.018994 2.45385813
62.117750 2.45437933
62.216507 2.45489845
62.315263 2.45541549
62.414019 2.45593045
62.512776 2.45644332
62.611532 2.45695412
62.710289 2.45746284
62.809045 2.45796947
62.907801 2.45847403
63.006558 2.45897650
63.105314 2.45947690
63.204070 2.45997521
63.302827 2.46047144
63.401583 2.46096560
63.500339 2.46145767
63.599096 2.46194766
63.697852 2.46243557
63.796609 2.46292140
63.895365 2.46340515
63.994121 2.46388682
64.092878 2.46436641
64.191634 2.46484392
64.290390 2.46531935
64.389147 2.46579270
64.487903 2.46626396
64.586659 2.46673315
64.685416 2.46720026
64.784172 2.46766528
64.882928 2.46812823
64.981685 2.46858909
65.080441 2.46904788
65.179198 2.46950458
65.277954 2.46995921
65.376710 2.47041175
65.475467 2.47086221
65.574223 2.47131059
65.672979 2.47175690
65.771736 2.47220112
65.870492 2.47264326
65.969248 2.47308332
66.068005 2.47352130
66.166761 2.47395720
66.265518 2.47439102
66.364274 2.47482276
66.463030 2.47525242
66.561787 2.47568000
66.660543 2.47610550
66.759299 2.47652891
66.858056 2.47695025
66.956812 2.47736951
67.055568 2.47778668
67.154325 2.47820178
67.253081 2.47861479
67.351837 2.47902573
67.450594 2.47943458
67.549350 2.47984136
67.648107 2.48024605
67.746863 2.48064867
67.845619 2.48104920
67.944376 2.48144765
68.043132 2.48184403
68.141888 2.48223832
68.240645 2.48263053
68.339401 2.48302066
68.438157 2.48340871
68.536914 2.48379468
68.635670 2.48417857
68.734427 2.48456038
68.833183 2.48494011
68.931939 2.48531776
69.030696 2.48569333
69.129452 2.48606682
69.228208 2.48643822
69.326965 2.48680755
69.425721 2.48717480
69.524477 2.48753996
69.623234 2.48790305
69.721990 2.48826406
69.820746 2.48862298
69.919503 2.48897983
70.018259 2.48933459
70.117016 2.48968727
70.215772 2.49003788
70.314528 2.49038640
70.413285 2.49073284
70.512041 2.49107720
70.610797 2.49141949
70.709554 2.49175969
70.808310 2.49209781
70.907066 2.49243385
71.005823 2.49276781
71.104579 2.49309969
71.203336 2.49342949
71.302092 2.49375721
71.400848 2.49408284
71.499605 2.49440640
71.598361 2.49472788
71.697117 2.49504745
71.795874 2.49536685
71.894630 2.49568624
71.993386 2.49600564
72.092143 2.49632504
72.190899 2.49664443
72.289655 2.49696383
72.388412 2.49728325
72.487168 2.49760288
72.585925 2.49792207
