0.098756 1.64517636
0.197513 1.64518009
0.296269 1.64517609
0.395025 1.64517568
0.493782 1.64517572
0.592538 1.64517578
0.691295 1.64517583
0.790051 1.64517589
0.888807 1.64517595
0.987564 1.64517602
1.086320 1.64517609
1.185076 1.64517616
1.283833 1.64517624
1.382589 1.64517632
1.481345 1.64517641
1.580102 1.64517651
1.678858 1.64517661
1.777614 1.64517672
1.876371 1.64517684
1.975127 1.64517696
2.073884 1.64517709
2.172640 1.64517723
2.271396 1.64517738
2.370153 1.64517754
2.468909 1.64517771
2.567665 1.64517789
2.666422 1.64517808
2.765178 1.64517828
2.863934 1.64517849
2.962691 1.64517872
3.061447 1.64517895
3.160204 1.64517920
3.258960 1.64517946
3.357716 1.64517973
3.456473 1.64518002
3.555229 1.64518032
3.653985 1.64518064
3.752742 1.64518097
3.851498 1.64518131
3.950254 1.64518167
4.049011 1.64518204
4.147767 1.64518244
4.246523 1.64518284
4.345280 1.64518327
4.444036 1.64518371
4.542793 1.64518417
4.641549 1.64518464
4.740305 1.64518514
4.839062 1.64518565
4.937818 1.64518618
5.036574 1.64518673
5.135331 1.64518730
5.234087 1.64518788
5.332843 1.64518849
5.431600 1.64518912
5.530356 1.64518977
5.629113 1.64519043
5.727869 1.64519112
5.826625 1.64519183
5.925382 1.64519256
6.024138 1.64519331
6.122894 1.64519409
6.221651 1.64519488
6.320407 1.64519571
6.419163 1.64519654
6.517920 1.64519741
6.616676 1.64519829
6.715432 1.64519921
6.814189 1.64520014
6.912945 1.64520110
7.011702 1.64520207
7.110458 1.64520308
7.209214 1.64520411
7.307971 1.64520516
7.406727 1.64520624
7.505483 1.64520734
7.604240 1.64520847
7.702996 1.64520962
7.801752 1.64521080
7.900509 1.64521200
7.999265 1.64521323
8.098022 1.64521449
8.196778 1.64521576
8.295534 1.64521707
8.394291 1.64521840
8.493047 1.64521976
8.591803 1.64522114
8.690560 1.64522255
8.789316 1.64522398
8.888072 1.64522545
8.986829 1.64522693
9.085585 1.64522845
9.184341 1.64522999
9.283098 1.64523156
9.381854 1.64523315
9.480611 1.64523478
9.579367 1.64523642
9.678123 1.64523810
9.776880 1.64523980
9.875636 1.64524153
9.974392 1.64524328
10.073149 1.64524506
10.171905 1.64524686
10.270661 1.64524870
10.369418 1.64525056
10.468174 1.64525245
10.566931 1.64525435
10.665687 1.64525629
10.764443 1.64525825
10.863200 1.64526025
10.961956 1.64526226
11.060712 1.64526430
11.159469 1.64526636
11.258225 1.64526845
11.356981 1.64527056
11.455738 1.64527270
11.554494 1.64527486
11.653250 1.64527705
11.752007 1.64527925
11.850763 1.64528148
11.949520 1.64528372
12.048276 1.64528600
12.147032 1.64528828
12.245789 1.64529060
12.344545 1.64529292
12.443301 1.64529526
12.542058 1.64529761
12.640814 1.64529999
12.739570 1.64530237
12.838327 1.64530476
12.937083 1.64530716
13.035840 1.64530957
13.134596 1.64531197
13.233352 1.64531438
13.332109 1.64531678
13.430865 1.64531919
13.529621 1.64532156
13.628378 1.64532394
13.727134 1.64532628
13.825890 1.64532860
13.924647 1.64533087
14.023403 1.64533311
14.122159 1.64533529
14.220916 1.64533741
14.319672 1.64533944
14.418429 1.64534140
14.517185 1.64534324
14.615941 1.64534497
14.714698 1.64534655
14.813454 1.64534797
14.912210 1.64534919
15.010967 1.64535021
15.109723 1.64535096
15.208479 1.64535144
15.307236 1.64535159
15.405992 1.64535137
15.504749 1.64535071
15.603505 1.64534957
15.702261 1.64534788
15.801018 1.64534556
15.899774 1.64534251
15.998530 1.64533866
16.097287 1.64533387
16.196043 1.64532804
16.294799 1.64532102
16.393556 1.64531265
16.492312 1.64530274
16.591068 1.64529111
16.689825 1.64527751
16.788581 1.64526169
16.887338 1.64524336
16.986094 1.64522219
17.084850 1.64519782
17.183607 1.64516982
17.282363 1.64513772
17.381119 1.64510102
17.479876 1.64505909
17.578632 1.64501130
17.677388 1.64495688
17.776145 1.64489500
17.874901 1.64482472
17.973658 1.64474498
18.072414 1.64465459
18.171170 1.64455224
18.269927 1.64443644
18.368683 1.64430552
18.467439 1.64415763
18.566196 1.64399069
18.664952 1.64380239
18.763708 1.64359013
18.862465 1.64335102
18.961221 1.64308185
19.059977 1.64277903
19.158734 1.64243855
19.257490 1.64205598
19.356247 1.64162636
19.455003 1.64114419
19.553759 1.64060338
19.652516 1.63999712
19.751272 1.63931791
19.850028 1.63855738
19.948785 1.63770629
20.047541 1.63675440
20.146297 1.63569034
20.245054 1.63450158
20.343810 1.63317422
20.442567 1.63169291
20.541323 1.63004070
20.640079 1.62819887
20.738836 1.62614675
20.837592 1.62386156
20.936348 1.62131816
21.035105 1.61848889
21.133861 1.61534325
21.232617 1.61184769
21.331374 1.60796528
21.430130 1.60365543
21.528886 1.59887345
21.627643 1.59357025
21.726399 1.58769178
21.825156 1.58117864
21.923912 1.57396530
22.022668 1.56597956
22.121425 1.55714152
22.220181 1.54736266
22.318937 1.53654431
22.417694 1.52457620
22.516450 1.51133394
22.615206 1.49667654
22.713963 1.48044223
22.812719 1.46244391
22.911476 1.44246198
23.010232 1.42023591
23.108988 1.39545137
23.207745 1.36772453
23.306501 1.33657826
23.405257 1.30141244
23.504014 1.26145920
23.602770 1.21572608
23.701526 1.16291075
23.800283 1.10129121
23.899039 1.02856230
23.997795 0.94162254
24.096552 0.83626207
24.195308 0.70674928
24.294065 0.54525723
24.392821 0.34104429
24.491577 0.07951211
24.590334 -0.25931055
24.689090 -0.70070795
24.787846 -1.26269631
24.886603 -1.88709419
24.985359 -2.33249377
25.084115 -2.37466354
25.182872 -2.17088027
25.281628 -2.03737432
25.380385 -2.12518914
25.479141 -2.48715948
25.577897 -3.17698362
25.676654 -4.26661997
25.775410 -5.80802154
25.874166 -7.71928512
25.972923 -9.60057656
26.071679 -10.74890439
26.170435 -10.70654756
26.269192 -9.81581048
26.367948 -8.92487566
26.466704 -8.68963537
26.565461 -9.27924351
26.664217 -10.35531857
26.762974 -11.13448424
26.861730 -10.84317583
26.960486 -9.40494124
27.059243 -7.44603342
27.157999 -5.62251732
27.256755 -4.23218903
27.355512 -3.31393555
27.454268 -2.82279901
27.553024 -2.71609510
27.651781 -2.98363044
27.750537 -3.65209746
27.849294 -4.77274827
27.948050 -6.37306483
28.046806 -8.32997497
28.145563 -10.18799504
28.244319 -11.22511895
28.343075 -11.04960958
28.441832 -10.09101862
28.540588 -9.21140052
28.639344 -9.02245784
28.738101 -9.64188724
28.836857 -10.67934267
28.935613 -11.32352446
29.034370 -10.85225979
29.133126 -9.28692679
29.231883 -7.29223530
29.330639 -5.49142869
29.429395 -4.14259391
29.528152 -3.26684924
29.626908 -2.81592815
29.725664 -2.74907256
29.824421 -3.05953019
29.923177 -3.77699575
30.021933 -4.95281319
30.120690 -6.60547146
30.219446 -8.58240197
30.318203 -10.38484878
30.416959 -11.29005417
30.515715 -10.98625100
30.614472 -9.98604204
30.713228 -9.15338327
30.811984 -9.04929274
30.910741 -9.73610067
31.009497 -10.76830404
31.108253 -11.30976008
31.207010 -10.69610498
31.305766 -9.04340071
31.404522 -7.04507198
31.503279 -5.28819272
31.602035 -3.99385806
31.700792 -3.16825297
31.799548 -2.76129880
31.898304 -2.73499715
31.997061 -3.08653855
32.095817 -3.84879566
32.194573 -5.07288763
32.293330 -6.76697596
32.392086 -8.74689505
32.490842 -10.47235405
32.589599 -11.22937453
32.688355 -10.79256558
32.787112 -9.75026346
32.885868 -8.95837669
32.984624 -8.92409370
33.083381 -9.65317924
33.182137 -10.64455649
33.280893 -11.04349785
33.379650 -10.25166430
33.478406 -8.47708937
33.577162 -6.43398366
33.675919 -4.67370177
33.774675 -3.38826918
33.873431 -2.57828100
33.972188 -2.19987224
34.070944 -2.22266339
34.169701 -2.64785775
34.268457 -3.50686726
34.367213 -4.84301938
34.465970 -6.64551347
34.564726 -8.69098101
34.663482 -10.39646729
34.762239 -11.06469580
34.860995 -10.56156930
34.959751 -9.54465838
35.058508 -8.85534724
35.157264 -8.94726151
35.256021 -9.77106436
35.354777 -10.77268116
35.453533 -11.08803182
35.552290 -10.19368747
35.651046 -8.38533729
35.749802 -6.38701753
35.848559 -4.70715219
35.947315 -3.50133699
36.046071 -2.75260167
36.144828 -2.40968355
36.243584 -2.44049876
36.342340 -2.84950611
36.441097 -3.67447577
36.539853 -4.96320144
36.638610 -6.69711290
36.737366 -8.62145542
36.836122 -10.11972629
36.934879 -10.52424838
37.033635 -9.79694874
37.132391 -8.65591205
37.231148 -7.91958502
37.329904 -7.98545478
37.428660 -8.74672943
37.527417 -9.59536917
37.626173 -9.66205140
37.724929 -8.49710421
37.823686 -6.46732405
37.922442 -4.28869767
38.021199 -2.42480805
38.119955 -1.00947075
38.218711 -0.03160359
38.317468 0.54793760
38.416224 0.76620987
38.514980 0.67274880
38.613737 0.41719989
38.712493 0.33156961
38.811249 0.64903901
38.910006 1.19493939
39.008762 1.71482724
39.107519 2.13074193
39.206275 2.45392583
39.305031 2.70555276
39.403788 2.90155930
39.502544 3.05323139
39.601300 3.16771020
39.700057 3.24967511
39.798813 3.30340470
39.897569 3.33204938
39.996326 3.34025305
40.095082 3.34285839
40.193838 3.34456956
40.292595 3.34602305
40.391351 3.34736430
40.490108 3.34864685
40.588864 3.34989578
40.687620 3.35112430
40.786377 3.35233991
40.885133 3.35354711
40.983889 3.35474872
41.082646 3.35594660
41.181402 3.35714200
41.280158 3.35833582
41.378915 3.35952881
41.477671 3.36072168
41.576428 3.36191529
41.675184 3.36311096
41.773940 3.36431107
41.872697 3.36552050
41.971453 3.36675165
42.070209 3.36804701
42.168966 3.36959492
42.267722 3.37211864
42.366478 3.37558758
42.465235 3.37955291
42.563991 3.38329668
42.662747 3.38573040
42.761504 3.38522847
42.860260 3.37936762
42.959017 3.36455768
43.057773 3.33557265
43.156529 3.28468096
43.255286 3.20127207
43.354042 3.07396069
43.452798 2.89927836
43.551555 2.70281311
43.650311 2.55191468
43.749067 2.51879679
43.847824 2.61304295
43.946580 2.77104841
44.045337 2.91675867
44.144093 3.00916747
44.242849 3.03962852
44.341606 3.01192568
44.440362 2.93063940
44.539118 2.79956285
44.637875 2.62636044
44.736631 2.43530758
44.835387 2.27925936
44.934144 2.21596560
45.032900 2.24971338
45.131656 2.31463811
45.230413 2.32572110
45.329169 2.22545228
45.427926 1.99967816
45.526682 1.70307250
45.625438 1.47524061
45.724195 1.46578222
45.822951 1.69997028
45.921707 2.05780175
46.020464 2.39518404
46.119220 2.63792485
46.217976 2.77553545
46.316733 2.82082319
46.415489 2.78584438
46.514246 2.67635276
46.613002 2.49226552
46.711758 2.23110693
46.810515 1.90071165
46.909271 1.54774724
47.008027 1.27701605
47.106784 1.19523635
47.205540 1.30974136
47.304296 1.54149740
47.403053 1.81717002
47.501809 2.07338224
47.600565 2.27585918
47.699322 2.46063376
47.798078 2.66174588
47.896835 2.85339305
47.995591 3.00743710
48.094347 3.12296525
48.193104 3.20869192
48.291860 3.27261678
48.390616 3.32059389
48.489373 3.35660301
48.588129 3.38332861
48.686885 3.40247638
48.785642 3.41517655
48.884398 3.42193425
48.983155 3.42453179
49.081911 3.42606599
49.180667 3.42738807
49.279424 3.42864304
49.378180 3.42986812
49.476936 3.43107746
49.575693 3.43227776
49.674449 3.43347259
49.773205 3.43466398
49.871962 3.43585316
49.970718 3.43704088
50.069474 3.43822763
50.168231 3.43941371
50.266987 3.44059934
50.365744 3.44178465
50.464500 3.44296974
50.563256 3.44415467
50.662013 3.44533949
50.760769 3.44652386
50.859525 3.44770425
50.958282 3.44888033
51.057038 3.45005210
51.155794 3.45121956
51.254551 3.45238272
51.353307 3.45354159
51.452064 3.45469618
51.550820 3.45584647
51.649576 3.45699248
51.748333 3.45813421
51.847089 3.45927165
51.945845 3.46040482
52.044602 3.46153370
52.143358 3.46265830
52.242114 3.46377861
52.340871 3.46489465
52.439627 3.46600641
52.538383 3.46711389
52.637140 3.46821708
52.735896 3.46931600
52.834653 3.47041064
52.933409 3.47150099
53.032165 3.47258707
53.130922 3.47366887
53.229678 3.47474639
53.328434 3.47581963
53.427191 3.47688859
53.525947 3.47795327
53.624703 3.47901367
53.723460 3.48006979
53.822216 3.48112163
53.920973 3.48216920
54.019729 3.48321248
54.118485 3.48425149
54.217242 3.48528621
54.315998 3.48631666
54.414754 3.48734283
54.513511 3.48836472
54.612267 3.48938233
54.711023 3.49039566
54.809780 3.49140471
54.908536 3.49240948
55.007292 3.49340998
55.106049 3.49440619
55.204805 3.49539813
55.303562 3.49638578
55.402318 3.49736916
55.501074 3.49834826
55.599831 3.49932309
55.698587 3.50029363
55.797343 3.50125989
55.896100 3.50222188
55.994856 3.50317959
56.093612 3.50413301
56.192369 3.50508216
56.291125 3.50602704
56.389882 3.50696763
56.488638 3.50790395
56.587394 3.50883598
56.686151 3.50976374
56.784907 3.51068722
56.883663 3.51160642
56.982420 3.51252135
57.081176 3.51343199
57.179932 3.51433836
57.278689 3.51524045
57.377445 3.51613826
57.476201 3.51703179
57.574958 3.51792104
57.673714 3.51880602
57.772471 3.51968672
57.871227 3.52056314
57.969983 3.52143528
58.068740 3.52230315
58.167496 3.52316673
58.266252 3.52402604
58.365009 3.52488107
58.463765 3.52573183
58.562521 3.52657830
58.661278 3.52742050
58.760034 3.52825842
58.858791 3.52909206
58.957547 3.52992142
59.056303 3.53074651
59.155060 3.53156732
59.253816 3.53238385
59.352572 3.53319610
59.451329 3.53400408
59.550085 3.53480778
59.648841 3.53560720
59.747598 3.53640234
59.846354 3.53719321
59.945110 3.53797979
60.043867 3.53876211
60.142623 3.53954014
60.241380 3.54031389
60.340136 3.54108337
60.438892 3.54184857
60.537649 3.54260950
60.636405 3.54336614
60.735161 3.54411851
60.833918 3.54486660
60.932674 3.54561042
61.031430 3.54634995
61.130187 3.54708521
61.228943 3.54781619
61.327700 3.54854290
61.426456 3.54926533
61.525212 3.54998348
61.623969 3.55069735
61.722725 3.55140695
61.821481 3.55211227
61.920238 3.55281331
62.018994 3.55351007
62.117750 3.55420256
62.216507 3.55489077
62.315263 3.55557470
62.414019 3.55625436
62.512776 3.55692974
62.611532 3.55760084
62.710289 3.55826766
62.809045 3.55893021
62.907801 3.55958848
63.006558 3.56024248
63.105314 3.56089219
63.204070 3.56153763
63.302827 3.56217880
63.401583 3.56281568
63.500339 3.56344829
63.599096 3.56407662
63.697852 3.56470068
63.796609 3.56532046
63.895365 3.56593596
63.994121 3.56654718
64.092878 3.56715413
64.191634 3.56775680
64.290390 3.56835519
64.389147 3.56894931
64.487903 3.56953915
64.586659 3.57012471
64.685416 3.57070599
64.784172 3.57128300
64.882928 3.57185573
64.981685 3.57242419
65.080441 3.57298837
65.179198 3.57354827
65.277954 3.57410389
65.376710 3.57465524
65.475467 3.57520231
65.574223 3.57574510
65.672979 3.57628362
65.771736 3.57681786
65.870492 3.57734782
65.969248 3.57787351
66.068005 3.57839492
66.166761 3.57891205
66.265518 3.57942491
66.364274 3.57993349
66.463030 3.58043779
66.561787 3.58093782
66.660543 3.58143356
66.759299 3.58192504
66.858056 3.58241223
66.956812 3.58289515
67.055568 3.58337379
67.154325 3.58384815
67.253081 3.58431824
67.351837 3.58478405
67.450594 3.58524559
67.549350 3.58570284
67.648107 3.58615582
67.746863 3.58660453
67.845619 3.58704895
67.944376 3.58748910
68.043132 3.58792498
68.141888 3.58835657
68.240645 3.58878389
68.339401 3.58920693
68.438157 3.58962570
68.536914 3.59004019
68.635670 3.59045040
68.734427 3.59085633
68.833183 3.59125799
68.931939 3.59165537
69.030696 3.59204848
69.129452 3.59243731
69.228208 3.59282186
69.326965 3.59320213
69.425721 3.59357813
69.524477 3.59394985
69.623234 3.59431729
69.721990 3.59468046
69.820746 3.59503935
69.919503 3.59539396
70.018259 3.59574430
70.117016 3.59609035
70.215772 3.59643214
70.314528 3.59676964
70.413285 3.59710287
70.512041 3.59743182
70.610797 3.59775650
70.709554 3.59807689
70.808310 3.59839301
70.907066 3.59870486
71.005823 3.59901242
71.104579 3.59931571
71.203336 3.59961473
71.302092 3.59990946
71.400848 3.60019992
71.499605 3.60048610
71.598361 3.60076800
71.697117 3.60104600
71.795874 3.60132363
71.894630 3.60160125
71.993386 3.60187888
72.092143 3.60215651
72.190899 3.60243413
72.289655 3.60271176
72.388412 3.60298941
72.487168 3.60326721
72.585925 3.60354468
