0.098756 1.65310529
0.197513 1.65310656
0.296269 1.65310526
0.395025 1.65310513
0.493782 1.65310515
0.592538 1.65310518
0.691295 1.65310521
0.790051 1.65310524
0.888807 1.65310527
0.987564 1.65310531
1.086320 1.65310534
1.185076 1.65310537
1.283833 1.65310540
1.382589 1.65310544
1.481345 1.65310547
1.580102 1.65310551
1.678858 1.65310555
1.777614 1.65310559
1.876371 1.65310563
1.975127 1.65310567
2.073884 1.65310571
2.172640 1.65310575
2.271396 1.65310580
2.370153 1.65310584
2.468909 1.65310589
2.567665 1.65310594
2.666422 1.65310599
2.765178 1.65310605
2.863934 1.65310610
2.962691 1.65310616
3.061447 1.65310622
3.160204 1.65310628
3.258960 1.65310635
3.357716 1.65310641
3.456473 1.65310648
3.555229 1.65310655
3.653985 1.65310663
3.752742 1.65310670
3.851498 1.65310678
3.950254 1.65310686
4.049011 1.65310695
4.147767 1.65310703
4.246523 1.65310713
4.345280 1.65310722
4.444036 1.65310731
4.542793 1.65310741
4.641549 1.65310752
4.740305 1.65310762
4.839062 1.65310773
4.937818 1.65310784
5.036574 1.65310796
5.135331 1.65310808
5.234087 1.65310821
5.332843 1.65310833
5.431600 1.65310847
5.530356 1.65310860
5.629113 1.65310874
5.727869 1.65310888
5.826625 1.65310903
5.925382 1.65310919
6.024138 1.65310934
6.122894 1.65310950
6.221651 1.65310967
6.320407 1.65310984
6.419163 1.65311002
6.517920 1.65311020
6.616676 1.65311038
6.715432 1.65311057
6.814189 1.65311077
6.912945 1.65311097
7.011702 1.65311117
7.110458 1.65311138
7.209214 1.65311160
7.307971 1.65311182
7.406727 1.65311205
7.505483 1.65311228
7.604240 1.65311252
7.702996 1.65311277
7.801752 1.65311302
7.900509 1.65311328
7.999265 1.65311354
8.098022 1.65311381
8.196778 1.65311409
8.295534 1.65311437
8.394291 1.65311466
8.493047 1.65311495
8.591803 1.65311526
8.690560 1.65311556
8.789316 1.65311588
8.888072 1.65311620
8.986829 1.65311653
9.085585 1.65311687
9.184341 1.65311721
9.283098 1.65311757
9.381854 1.65311792
9.480611 1.65311829
9.579367 1.65311866
9.678123 1.65311905
9.776880 1.65311943
9.875636 1.65311983
9.974392 1.65312024
10.073149 1.65312065
10.171905 1.65312107
10.270661 1.65312150
10.369418 1.65312193
10.468174 1.65312237
10.566931 1.65312283
10.665687 1.65312329
10.764443 1.65312375
10.863200 1.65312423
10.961956 1.65312471
11.060712 1.65312521
11.159469 1.65312570
11.258225 1.65312621
11.356981 1.65312673
11.455738 1.65312725
11.554494 1.65312778
11.653250 1.65312831
11.752007 1.65312885
11.850763 1.65312940
11.949520 1.65312996
12.048276 1.65313052
12.147032 1.65313108
12.245789 1.65313165
12.344545 1.65313222
12.443301 1.65313279
12.542058 1.65313337
12.640814 1.65313394
12.739570 1.65313452
12.838327 1.65313509
12.937083 1.65313565
13.035840 1.65313621
13.134596 1.65313676
13.233352 1.65313730
13.332109 1.65313782
13.430865 1.65313833
13.529621 1.65313881
13.628378 1.65313926
13.727134 1.65313968
13.825890 1.65314007
13.924647 1.65314040
14.023403 1.65314069
14.122159 1.65314091
14.220916 1.65314106
14.319672 1.65314112
14.418429 1.65314109
14.517185 1.65314095
14.615941 1.65314068
14.714698 1.65314026
14.813454 1.65313968
14.912210 1.65313889
15.010967 1.65313789
15.109723 1.65313663
15.208479 1.65313509
15.307236 1.65313321
15.405992 1.65313096
15.504749 1.65312828
15.603505 1.65312511
15.702261 1.65312139
15.801018 1.65311703
15.899774 1.65311196
15.998530 1.65310608
16.097287 1.65309926
16.196043 1.65309140
16.294799 1.65308235
16.393556 1.65307196
16.492312 1.65306003
16.591068 1.65304637
16.689825 1.65303075
16.788581 1.65301292
16.887338 1.65299257
16.986094 1.65296939
17.084850 1.65294299
17.183607 1.65291298
17.282363 1.65287887
17.381119 1.65284014
17.479876 1.65279619
17.578632 1.65274635
17.677388 1.65268988
17.776145 1.65262594
17.874901 1.65255357
17.973658 1.65247172
18.072414 1.65237919
18.171170 1.65227466
18.269927 1.65215662
18.368683 1.65202341
18.467439 1.65187315
18.566196 1.65170376
18.664952 1.65151289
18.763708 1.65129795
18.862465 1.65105601
18.961221 1.65078384
19.059977 1.65047781
19.158734 1.65013388
19.257490 1.64974759
19.356247 1.64931392
19.455003 1.64882733
19.553759 1.64828166
19.652516 1.64767004
19.751272 1.64698489
19.850028 1.64621776
19.948785 1.64535930
20.047541 1.64439917
20.146297 1.64332587
20.245054 1.64212673
20.343810 1.64078769
20.442567 1.63929323
20.541323 1.63762619
20.640079 1.63576763
20.738836 1.63369662
20.837592 1.63139011
20.936348 1.62882265
21.035105 1.62596624
21.133861 1.62278997
21.232617 1.61925990
21.331374 1.61533862
21.430130 1.61098501
21.528886 1.60615382
21.627643 1.60079537
21.726399 1.59485492
21.825156 1.58827234
21.923912 1.58098133
22.022668 1.57290885
22.121425 1.56397410
22.220181 1.55408763
22.318937 1.54314978
22.417694 1.53104922
22.516450 1.51766050
22.615206 1.50284150
22.713963 1.48642931
22.812719 1.46823566
22.911476 1.44803977
23.010232 1.42557991
23.108988 1.40054059
23.207745 1.37253677
23.306501 1.34109018
23.405257 1.30559955
23.504014 1.26529589
23.602770 1.21918558
23.701526 1.16596518
23.800283 1.10391147
23.899039 1.03071796
23.997795 0.94328164
24.096552 0.83739076
24.195308 0.70731127
24.294065 0.54521313
24.392821 0.34035052
24.491577 0.07811986
24.590334 -0.26145711
24.689090 -0.70367294
24.787846 -1.26655370
24.886603 -1.89192781
24.985359 -2.33839533
25.084115 -2.37923032
25.182872 -2.17424689
25.281628 -2.03969640
25.380385 -2.12665984
25.479141 -2.48798270
25.577897 -3.17733464
25.676654 -4.26661672
25.775410 -5.80771940
25.874166 -7.71869124
25.972923 -9.59968788
26.071679 -10.74773736
26.170435 -10.70514123
26.269192 -9.81420688
26.367948 -8.92310593
26.466704 -8.68771350
26.565461 -9.27716533
26.664217 -10.35306403
26.762974 -11.13202134
26.861730 -10.84046957
26.960486 -9.40196147
27.059243 -7.44275912
27.157999 -5.61892629
27.256755 -4.22825112
27.355512 -3.30962342
27.454268 -2.81811349
27.553024 -2.71108415
27.651781 -2.97839126
27.750537 -3.64675666
27.849294 -4.76742926
27.948050 -6.36785932
28.046806 -8.32493527
28.145563 -10.18314452
28.244319 -11.22046551
28.343075 -11.04514836
28.441832 -10.08673021
28.540588 -9.20724944
28.639344 -9.01839456
28.738101 -9.63784917
28.836857 -10.67525756
28.935613 -11.31931477
29.034370 -10.84785122
29.133126 -9.28225717
29.231883 -7.28725720
29.330639 -5.48609975
29.429395 -4.13687148
29.528152 -3.26070341
29.626908 -2.80936775
29.725664 -2.74216243
29.824421 -3.05239023
29.923177 -3.76977891
30.021933 -4.94567165
30.120690 -6.59852994
30.219446 -8.57575052
30.318203 -10.37855281
30.416959 -11.28416224
30.515715 -10.98078953
30.614472 -9.98100207
30.713228 -9.14871497
30.811984 -9.04490901
30.910741 -9.73188273
31.009497 -10.76410535
31.108253 -11.30541586
31.207010 -10.69145202
31.305766 -9.03830719
31.404522 -7.03945067
31.503279 -5.28199177
31.602035 -3.98705111
31.700792 -3.16085010
31.799548 -2.75336732
31.898304 -2.72667265
31.997061 -3.07801872
32.095817 -3.84031693
32.194573 -5.06469234
32.293330 -6.75928560
32.392086 -8.73989864
32.490842 -10.46620939
32.589599 -11.22420289
32.688355 -10.78841984
32.787112 -9.74708191
32.885868 -8.95598288
32.984624 -8.92223575
33.083381 -9.65157115
33.182137 -10.64291255
33.280893 -11.04156781
33.379650 -10.24926651
33.478406 -8.47412905
33.577162 -6.43043911
33.675919 -4.66960941
33.774675 -3.38372825
33.873431 -2.57347255
33.972188 -2.19507603
34.070944 -2.21825605
34.169701 -2.64428713
34.268457 -3.50460282
34.367213 -4.84248534
34.465970 -6.64701655
34.564726 -8.69465481
34.663482 -10.40224704
34.762239 -11.07231630
34.860995 -10.57059109
34.959751 -9.55452593
35.058508 -8.86550916
35.157264 -8.95733415
35.256021 -9.78096355
35.354777 -10.78274635
35.453533 -11.09906486
35.552290 -10.20676131
35.651046 -8.40142178
35.749802 -6.40669442
35.848559 -4.73061800
35.947315 -3.52856400
36.046071 -2.78344558
36.144828 -2.44395142
36.243584 -2.47799216
36.342340 -2.89000441
36.441097 -3.71765298
36.539853 -5.00849240
36.638610 -6.74350915
36.737366 -8.66727133
36.836122 -10.16245251
36.934879 -10.56059627
37.033635 -9.82317471
37.132391 -8.66827254
37.231148 -7.91476829
37.329904 -7.96102479
37.428660 -8.70156436
37.527417 -9.53044002
37.626173 -9.58144573
37.724929 -8.40869285
37.823686 -6.38305358
37.922442 -4.22452426
38.021199 -2.39963362
38.119955 -1.04239219
38.218711 -0.13806950
38.317468 0.35867841
38.416224 0.49105697
38.514980 0.31309565
38.613737 -0.02322363
38.712493 -0.18547003
38.811249 0.05912973
38.910006 0.53529229
39.008762 0.98826567
39.107519 1.34001060
39.206275 1.60213028
39.305031 1.79672031
39.403788 1.94082688
39.502544 2.04684872
39.601300 2.12345385
39.700057 2.17668752
39.798813 2.21046232
39.897569 2.22729814
39.996326 2.22990076
40.095082 2.22844172
40.193838 2.22508383
40.292595 2.21823187
40.391351 2.20759210
40.490108 2.19317672
40.588864 2.17500109
40.687620 2.15307136
40.786377 2.12738892
40.885133 2.09794836
40.983889 2.06474534
41.082646 2.02775545
41.181402 1.98692272
41.280158 1.94217707
41.378915 1.89353574
41.477671 1.84133241
41.576428 1.78681047
41.675184 1.73286604
41.773940 1.68457157
41.872697 1.64879366
41.971453 1.63238719
42.070209 1.63951883
42.168966 1.66970421
42.267722 1.71794416
42.366478 1.77682980
42.465235 1.83909527
42.563991 1.89913218
42.662747 1.95307815
42.761504 1.99807115
42.860260 2.03129892
42.959017 2.04914750
43.057773 2.04662096
43.156529 2.01643581
43.255286 1.94868586
43.354042 1.83283189
43.452798 1.66636298
43.551555 1.47571510
43.650311 1.32876573
43.749067 1.29799117
43.847824 1.39317187
43.946580 1.55100367
44.045337 1.69579572
44.144093 1.78685577
44.242849 1.81581816
44.341606 1.78674175
44.440362 1.70445921
44.539118 1.57295261
44.637875 1.39997634
44.736631 1.20974821
44.835387 1.05489304
44.934144 0.99283992
45.032900 1.02756415
45.131656 1.09297401
45.230413 1.10396487
45.329169 1.00309191
45.427926 0.77639915
45.526682 0.47882711
45.625438 0.25025386
45.724195 0.24046280
45.822951 0.47470040
45.921707 0.83278778
46.020464 1.17046362
46.119220 1.41344366
46.217976 1.55122749
46.316733 1.59664802
46.415489 1.56178892
46.514246 1.45243029
46.613002 1.26850888
46.711758 1.00754610
46.810515 0.67734179
46.909271 0.32449266
47.008027 0.05369214
47.106784 -0.02843012
47.205540 0.08546234
47.304296 0.31641988
47.403053 0.59122394
47.501809 0.84660627
47.600565 1.04837570
47.699322 1.23262576
47.798078 1.43342751
47.896835 1.62497677
47.995591 1.77910879
48.094347 1.89487038
48.193104 1.98092680
48.291860 2.04522658
48.390616 2.09357299
48.489373 2.12989362
48.588129 2.15681974
48.686885 2.17600015
48.785642 2.18852040
48.884398 2.19484697
48.983155 2.19682292
49.081911 2.19768600
49.180667 2.19832943
49.279424 2.19890508
49.378180 2.19945142
49.476936 2.19998276
49.575693 2.20050572
49.674449 2.20102373
49.773205 2.20153870
49.871962 2.20205176
49.970718 2.20256357
50.069474 2.20307458
50.168231 2.20358504
50.266987 2.20409514
50.365744 2.20460499
50.464500 2.20511467
50.563256 2.20562423
50.662013 2.20613371
50.760769 2.20664305
50.859525 2.20715156
50.958282 2.20765919
51.057038 2.20816592
51.155794 2.20867178
51.254551 2.20917676
51.353307 2.20968087
51.452064 2.21018411
51.550820 2.21068648
51.649576 2.21118798
51.748333 2.21168862
51.847089 2.21218840
51.945845 2.21268731
52.044602 2.21318535
52.143358 2.21368253
52.242114 2.21417885
52.340871 2.21467430
52.439627 2.21516889
52.538383 2.21566261
52.637140 2.21615547
52.735896 2.21664747
52.834653 2.21713860
52.933409 2.21762887
53.032165 2.21811828
53.130922 2.21860683
53.229678 2.21909451
53.328434 2.21958132
53.427191 2.22006728
53.525947 2.22055237
53.624703 2.22103660
53.723460 2.22151996
53.822216 2.22200246
53.920973 2.22248410
54.019729 2.22296487
54.118485 2.22344478
54.217242 2.22392383
54.315998 2.22440202
54.414754 2.22487934
54.513511 2.22535580
54.612267 2.22583140
54.711023 2.22630613
54.809780 2.22678000
54.908536 2.22725300
55.007292 2.22772515
55.106049 2.22819643
55.204805 2.22866685
55.303562 2.22913640
55.402318 2.22960509
55.501074 2.23007292
55.599831 2.23053988
55.698587 2.23100599
55.797343 2.23147123
55.896100 2.23193560
55.994856 2.23239912
56.093612 2.23286177
56.192369 2.23332355
56.291125 2.23378448
56.389882 2.23424454
56.488638 2.23470374
56.587394 2.23516207
56.686151 2.23561955
56.784907 2.23607615
56.883663 2.23653190
56.982420 2.23698678
57.081176 2.23744081
57.179932 2.23789396
57.278689 2.23834626
57.377445 2.23879769
57.476201 2.23924826
57.574958 2.23969796
57.673714 2.24014681
57.772471 2.24059479
57.871227 2.24104191
57.969983 2.24148816
58.068740 2.24193355
58.167496 2.24237808
58.266252 2.24282175
58.365009 2.24326455
58.463765 2.24370649
58.562521 2.24414757
58.661278 2.24458778
58.760034 2.24502713
58.858791 2.24546562
58.957547 2.24590325
59.056303 2.24634001
59.155060 2.24677591
59.253816 2.24721094
59.352572 2.24764512
59.451329 2.24807843
59.550085 2.24851088
59.648841 2.24894246
59.747598 2.24937319
59.846354 2.24980305
59.945110 2.25023204
60.043867 2.25066018
60.142623 2.25108745
60.241380 2.25151386
60.340136 2.25193940
60.438892 2.25236408
60.537649 2.25278790
60.636405 2.25321086
60.735161 2.25363295
60.833918 2.25405418
60.932674 2.25447455
61.031430 2.25489406
61.130187 2.25531270
61.228943 2.25573048
61.327700 2.25614739
61.426456 2.25656345
61.525212 2.25697864
61.623969 2.25739296
61.722725 2.25780643
61.821481 2.25821903
61.920238 2.25863077
62.018994 2.25904165
62.117750 2.25945166
62.216507 2.25986081
62.315263 2.26026909
62.414019 2.26067652
62.512776 2.26108308
62.611532 2.26148878
62.710289 2.26189361
62.809045 2.26229759
62.907801 2.26270069
63.006558 2.26310294
63.105314 2.26350432
63.204070 2.26390484
63.302827 2.26430450
63.401583 2.26470330
63.500339 2.26510123
63.599096 2.26549829
63.697852 2.26589450
63.796609 2.26628984
63.895365 2.26668432
63.994121 2.26707794
64.092878 2.26747069
64.191634 2.26786258
64.290390 2.26825361
64.389147 2.26864377
64.487903 2.26903307
64.586659 2.26942151
64.685416 2.26980908
64.784172 2.27019579
64.882928 2.27058164
64.981685 2.27096663
65.080441 2.27135075
65.179198 2.27173401
65.277954 2.27211640
65.376710 2.27249794
65.475467 2.27287861
65.574223 2.27325841
65.672979 2.27363736
65.771736 2.27401544
65.870492 2.27439265
65.969248 2.27476901
66.068005 2.27514450
66.166761 2.27551912
66.265518 2.27589289
66.364274 2.27626579
66.463030 2.27663783
66.561787 2.27700900
66.660543 2.27737931
66.759299 2.27774876
66.858056 2.27811734
66.956812 2.27848506
67.055568 2.27885192
67.154325 2.27921792
67.253081 2.27958305
67.351837 2.27994732
67.450594 2.28031072
67.549350 2.28067326
67.648107 2.28103494
67.746863 2.28139575
67.845619 2.28175570
67.944376 2.28211479
68.043132 2.28247302
68.141888 2.28283038
68.240645 2.28318687
68.339401 2.28354251
68.438157 2.28389728
68.536914 2.28425119
68.635670 2.28460423
68.734427 2.28495641
68.833183 2.28530773
68.931939 2.28565818
69.030696 2.28600777
69.129452 2.28635650
69.228208 2.28670436
69.326965 2.28705136
69.425721 2.28739749
69.524477 2.28774277
69.623234 2.28808717
69.721990 2.28843072
69.820746 2.28877340
69.919503 2.28911522
70.018259 2.28945617
70.117016 2.28979626
70.215772 2.29013549
70.314528 2.29047385
70.413285 2.29081135
70.512041 2.29114799
70.610797 2.29148376
70.709554 2.29181867
70.808310 2.29215271
70.907066 2.29248590
71.005823 2.29281821
71.104579 2.29314967
71.203336 2.29348026
71.302092 2.29380998
71.400848 2.29413885
71.499605 2.29446684
71.598361 2.29479398
71.697117 2.29512032
71.795874 2.29544660
71.894630 2.29577287
71.993386 2.29609914
72.092143 2.29642541
72.190899 2.29675168
72.289655 2.29707795
72.388412 2.29740425
72.487168 2.29773076
72.585925 2.29805682
