0.098756 1.65091386
0.197513 1.65091567
0.296269 1.65091373
0.395025 1.65091354
0.493782 1.65091356
0.592538 1.65091359
0.691295 1.65091362
0.790051 1.65091364
0.888807 1.65091367
0.987564 1.65091370
1.086320 1.65091373
1.185076 1.65091377
1.283833 1.65091380
1.382589 1.65091384
1.481345 1.65091388
1.580102 1.65091392
1.678858 1.65091397
1.777614 1.65091401
1.876371 1.65091406
1.975127 1.65091412
2.073884 1.65091417
2.172640 1.65091423
2.271396 1.65091429
2.370153 1.65091435
2.468909 1.65091442
2.567665 1.65091449
2.666422 1.65091456
2.765178 1.65091464
2.863934 1.65091472
2.962691 1.65091481
3.061447 1.65091490
3.160204 1.65091499
3.258960 1.65091509
3.357716 1.65091519
3.456473 1.65091530
3.555229 1.65091541
3.653985 1.65091552
3.752742 1.65091564
3.851498 1.65091576
3.950254 1.65091590
4.049011 1.65091603
4.147767 1.65091617
4.246523 1.65091630
4.345280 1.65091645
4.444036 1.65091660
4.542793 1.65091676
4.641549 1.65091692
4.740305 1.65091709
4.839062 1.65091726
4.937818 1.65091743
5.036574 1.65091761
5.135331 1.65091780
5.234087 1.65091798
5.332843 1.65091818
5.431600 1.65091838
5.530356 1.65091858
5.629113 1.65091879
5.727869 1.65091900
5.826625 1.65091921
5.925382 1.65091944
6.024138 1.65091966
6.122894 1.65091989
6.221651 1.65092011
6.320407 1.65092035
6.419163 1.65092059
6.517920 1.65092084
6.616676 1.65092108
6.715432 1.65092133
6.814189 1.65092158
6.912945 1.65092184
7.011702 1.65092209
7.110458 1.65092235
7.209214 1.65092261
7.307971 1.65092288
7.406727 1.65092314
7.505483 1.65092341
7.604240 1.65092367
7.702996 1.65092395
7.801752 1.65092421
7.900509 1.65092449
7.999265 1.65092476
8.098022 1.65092503
8.196778 1.65092530
8.295534 1.65092558
8.394291 1.65092584
8.493047 1.65092611
8.591803 1.65092637
8.690560 1.65092665
8.789316 1.65092690
8.888072 1.65092717
8.986829 1.65092742
9.085585 1.65092768
9.184341 1.65092792
9.283098 1.65092817
9.381854 1.65092840
9.480611 1.65092864
9.579367 1.65092886
9.678123 1.65092909
9.776880 1.65092930
9.875636 1.65092952
9.974392 1.65092971
10.073149 1.65092991
10.171905 1.65093008
10.270661 1.65093026
10.369418 1.65093042
10.468174 1.65093058
10.566931 1.65093071
10.665687 1.65093084
10.764443 1.65093095
10.863200 1.65093106
10.961956 1.65093114
11.060712 1.65093122
11.159469 1.65093127
11.258225 1.65093132
11.356981 1.65093133
11.455738 1.65093135
11.554494 1.65093132
11.653250 1.65093129
11.752007 1.65093123
11.850763 1.65093116
11.949520 1.65093104
12.048276 1.65093092
12.147032 1.65093076
12.245789 1.65093058
12.344545 1.65093035
12.443301 1.65093012
12.542058 1.65092983
12.640814 1.65092952
12.739570 1.65092915
12.838327 1.65092876
12.937083 1.65092832
13.035840 1.65092784
13.134596 1.65092729
13.233352 1.65092671
13.332109 1.65092605
13.430865 1.65092535
13.529621 1.65092457
13.628378 1.65092373
13.727134 1.65092279
13.825890 1.65092178
13.924647 1.65092066
14.023403 1.65091946
14.122159 1.65091813
14.220916 1.65091669
14.319672 1.65091510
14.418429 1.65091337
14.517185 1.65091146
14.615941 1.65090938
14.714698 1.65090708
14.813454 1.65090457
14.912210 1.65090180
15.010967 1.65089875
15.109723 1.65089538
15.208479 1.65089167
15.307236 1.65088755
15.405992 1.65088300
15.504749 1.65087795
15.603505 1.65087236
15.702261 1.65086612
15.801018 1.65085921
15.899774 1.65085149
15.998530 1.65084290
16.097287 1.65083331
16.196043 1.65082260
16.294799 1.65081062
16.393556 1.65079723
16.492312 1.65078222
16.591068 1.65076542
16.689825 1.65074657
16.788581 1.65072543
16.887338 1.65070170
16.986094 1.65067506
17.084850 1.65064513
17.183607 1.65061150
17.282363 1.65057369
17.381119 1.65053120
17.479876 1.65048339
17.578632 1.65042964
17.677388 1.65036916
17.776145 1.65030115
17.874901 1.65022462
17.973658 1.65013855
18.072414 1.65004173
18.171170 1.64993284
18.269927 1.64981037
18.368683 1.64967268
18.467439 1.64951788
18.566196 1.64934390
18.664952 1.64914841
18.763708 1.64892880
18.862465 1.64868216
18.961221 1.64840528
19.059977 1.64809452
19.158734 1.64774588
19.257490 1.64735489
19.356247 1.64691656
19.455003 1.64642536
19.553759 1.64587515
19.652516 1.64525910
19.751272 1.64456963
19.850028 1.64379835
19.948785 1.64293593
20.047541 1.64197205
20.146297 1.64089528
20.245054 1.63969298
20.343810 1.63835115
20.442567 1.63685433
20.541323 1.63518541
20.640079 1.63332555
20.738836 1.63125389
20.837592 1.62894749
20.936348 1.62638097
21.035105 1.62352646
21.133861 1.62035318
21.232617 1.61682733
21.331374 1.61291162
21.430130 1.60856516
21.528886 1.60374284
21.627643 1.59839521
21.726399 1.59246772
21.825156 1.58590052
21.923912 1.57862753
22.022668 1.57057604
22.121425 1.56166551
22.220181 1.55180685
22.318937 1.54090070
22.417694 1.52883613
22.516450 1.51548803
22.615206 1.50071473
22.713963 1.48435366
22.812719 1.46621704
22.911476 1.44608447
23.010232 1.42369474
23.108988 1.39873272
23.207745 1.37081390
23.306501 1.33946039
23.405257 1.30407142
23.504014 1.26387835
23.602770 1.21788805
23.701526 1.16479741
23.800283 1.10288362
23.899039 1.02984048
23.997795 0.94256537
24.096552 0.83684681
24.195308 0.70695113
24.294065 0.54504859
24.392821 0.34039389
24.491577 0.07838386
24.590334 -0.26095885
24.689090 -0.70292601
24.787846 -1.26554214
24.886603 -1.89063479
24.985359 -2.33680283
25.084115 -2.37789686
25.182872 -2.17314338
25.281628 -2.03878955
25.380385 -2.12590766
25.479141 -2.48734124
25.577897 -3.17676644
25.676654 -4.26609851
25.775410 -5.80724326
25.874166 -7.71826195
25.972923 -9.59931349
26.071679 -10.74742266
26.170435 -10.70488486
26.269192 -9.81400435
26.367948 -8.92295071
26.466704 -8.68759891
26.565461 -9.27708454
26.664217 -10.35301010
26.762974 -11.13198765
26.861730 -10.84044879
26.960486 -9.40194824
27.059243 -7.44275114
27.157999 -5.61892822
27.256755 -4.22827434
27.355512 -3.30968255
27.454268 -2.81821917
27.553024 -2.71123746
27.651781 -2.97858238
27.750537 -3.64696916
27.849294 -4.76764742
27.948050 -6.36807494
28.046806 -8.32514895
28.145563 -10.18336298
28.244319 -11.22069720
28.343075 -11.04540063
28.441832 -10.08700696
28.540588 -9.20755011
28.639344 -9.01871426
28.738101 -9.63817939
28.836857 -10.67558605
28.935613 -11.31962665
29.034370 -10.84813057
29.133126 -9.28249225
29.231883 -7.28744432
29.330639 -5.48624651
29.429395 -4.13699510
29.528152 -3.26082577
29.626908 -2.80950687
29.725664 -2.74232681
29.824421 -3.05257771
29.923177 -3.76998068
30.021933 -4.94587896
30.120690 -6.59873880
30.219446 -8.57596236
30.318203 -10.37877026
30.416959 -11.28438558
30.515715 -10.98101423
30.614472 -9.98121896
30.713228 -9.14891089
30.811984 -9.04506922
30.910741 -9.73199218
31.009497 -10.76415165
31.108253 -11.30539109
31.207010 -10.69135484
31.305766 -9.03814296
31.404522 -7.03923210
31.503279 -5.28174003
31.602035 -3.98679402
31.700792 -3.16061604
31.799548 -2.75317664
31.898304 -2.72653211
31.997061 -3.07792060
32.095817 -3.84024263
32.194573 -5.06461844
32.293330 -6.75918795
32.392086 -8.73975348
32.490842 -10.46599058
32.589599 -11.22388100
32.688355 -10.78796617
32.787112 -9.74647849
32.885868 -8.95522538
32.984624 -8.92133229
33.083381 -9.65053869
33.182137 -10.64177651
33.280893 -11.04035915
33.379650 -10.24801760
33.478406 -8.47286678
33.577162 -6.42918337
33.675919 -4.66837446
33.774675 -3.38252135
33.873431 -2.57228876
33.972188 -2.19389245
34.070944 -2.21703011
34.169701 -2.64295899
34.268457 -3.50310213
34.367213 -4.84074095
34.465970 -6.64496525
34.564726 -8.69224597
34.663482 -10.39944173
34.762239 -11.06908627
34.860995 -10.56692148
34.959751 -9.55041826
35.058508 -8.86097238
35.157264 -8.95236621
35.256021 -9.77553647
35.354777 -10.77679335
35.453533 -11.09247666
35.552290 -10.19940041
35.651046 -8.39315636
35.749802 -6.39742410
35.848559 -4.72027837
35.947315 -3.51711146
36.046071 -2.77084293
36.144828 -2.43015166
36.243584 -2.46292707
36.342340 -2.87357834
36.441097 -3.69974156
36.539853 -4.98894339
36.638610 -6.72214712
36.737366 -8.64390331
36.836122 -10.13686886
36.934879 -10.53256236
37.033635 -9.79241429
37.132391 -8.63444707
37.231148 -7.87747072
37.329904 -7.91978236
37.428660 -8.65585769
37.527417 -9.47974376
37.626173 -9.52529544
37.724929 -8.34679055
37.823686 -6.31540504
37.922442 -4.15158014
38.021199 -2.32245820
38.119955 -0.96288558
38.218711 -0.05898464
38.317468 0.43450332
38.416224 0.56075500
38.514980 0.37363708
38.613737 0.02489169
38.712493 -0.15326408
38.811249 0.07171952
38.910006 0.52443479
39.008762 0.95004424
39.107519 1.27048782
39.206275 1.49733049
39.305031 1.65255523
39.403788 1.75325232
39.502544 1.81237275
39.601300 1.84022837
39.700057 1.84627026
39.798813 1.83991676
39.897569 1.83041904
39.996326 1.82595292
40.095082 1.83885439
40.193838 1.87184620
40.292595 1.92018229
40.391351 1.97706725
40.490108 2.03645889
40.588864 2.09434155
40.687620 2.14867344
40.786377 2.19873689
40.885133 2.24442209
40.983889 2.28579357
41.082646 2.32295574
41.181402 2.35595558
41.280158 2.38483418
41.378915 2.40959996
41.477671 2.43025261
41.576428 2.44679189
41.675184 2.45922600
41.773940 2.46761716
41.872697 2.47227628
41.971453 2.47442686
42.070209 2.47583989
42.168966 2.47737176
42.267722 2.47968311
42.366478 2.48279201
42.465235 2.48632322
42.563991 2.48959314
42.662747 2.49152654
42.761504 2.49050311
42.860260 2.48410212
42.959017 2.46873524
43.057773 2.43917935
43.156529 2.38770628
43.255286 2.30371038
43.354042 2.17581158
43.452798 2.00054624
43.551555 1.80350467
43.650311 1.65203353
43.749067 1.61834011
43.847824 1.71200245
43.946580 1.86941350
44.045337 2.01451914
44.144093 2.10631390
44.242849 2.13615176
44.341606 2.10781685
44.440362 2.02589035
44.539118 1.89416650
44.637875 1.72031107
44.736631 1.52860068
44.835387 1.37189132
44.934144 1.30793373
45.032900 1.34101661
45.131656 1.40527747
45.230413 1.41569929
45.329169 1.31477272
45.427926 1.08834336
45.526682 0.79108266
45.625438 0.56259191
45.724195 0.55246740
45.822951 0.78598254
45.921707 1.14313731
46.020464 1.47984138
46.119220 1.72190251
46.217976 1.85882980
46.316733 1.90342786
46.415489 1.86775121
46.514246 1.75755278
46.613002 1.57274995
46.711758 1.31086833
46.810515 0.97974520
46.909271 0.62605194
47.008027 0.35459559
47.106784 0.27209795
47.205540 0.38589232
47.304296 0.61694206
47.403053 0.89190794
47.501809 1.14740773
47.600565 1.34916172
47.699322 1.53319913
47.798078 1.73355787
47.896835 1.92443578
47.995591 2.07769703
48.094347 2.19243268
48.193104 2.27736210
48.291860 2.34049064
48.390616 2.38767851
48.489373 2.42291229
48.588129 2.44888412
48.686885 2.46730826
48.785642 2.47932192
48.884398 2.48543711
48.983155 2.48742860
49.081911 2.48837050
49.180667 2.48910579
49.279424 2.48977717
49.378180 2.49042072
49.476936 2.49104990
49.575693 2.49167097
49.674449 2.49228722
49.773205 2.49290048
49.871962 2.49351184
49.970718 2.49412195
50.069474 2.49473125
50.168231 2.49534000
50.266987 2.49594837
50.365744 2.49655649
50.464500 2.49716442
50.563256 2.49777224
50.662013 2.49837996
50.760769 2.49898750
50.859525 2.49959371
50.958282 2.50019847
51.057038 2.50080180
51.155794 2.50140369
51.254551 2.50200417
51.353307 2.50260321
51.452064 2.50320084
51.550820 2.50379706
51.649576 2.50439185
51.748333 2.50498523
51.847089 2.50557719
51.945845 2.50616774
52.044602 2.50675688
52.143358 2.50734460
52.242114 2.50793091
52.340871 2.50851580
52.439627 2.50909929
52.538383 2.50968135
52.637140 2.51026201
52.735896 2.51084125
52.834653 2.51141908
52.933409 2.51199549
53.032165 2.51257049
53.130922 2.51314408
53.229678 2.51371626
53.328434 2.51428702
53.427191 2.51485637
53.525947 2.51542431
53.624703 2.51599083
53.723460 2.51655594
53.822216 2.51711964
53.920973 2.51768192
54.019729 2.51824279
54.118485 2.51880225
54.217242 2.51936029
54.315998 2.51991693
54.414754 2.52047215
54.513511 2.52102595
54.612267 2.52157834
54.711023 2.52212932
54.809780 2.52267889
54.908536 2.52322704
55.007292 2.52377378
55.106049 2.52431911
55.204805 2.52486303
55.303562 2.52540553
55.402318 2.52594662
55.501074 2.52648629
55.599831 2.52702455
55.698587 2.52756140
55.797343 2.52809684
55.896100 2.52863086
55.994856 2.52916347
56.093612 2.52969467
56.192369 2.53022445
56.291125 2.53075282
56.389882 2.53127978
56.488638 2.53180533
56.587394 2.53232946
56.686151 2.53285218
56.784907 2.53337348
56.883663 2.53389338
56.982420 2.53441186
57.081176 2.53492892
57.179932 2.53544458
57.278689 2.53595882
57.377445 2.53647165
57.476201 2.53698306
57.574958 2.53749307
57.673714 2.53800166
57.772471 2.53850883
57.871227 2.53901460
57.969983 2.53951895
58.068740 2.54002188
58.167496 2.54052341
58.266252 2.54102352
58.365009 2.54152222
58.463765 2.54201951
58.562521 2.54251538
58.661278 2.54300984
58.760034 2.54350289
58.858791 2.54399452
58.957547 2.54448474
59.056303 2.54497355
59.155060 2.54546095
59.253816 2.54594693
59.352572 2.54643150
59.451329 2.54691466
59.550085 2.54739641
59.648841 2.54787674
59.747598 2.54835566
59.846354 2.54883317
59.945110 2.54930926
60.043867 2.54978394
60.142623 2.55025721
60.241380 2.55072906
60.340136 2.55119951
60.438892 2.55166854
60.537649 2.55213616
60.636405 2.55260236
60.735161 2.55306715
60.833918 2.55353053
60.932674 2.55399250
61.031430 2.55445305
61.130187 2.55491219
61.228943 2.55536992
61.327700 2.55582624
61.426456 2.55628114
61.525212 2.55673463
61.623969 2.55718671
61.722725 2.55763738
61.821481 2.55808663
61.920238 2.55853447
62.018994 2.55898090
62.117750 2.55942591
62.216507 2.55986951
62.315263 2.56031170
62.414019 2.56075248
62.512776 2.56119185
62.611532 2.56162980
62.710289 2.56206634
62.809045 2.56250146
62.907801 2.56293518
63.006558 2.56336748
63.105314 2.56379837
63.204070 2.56422785
63.302827 2.56465591
63.401583 2.56508256
63.500339 2.56550780
63.599096 2.56593163
63.697852 2.56635404
63.796609 2.56677505
63.895365 2.56719463
63.994121 2.56761281
64.092878 2.56802958
64.191634 2.56844493
64.290390 2.56885887
64.389147 2.56927139
64.487903 2.56968251
64.586659 2.57009221
64.685416 2.57050050
64.784172 2.57090738
64.882928 2.57131284
64.981685 2.57171690
65.080441 2.57211954
65.179198 2.57252076
65.277954 2.57292058
65.376710 2.57331898
65.475467 2.57371597
65.574223 2.57411155
65.672979 2.57450572
65.771736 2.57489847
65.870492 2.57528981
65.969248 2.57567974
66.068005 2.57606826
66.166761 2.57645536
66.265518 2.57684105
66.364274 2.57722533
66.463030 2.57760820
66.561787 2.57798965
66.660543 2.57836969
66.759299 2.57874832
66.858056 2.57912554
66.956812 2.57950135
67.055568 2.57987574
67.154325 2.58024872
67.253081 2.58062029
67.351837 2.58099045
67.450594 2.58135919
67.549350 2.58172652
67.648107 2.58209244
67.746863 2.58245695
67.845619 2.58282004
67.944376 2.58318173
68.043132 2.58354200
68.141888 2.58390085
68.240645 2.58425830
68.339401 2.58461433
68.438157 2.58496896
68.536914 2.58532216
68.635670 2.58567396
68.734427 2.58602435
68.833183 2.58637332
68.931939 2.58672088
69.030696 2.58706703
69.129452 2.58741176
69.228208 2.58775509
69.326965 2.58809700
69.425721 2.58843750
69.524477 2.58877658
69.623234 2.58911426
69.721990 2.58945052
69.820746 2.58978537
69.919503 2.59011881
70.018259 2.59045083
70.117016 2.59078145
70.215772 2.59111065
70.314528 2.59143844
70.413285 2.59176482
70.512041 2.59208978
70.610797 2.59241333
70.709554 2.59273547
70.808310 2.59305620
70.907066 2.59337552
71.005823 2.59369342
71.104579 2.59400992
71.203336 2.59432500
71.302092 2.59463866
71.400848 2.59495092
71.499605 2.59526176
71.598361 2.59557119
71.697117 2.59587933
71.795874 2.59618735
71.894630 2.59649537
71.993386 2.59680339
72.092143 2.59711141
72.190899 2.59741943
72.289655 2.59772745
72.388412 2.59803549
72.487168 2.59834373
72.585925 2.59865155
