0.098756 1.65134565
0.197513 1.65134879
0.296269 1.65134546
0.395025 1.65134514
0.493782 1.65134519
0.592538 1.65134524
0.691295 1.65134529
0.790051 1.65134534
0.888807 1.65134538
0.987564 1.65134542
1.086320 1.65134546
1.185076 1.65134549
1.283833 1.65134551
1.382589 1.65134553
1.481345 1.65134554
1.580102 1.65134555
1.678858 1.65134555
1.777614 1.65134554
1.876371 1.65134552
1.975127 1.65134550
2.073884 1.65134546
2.172640 1.65134542
2.271396 1.65134536
2.370153 1.65134530
2.468909 1.65134522
2.567665 1.65134514
2.666422 1.65134503
2.765178 1.65134492
2.863934 1.65134480
2.962691 1.65134466
3.061447 1.65134451
3.160204 1.65134434
3.258960 1.65134416
3.357716 1.65134397
3.456473 1.65134376
3.555229 1.65134353
3.653985 1.65134328
3.752742 1.65134302
3.851498 1.65134274
3.950254 1.65134245
4.049011 1.65134213
4.147767 1.65134180
4.246523 1.65134144
4.345280 1.65134107
4.444036 1.65134068
4.542793 1.65134026
4.641549 1.65133982
4.740305 1.65133937
4.839062 1.65133888
4.937818 1.65133838
5.036574 1.65133785
5.135331 1.65133730
5.234087 1.65133672
5.332843 1.65133612
5.431600 1.65133549
5.530356 1.65133484
5.629113 1.65133416
5.727869 1.65133346
5.826625 1.65133272
5.925382 1.65133196
6.024138 1.65133117
6.122894 1.65133035
6.221651 1.65132950
6.320407 1.65132862
6.419163 1.65132771
6.517920 1.65132677
6.616676 1.65132579
6.715432 1.65132479
6.814189 1.65132374
6.912945 1.65132267
7.011702 1.65132157
7.110458 1.65132043
7.209214 1.65131925
7.307971 1.65131804
7.406727 1.65131679
7.505483 1.65131551
7.604240 1.65131418
7.702996 1.65131283
7.801752 1.65131143
7.900509 1.65130999
7.999265 1.65130852
8.098022 1.65130700
8.196778 1.65130544
8.295534 1.65130385
8.394291 1.65130221
8.493047 1.65130053
8.591803 1.65129880
8.690560 1.65129704
8.789316 1.65129522
8.888072 1.65129337
8.986829 1.65129146
9.085585 1.65128952
9.184341 1.65128752
9.283098 1.65128548
9.381854 1.65128340
9.480611 1.65128126
9.579367 1.65127907
9.678123 1.65127684
9.776880 1.65127456
9.875636 1.65127222
9.974392 1.65126984
10.073149 1.65126740
10.171905 1.65126491
10.270661 1.65126237
10.369418 1.65125977
10.468174 1.65125712
10.566931 1.65125441
10.665687 1.65125165
10.764443 1.65124883
10.863200 1.65124596
10.961956 1.65124303
11.060712 1.65124004
11.159469 1.65123698
11.258225 1.65123388
11.356981 1.65123070
11.455738 1.65122747
11.554494 1.65122417
11.653250 1.65122081
11.752007 1.65121739
11.850763 1.65121390
11.949520 1.65121034
12.048276 1.65120672
12.147032 1.65120302
12.245789 1.65119926
12.344545 1.65119542
12.443301 1.65119151
12.542058 1.65118752
12.640814 1.65118346
12.739570 1.65117932
12.838327 1.65117509
12.937083 1.65117078
13.035840 1.65116639
13.134596 1.65116190
13.233352 1.65115732
13.332109 1.65115264
13.430865 1.65114787
13.529621 1.65114298
13.628378 1.65113798
13.727134 1.65113287
13.825890 1.65112763
13.924647 1.65112226
14.023403 1.65111675
14.122159 1.65111109
14.220916 1.65110527
14.319672 1.65109927
14.418429 1.65109309
14.517185 1.65108671
14.615941 1.65108011
14.714698 1.65107327
14.813454 1.65106616
14.912210 1.65105877
15.010967 1.65105106
15.109723 1.65104300
15.208479 1.65103456
15.307236 1.65102569
15.405992 1.65101635
15.504749 1.65100648
15.603505 1.65099603
15.702261 1.65098492
15.801018 1.65097307
15.899774 1.65096041
15.998530 1.65094683
16.097287 1.65093223
16.196043 1.65091647
16.294799 1.65089942
16.393556 1.65088090
16.492312 1.65086076
16.591068 1.65083878
16.689825 1.65081473
16.788581 1.65078834
16.887338 1.65075934
16.986094 1.65072738
17.084850 1.65069211
17.183607 1.65065309
17.282363 1.65060986
17.381119 1.65056189
17.479876 1.65050859
17.578632 1.65044928
17.677388 1.65038322
17.776145 1.65030955
17.874901 1.65022734
17.973658 1.65013551
18.072414 1.65003289
18.171170 1.64991812
18.269927 1.64978972
18.368683 1.64964601
18.467439 1.64948514
18.566196 1.64930498
18.664952 1.64910323
18.763708 1.64887726
18.862465 1.64862416
18.961221 1.64834069
19.059977 1.64802324
19.158734 1.64766775
19.257490 1.64726978
19.356247 1.64682430
19.455003 1.64632579
19.553759 1.64576807
19.652516 1.64514431
19.751272 1.64444692
19.850028 1.64366747
19.948785 1.64279662
20.047541 1.64182405
20.146297 1.64073829
20.245054 1.63952668
20.343810 1.63817520
20.442567 1.63666837
20.541323 1.63498905
20.640079 1.63311838
20.738836 1.63103548
20.837592 1.62871737
20.936348 1.62613867
21.035105 1.62327147
21.133861 1.62008498
21.232617 1.61654537
21.331374 1.61261537
21.430130 1.60825402
21.528886 1.60341626
21.627643 1.59805260
21.726399 1.59210854
21.825156 1.58552421
21.923912 1.57823361
22.022668 1.57016402
22.121425 1.56123500
22.220181 1.55135752
22.318937 1.54043233
22.417694 1.52834863
22.516450 1.51498146
22.615206 1.50018932
22.713963 1.48380990
22.812719 1.46565566
22.911476 1.44550651
23.010232 1.42310161
23.108988 1.39812627
23.207745 1.37019648
23.306501 1.33883496
23.405257 1.30344162
23.504014 1.26324873
23.602770 1.21726412
23.701526 1.16418593
23.800283 1.10229280
23.899039 1.02928042
23.997795 0.94204830
24.096552 0.83638780
24.195308 0.70656854
24.294065 0.54476505
24.392821 0.34023690
24.491577 0.07838722
24.590334 -0.26075448
24.689090 -0.70247148
24.787846 -1.26477994
24.886603 -1.88949790
24.985359 -2.33521719
25.084115 -2.37710337
25.182872 -2.17304972
25.281628 -2.03928952
25.380385 -2.12687200
25.479141 -2.48863067
25.577897 -3.17825256
25.676654 -4.26767745
25.775410 -5.80884028
25.874166 -7.71982760
25.972923 -9.60080883
26.071679 -10.74880763
26.170435 -10.70612356
26.269192 -9.81508221
26.367948 -8.92388678
26.466704 -8.68844865
26.565461 -9.27793742
26.664217 -10.35398779
26.762974 -11.13323507
26.861730 -10.84211671
26.960486 -9.40416198
27.059243 -7.44558688
27.157999 -5.62241394
27.256755 -4.23240252
27.355512 -3.31441300
27.454268 -2.82347438
27.553024 -2.71690043
27.651781 -2.98450094
27.750537 -3.65297061
27.849294 -4.77356082
27.948050 -6.37375117
28.046806 -8.33047251
28.145563 -10.18825393
28.244319 -11.22511389
28.343075 -11.04934897
28.441832 -10.09054856
28.540588 -9.21080084
28.639344 -9.02183247
28.738101 -9.64135254
28.836857 -10.67901692
28.935613 -11.32351492
29.034370 -10.85264865
29.133126 -9.28776098
29.231883 -7.29352091
29.330639 -5.49313154
29.429395 -4.14464584
29.528152 -3.26915940
29.626908 -2.81839758
29.725664 -2.75160514
29.824421 -3.06203919
29.923177 -3.77940501
30.021933 -4.95505716
30.120690 -6.60749788
30.219446 -8.58418051
30.318203 -10.38638334
30.416959 -11.29139259
30.515715 -10.98748099
30.614472 -9.98727095
30.713228 -9.15471850
30.811984 -9.05082592
30.910741 -9.73789460
31.009497 -10.77037939
31.108253 -11.31208748
31.207010 -10.69861022
31.305766 -9.04599077
31.404522 -7.04765688
31.503279 -5.29068901
31.602035 -3.99618375
31.700792 -3.17032940
31.799548 -2.76305549
31.898304 -2.73637448
31.997061 -3.08748782
32.095817 -3.84927506
32.194573 -5.07285767
32.293330 -6.76640017
32.392086 -8.74574611
32.490842 -10.47062218
32.589599 -11.22707104
32.688355 -10.78972065
32.787112 -9.74692127
32.885868 -8.95458630
32.984624 -8.91989480
33.083381 -9.64859092
33.182137 -10.63957480
33.280893 -11.03809683
33.379650 -10.24580260
33.478406 -8.47072249
33.577162 -6.42707585
33.675919 -4.66622613
33.774675 -3.38019651
33.873431 -2.56957236
33.972188 -2.19047477
34.070944 -2.21250557
34.169701 -2.63684407
34.268457 -3.49487124
34.367213 -4.82987888
34.465970 -6.63103702
34.564726 -8.67496388
34.663482 -10.37870896
34.762239 -11.04501452
34.860995 -10.53981743
34.959751 -9.52073592
35.058508 -8.82918036
35.157264 -8.91875440
35.256021 -9.74006130
35.354777 -10.73894564
35.453533 -11.05124236
35.552290 -10.15347134
35.651046 -8.34133342
35.749802 -6.33892304
35.848559 -4.65471541
35.947315 -3.44430668
36.046071 -2.69066221
36.144828 -2.34239075
36.243584 -2.36724614
36.342340 -2.76951394
36.441097 -3.58677173
36.539853 -4.86659326
36.638610 -6.59015604
36.737366 -8.50243029
36.836122 -9.98662171
36.934879 -10.37476823
37.033635 -9.62853154
37.132391 -8.46574446
37.231148 -7.70462393
37.329904 -7.74248130
37.428660 -8.47252544
37.527417 -9.28730892
37.626173 -9.31928322
37.724929 -8.12221719
37.823686 -6.06808127
37.922442 -3.87889146
38.021199 -2.02312800
38.119955 -0.63614853
38.218711 0.29592950
38.317468 0.81811768
38.416224 0.97382648
38.514980 0.81749499
38.613737 0.50153314
38.712493 0.35884166
38.811249 0.62252282
38.910006 1.11748250
39.008762 1.58891763
39.107519 1.95864284
39.206275 2.23791326
39.305031 2.44828019
39.403788 2.60640968
39.502544 2.72456483
39.601300 2.81139166
39.700057 2.87290019
39.798813 2.91292322
39.897569 2.93390791
39.996326 2.93866908
40.095082 2.93872715
40.193838 2.93677960
40.292595 2.93132663
40.391351 2.92209469
40.490108 2.90910060
40.588864 2.89236056
40.687620 2.87188055
40.786377 2.84766154
40.885133 2.81969770
40.983889 2.78798414
41.082646 2.75249583
41.181402 2.71317594
41.280158 2.66995341
41.378915 2.62284421
41.477671 2.57218066
41.576428 2.51920453
41.675184 2.46681021
41.773940 2.42006823
41.872697 2.38584335
41.971453 2.37098861
42.070209 2.37966894
42.168966 2.41139811
42.267722 2.46117483
42.366478 2.52158777
42.465235 2.58536830
42.563991 2.64690509
42.662747 2.70233285
42.761504 2.74878704
42.860260 2.78345348
42.959017 2.80271751
43.057773 2.80158404
43.156529 2.77277230
43.255286 2.70638016
43.354042 2.59187303
43.452798 2.42674426
43.551555 2.23743229
43.650311 2.09181441
43.749067 2.06236552
43.847824 2.15886657
43.946580 2.31801746
44.045337 2.46413461
44.144093 2.55653434
44.242849 2.58685976
44.341606 2.55917770
44.440362 2.47832571
44.539118 2.34828642
44.637875 2.17681066
44.736631 1.98810835
44.835387 1.83479269
44.934144 1.77427943
45.032900 1.81053104
45.131656 1.87744622
45.230413 1.88991573
45.329169 1.79049637
45.427926 1.56524024
45.526682 1.26910070
45.625438 1.04197223
45.724195 1.03365054
45.822951 1.26937987
45.921707 1.62896930
46.020464 1.96814800
46.119220 2.21262967
46.217976 2.35191922
46.316733 2.39885719
46.415489 2.36553254
46.514246 2.25772822
46.613002 2.07538128
46.711758 1.81601003
46.810515 1.48740728
46.909271 1.13615891
47.008027 0.86694471
47.106784 0.78638380
47.205540 0.90181311
47.304296 1.13429253
47.403053 1.41061784
47.501809 1.66753600
47.600565 1.87086882
47.699322 2.05671975
47.798078 2.25916464
47.896835 2.45239833
47.995591 2.60824948
48.094347 2.72575498
48.193104 2.81356725
48.291860 2.87962055
48.390616 2.92970280
48.489373 2.96772469
48.588129 2.99629883
48.686885 3.01705294
48.785642 3.03105583
48.884398 3.03875726
48.983155 3.04202015
49.081911 3.04413820
49.180667 3.04602456
49.279424 3.04783634
49.378180 3.04961446
49.476936 3.05137466
49.575693 3.05312450
49.674449 3.05486804
49.773205 3.05660760
49.871962 3.05834459
49.970718 3.06007988
50.069474 3.06181403
50.168231 3.06354741
50.266987 3.06528026
50.365744 3.06701273
50.464500 3.06874495
50.563256 3.07047699
50.662013 3.07220889
50.760769 3.07394012
50.859525 3.07566507
50.958282 3.07738319
51.057038 3.07909449
51.155794 3.08079897
51.254551 3.08249665
51.353307 3.08418753
51.452064 3.08587161
51.550820 3.08754890
51.649576 3.08921940
51.748333 3.09088310
51.847089 3.09254002
51.945845 3.09419015
52.044602 3.09583350
52.143358 3.09747006
52.242114 3.09909983
52.340871 3.10072281
52.439627 3.10233902
52.538383 3.10394843
52.637140 3.10555106
52.735896 3.10714690
52.834653 3.10873596
52.933409 3.11031824
53.032165 3.11189373
53.130922 3.11346243
53.229678 3.11502435
53.328434 3.11657949
53.427191 3.11812784
53.525947 3.11966940
53.624703 3.12120418
53.723460 3.12273217
53.822216 3.12425338
53.920973 3.12576781
54.019729 3.12727545
54.118485 3.12877630
54.217242 3.13027037
54.315998 3.13175765
54.414754 3.13323815
54.513511 3.13471186
54.612267 3.13617879
54.711023 3.13763893
54.809780 3.13909229
54.908536 3.14053886
55.007292 3.14197865
55.106049 3.14341165
55.204805 3.14483787
55.303562 3.14625730
55.402318 3.14766995
55.501074 3.14907581
55.599831 3.15047488
55.698587 3.15186717
55.797343 3.15325268
55.896100 3.15463139
55.994856 3.15600333
56.093612 3.15736847
56.192369 3.15872684
56.291125 3.16007841
56.389882 3.16142320
56.488638 3.16276121
56.587394 3.16409243
56.686151 3.16541686
56.784907 3.16673451
56.883663 3.16804537
56.982420 3.16934945
57.081176 3.17064674
57.179932 3.17193724
57.278689 3.17322096
57.377445 3.17449789
57.476201 3.17576804
57.574958 3.17703140
57.673714 3.17828798
57.772471 3.17953777
57.871227 3.18078077
57.969983 3.18201699
58.068740 3.18324642
58.167496 3.18446907
58.266252 3.18568493
58.365009 3.18689400
58.463765 3.18809629
58.562521 3.18929179
58.661278 3.19048051
58.760034 3.19166244
58.858791 3.19283758
58.957547 3.19400594
59.056303 3.19516751
59.155060 3.19632230
59.253816 3.19747030
59.352572 3.19861151
59.451329 3.19974594
59.550085 3.20087358
59.648841 3.20199444
59.747598 3.20310851
59.846354 3.20421579
59.945110 3.20531628
60.043867 3.20640999
60.142623 3.20749692
60.241380 3.20857706
60.340136 3.20965041
60.438892 3.21071697
60.537649 3.21177675
60.636405 3.21282975
60.735161 3.21387595
60.833918 3.21491537
60.932674 3.21594801
61.031430 3.21697385
61.130187 3.21799291
61.228943 3.21900519
61.327700 3.22001068
61.426456 3.22100938
61.525212 3.22200130
61.623969 3.22298642
61.722725 3.22396477
61.821481 3.22493632
61.920238 3.22590109
62.018994 3.22685908
62.117750 3.22781028
62.216507 3.22875469
62.315263 3.22969231
62.414019 3.23062315
62.512776 3.23154720
62.611532 3.23246447
62.710289 3.23337494
62.809045 3.23427864
62.907801 3.23517554
63.006558 3.23606566
63.105314 3.23694899
63.204070 3.23782554
63.302827 3.23869530
63.401583 3.23955827
63.500339 3.24041446
63.599096 3.24126386
63.697852 3.24210647
63.796609 3.24294230
63.895365 3.24377134
63.994121 3.24459360
64.092878 3.24540906
64.191634 3.24621775
64.290390 3.24701964
64.389147 3.24781475
64.487903 3.24860307
64.586659 3.24938460
64.685416 3.25015935
64.784172 3.25092731
64.882928 3.25168849
64.981685 3.25244288
65.080441 3.25319048
65.179198 3.25393130
65.277954 3.25466532
65.376710 3.25539257
65.475467 3.25611302
65.574223 3.25682669
65.672979 3.25753357
65.771736 3.25823367
65.870492 3.25892698
65.969248 3.25961350
66.068005 3.26029324
66.166761 3.26096619
66.265518 3.26163235
66.364274 3.26229173
66.463030 3.26294432
66.561787 3.26359012
66.660543 3.26422914
66.759299 3.26486137
66.858056 3.26548681
66.956812 3.26610547
67.055568 3.26671734
67.154325 3.26732242
67.253081 3.26792072
67.351837 3.26851223
67.450594 3.26909695
67.549350 3.26967489
67.648107 3.27024604
67.746863 3.27081040
67.845619 3.27136798
67.944376 3.27191877
68.043132 3.27246278
68.141888 3.27300000
68.240645 3.27353043
68.339401 3.27405407
68.438157 3.27457093
68.536914 3.27508100
68.635670 3.27558428
68.734427 3.27608078
68.833183 3.27657049
68.931939 3.27705342
69.030696 3.27752956
69.129452 3.27799891
69.228208 3.27846148
69.326965 3.27891725
69.425721 3.27936625
69.524477 3.27980845
69.623234 3.28024387
69.721990 3.28067250
69.820746 3.28109435
69.919503 3.28150941
70.018259 3.28191768
70.117016 3.28231917
70.215772 3.28271387
70.314528 3.28310178
70.413285 3.28348291
70.512041 3.28385725
70.610797 3.28422480
70.709554 3.28458557
70.808310 3.28493955
70.907066 3.28528674
71.005823 3.28562715
71.104579 3.28596077
71.203336 3.28628760
71.302092 3.28660765
71.400848 3.28692091
71.499605 3.28722738
71.598361 3.28752707
71.697117 3.28782055
71.795874 3.28811345
71.894630 3.28840635
71.993386 3.28869925
72.092143 3.28899215
72.190899 3.28928505
72.289655 3.28957795
72.388412 3.28987088
72.487168 3.29016397
72.585925 3.29045670
