0.098756 1.64892582
0.197513 1.64892823
0.296269 1.64892568
0.395025 1.64892542
0.493782 1.64892545
0.592538 1.64892549
0.691295 1.64892552
0.790051 1.64892556
0.888807 1.64892560
0.987564 1.64892565
1.086320 1.64892569
1.185076 1.64892574
1.283833 1.64892579
1.382589 1.64892584
1.481345 1.64892589
1.580102 1.64892595
1.678858 1.64892601
1.777614 1.64892608
1.876371 1.64892615
1.975127 1.64892623
2.073884 1.64892630
2.172640 1.64892639
2.271396 1.64892647
2.370153 1.64892657
2.468909 1.64892666
2.567665 1.64892677
2.666422 1.64892688
2.765178 1.64892699
2.863934 1.64892711
2.962691 1.64892724
3.061447 1.64892737
3.160204 1.64892751
3.258960 1.64892765
3.357716 1.64892781
3.456473 1.64892796
3.555229 1.64892813
3.653985 1.64892830
3.752742 1.64892849
3.851498 1.64892867
3.950254 1.64892887
4.049011 1.64892907
4.147767 1.64892929
4.246523 1.64892951
4.345280 1.64892974
4.444036 1.64892997
4.542793 1.64893022
4.641549 1.64893047
4.740305 1.64893073
4.839062 1.64893100
4.937818 1.64893129
5.036574 1.64893157
5.135331 1.64893187
5.234087 1.64893218
5.332843 1.64893250
5.431600 1.64893282
5.530356 1.64893316
5.629113 1.64893351
5.727869 1.64893386
5.826625 1.64893422
5.925382 1.64893460
6.024138 1.64893498
6.122894 1.64893538
6.221651 1.64893578
6.320407 1.64893619
6.419163 1.64893661
6.517920 1.64893705
6.616676 1.64893749
6.715432 1.64893794
6.814189 1.64893840
6.912945 1.64893887
7.011702 1.64893935
7.110458 1.64893984
7.209214 1.64894034
7.307971 1.64894085
7.406727 1.64894136
7.505483 1.64894189
7.604240 1.64894243
7.702996 1.64894298
7.801752 1.64894353
7.900509 1.64894409
7.999265 1.64894466
8.098022 1.64894524
8.196778 1.64894583
8.295534 1.64894643
8.394291 1.64894702
8.493047 1.64894764
8.591803 1.64894826
8.690560 1.64894889
8.789316 1.64894951
8.888072 1.64895016
8.986829 1.64895080
9.085585 1.64895146
9.184341 1.64895211
9.283098 1.64895278
9.381854 1.64895345
9.480611 1.64895413
9.579367 1.64895480
9.678123 1.64895549
9.776880 1.64895617
9.875636 1.64895687
9.974392 1.64895756
10.073149 1.64895826
10.171905 1.64895896
10.270661 1.64895967
10.369418 1.64896036
10.468174 1.64896107
10.566931 1.64896177
10.665687 1.64896248
10.764443 1.64896318
10.863200 1.64896389
10.961956 1.64896459
11.060712 1.64896529
11.159469 1.64896598
11.258225 1.64896668
11.356981 1.64896736
11.455738 1.64896804
11.554494 1.64896871
11.653250 1.64896939
11.752007 1.64897004
11.850763 1.64897069
11.949520 1.64897132
12.048276 1.64897196
12.147032 1.64897256
12.245789 1.64897317
12.344545 1.64897374
12.443301 1.64897431
12.542058 1.64897485
12.640814 1.64897538
12.739570 1.64897587
12.838327 1.64897635
12.937083 1.64897678
13.035840 1.64897720
13.134596 1.64897756
13.233352 1.64897791
13.332109 1.64897819
13.430865 1.64897844
13.529621 1.64897862
13.628378 1.64897877
13.727134 1.64897883
13.825890 1.64897884
13.924647 1.64897874
14.023403 1.64897858
14.122159 1.64897831
14.220916 1.64897794
14.319672 1.64897743
14.418429 1.64897681
14.517185 1.64897601
14.615941 1.64897507
14.714698 1.64897391
14.813454 1.64897256
14.912210 1.64897096
15.010967 1.64896911
15.109723 1.64896693
15.208479 1.64896444
15.307236 1.64896155
15.405992 1.64895826
15.504749 1.64895446
15.603505 1.64895015
15.702261 1.64894521
15.801018 1.64893960
15.899774 1.64893320
15.998530 1.64892596
16.097287 1.64891770
16.196043 1.64890837
16.294799 1.64889776
16.393556 1.64888578
16.492312 1.64887218
16.591068 1.64885681
16.689825 1.64883940
16.788581 1.64881974
16.887338 1.64879749
16.986094 1.64877236
17.084850 1.64874395
17.183607 1.64871188
17.282363 1.64867563
17.381119 1.64863474
17.479876 1.64858856
17.578632 1.64853647
17.677388 1.64847768
17.776145 1.64841141
17.874901 1.64833665
17.973658 1.64825241
18.072414 1.64815746
18.171170 1.64805052
18.269927 1.64793006
18.368683 1.64779446
18.467439 1.64764184
18.566196 1.64747015
18.664952 1.64727704
18.763708 1.64705997
18.862465 1.64681601
18.961221 1.64654199
19.059977 1.64623427
19.158734 1.64588892
19.257490 1.64550144
19.356247 1.64506693
19.455003 1.64457987
19.553759 1.64403419
19.652516 1.64342307
19.751272 1.64273903
19.850028 1.64197370
19.948785 1.64111787
20.047541 1.64016125
20.146297 1.63909254
20.245054 1.63789917
20.343810 1.63656727
20.442567 1.63508149
20.541323 1.63342487
20.640079 1.63157871
20.738836 1.62952232
20.837592 1.62723293
20.936348 1.62468538
21.035105 1.62185203
21.133861 1.61870233
21.232617 1.61520275
21.331374 1.61131628
21.430130 1.60700236
21.528886 1.60221620
21.627643 1.59690871
21.726399 1.59102572
21.825156 1.58450781
21.923912 1.57728929
22.022668 1.56929793
22.121425 1.56045360
22.220181 1.55066773
22.318937 1.53984136
22.417694 1.52786413
22.516450 1.51461127
22.615206 1.49994167
22.713963 1.48369307
22.812719 1.46567819
22.911476 1.44567683
23.010232 1.42342820
23.108988 1.39861722
23.207745 1.37085965
23.306501 1.33967745
23.405257 1.30446987
23.504014 1.26446789
23.602770 1.21867811
23.701526 1.16579670
23.800283 1.10410027
23.899039 1.03128158
23.997795 0.94423707
24.096552 0.83875398
24.195308 0.70909755
24.294065 0.54743671
24.392821 0.34302515
24.491577 0.08125876
24.590334 -0.25784024
24.689090 -0.69956378
24.787846 -1.26193607
24.886603 -1.88678421
24.985359 -2.33270702
25.084115 -2.37413140
25.182872 -2.16970113
25.281628 -2.03566194
25.380385 -2.12308102
25.479141 -2.48480285
25.577897 -3.17451298
25.676654 -4.26414134
25.775410 -5.80560595
25.874166 -7.71697247
25.972923 -9.59839085
26.071679 -10.74686665
26.170435 -10.70467370
26.269192 -9.81409783
26.367948 -8.92329400
26.466704 -8.68812710
26.565461 -9.27772693
26.664217 -10.35369285
26.762974 -11.13263775
26.861730 -10.84100096
26.960486 -9.40235651
27.059243 -7.44299688
27.157999 -5.61902257
27.256755 -4.22825460
27.355512 -3.30960434
27.454268 -2.81814512
27.553024 -2.71122738
27.651781 -2.97868831
27.750537 -3.64723533
27.849294 -4.76811223
27.948050 -6.36877071
28.046806 -8.32609505
28.145563 -10.18455543
28.244319 -11.22209836
28.343075 -11.04694162
28.441832 -10.08860369
28.540588 -9.20911860
28.639344 -9.02018010
28.738101 -9.63948536
28.836857 -10.67669977
28.935613 -11.32054807
29.034370 -10.84889045
29.133126 -9.28313972
29.231883 -7.28803169
29.330639 -5.48682723
29.429395 -4.13762428
29.528152 -3.26155534
29.626908 -2.81037802
29.725664 -2.74336369
29.824421 -3.05378385
29.923177 -3.77133912
30.021933 -4.94735433
30.120690 -6.60027862
30.219446 -8.57749340
30.318203 -10.38019352
30.416959 -11.28557537
30.515715 -10.98183615
30.614472 -9.98156465
30.713228 -9.14871780
30.811984 -9.04432423
30.910741 -9.73073044
31.009497 -10.76245629
31.108253 -11.30338800
31.207010 -10.68919202
31.305766 -9.03595705
31.404522 -7.03712289
31.503279 -5.27976981
31.602035 -3.98499652
31.700792 -3.15899852
31.799548 -2.75172045
31.898304 -2.72519611
31.997061 -3.07664873
32.095817 -3.83897717
32.194573 -5.06331537
32.293330 -6.75783040
32.392086 -8.73835990
32.490842 -10.46462150
32.589599 -11.22265041
32.688355 -10.78705715
32.787112 -9.74615494
32.885868 -8.95584531
32.984624 -8.92336536
33.083381 -9.65457386
33.182137 -10.64852553
33.280893 -11.05062722
33.379650 -10.26259448
33.478406 -8.49237377
33.577162 -6.45397535
33.675919 -4.69856755
33.774675 -3.41809495
33.873431 -2.61319654
33.972188 -2.24019938
34.070944 -2.26909022
34.169701 -2.70151271
34.268457 -3.56892789
34.367213 -4.91470334
34.465970 -6.72822610
34.564726 -8.78635501
34.663482 -10.50638910
34.762239 -11.19133361
34.860995 -10.70736924
34.959751 -9.71232771
35.058508 -9.04797488
35.157264 -9.16856583
35.256021 -10.02560994
35.354777 -11.06600297
35.453533 -11.42637567
35.552290 -10.58290858
35.651046 -8.82881459
35.749802 -6.88306191
35.848559 -5.24689279
35.947315 -4.06821944
36.046071 -3.32440767
36.144828 -2.96283498
36.243584 -2.95482686
36.342340 -3.31131268
36.441097 -4.07694834
36.539853 -5.30484426
36.638610 -6.97956912
36.737366 -8.84775237
36.836122 -10.29320681
36.934879 -10.64797286
37.033635 -9.87326256
37.132391 -8.68614134
37.231148 -7.90397866
37.329904 -7.92331258
37.428660 -8.63670454
37.527417 -9.43620796
37.626173 -9.45394365
37.724929 -8.24356560
37.823686 -6.17715874
37.922442 -3.97700153
38.021199 -2.11184517
38.119955 -0.71695979
38.218711 0.22179345
38.317468 0.74965805
38.416224 0.91027864
38.514980 0.75830553
38.613737 0.44632885
38.712493 0.30741336
38.811249 0.57477359
38.910006 1.07337562
39.008762 1.54841402
39.107519 1.92167265
39.206275 2.20433217
39.305031 2.41782937
39.403788 2.57875014
39.502544 2.69932846
39.601300 2.78820332
39.700057 2.85137568
39.798813 2.89266685
39.897569 2.91452914
39.996326 2.91987003
40.095082 2.92072435
40.193838 2.92096335
40.292595 2.92105441
40.391351 2.92108810
40.490108 2.92109341
40.588864 2.92108275
40.687620 2.92106228
40.786377 2.92103542
40.885133 2.92100425
40.983889 2.92097008
41.082646 2.92093378
41.181402 2.92089595
41.280158 2.92085702
41.378915 2.92081734
41.477671 2.92077721
41.576428 2.92073707
41.675184 2.92069770
41.773940 2.92066070
41.872697 2.92062993
41.971453 2.92061620
42.070209 2.92065929
42.168966 2.92094006
42.267722 2.92215708
42.366478 2.92427730
42.465235 2.92685758
42.563991 2.92918614
42.662747 2.93018069
42.761504 2.92822188
42.860260 2.92089294
42.959017 2.90460980
43.057773 2.87415250
43.156529 2.82179416
43.255286 2.73692779
43.354042 2.60816945
43.452798 2.43205025
43.551555 2.23415865
43.650311 2.08184778
43.749067 2.04733568
43.847824 2.14020642
43.946580 2.29684942
44.045337 2.44119961
44.144093 2.53223888
44.242849 2.56130928
44.341606 2.53218407
44.440362 2.44943675
44.539118 2.31685838
44.637875 2.14211611
44.736631 1.94949310
44.835387 1.79185692
44.934144 1.72697239
45.032900 1.75914188
45.131656 1.82251336
45.230413 1.83207493
45.329169 1.73031592
45.427926 1.50307403
45.526682 1.20500850
45.625438 0.97570598
45.724195 0.96475192
45.822951 1.19742131
45.921707 1.55372401
46.020464 1.88957789
46.119220 2.13079315
46.217976 2.26687535
46.316733 2.31062355
46.415489 2.27408799
46.514246 2.16301892
46.613002 1.97733265
46.711758 1.71455639
46.810515 1.38253214
46.909271 1.02793922
47.008027 0.75559539
47.106784 0.67223094
47.205540 0.78517930
47.304296 1.01539673
47.403053 1.28953337
47.501809 1.54419586
47.600565 1.74509506
47.699322 1.92825303
47.798078 2.12770402
47.896835 2.31764628
47.995591 2.46994815
48.094347 2.58370718
48.193104 2.66765115
48.291860 2.72979479
48.390616 2.77600830
48.489373 2.81028929
48.588129 2.83534201
48.686885 2.85289430
48.785642 2.86409424
48.884398 2.86946450
48.983155 2.87076667
49.081911 2.87103860
49.180667 2.87111069
49.279424 2.87112254
49.378180 2.87110889
49.476936 2.87108243
49.575693 2.87104893
49.674449 2.87101133
49.773205 2.87097124
49.871962 2.87092961
49.970718 2.87088699
50.069474 2.87084372
50.168231 2.87080003
50.266987 2.87075606
50.365744 2.87071190
50.464500 2.87066761
50.563256 2.87062324
50.662013 2.87057880
50.760769 2.87053446
50.859525 2.87049160
50.958282 2.87045035
51.057038 2.87041073
51.155794 2.87037275
51.254551 2.87033640
51.353307 2.87030168
51.452064 2.87026861
51.550820 2.87023717
51.649576 2.87020737
51.748333 2.87017922
51.847089 2.87015270
51.945845 2.87012782
52.044602 2.87010459
52.143358 2.87008300
52.242114 2.87006305
52.340871 2.87004474
52.439627 2.87002807
52.538383 2.87001304
52.637140 2.86999966
52.735896 2.86998791
52.834653 2.86997781
52.933409 2.86996935
53.032165 2.86996253
53.130922 2.86995735
53.229678 2.86995382
53.328434 2.86995192
53.427191 2.86995167
53.525947 2.86995306
53.624703 2.86995609
53.723460 2.86996077
53.822216 2.86996708
53.920973 2.86997504
54.019729 2.86998464
54.118485 2.86999588
54.217242 2.87000876
54.315998 2.87002328
54.414754 2.87003945
54.513511 2.87005726
54.612267 2.87007671
54.711023 2.87009780
54.809780 2.87012053
54.908536 2.87014491
55.007292 2.87017093
55.106049 2.87019858
55.204805 2.87022789
55.303562 2.87025883
55.402318 2.87029141
55.501074 2.87032564
55.599831 2.87036151
55.698587 2.87039902
55.797343 2.87043818
55.896100 2.87047897
55.994856 2.87052141
56.093612 2.87056549
56.192369 2.87061121
56.291125 2.87065858
56.389882 2.87070758
56.488638 2.87075823
56.587394 2.87081052
56.686151 2.87086445
56.784907 2.87092003
56.883663 2.87097724
56.982420 2.87103610
57.081176 2.87109660
57.179932 2.87115875
57.278689 2.87122253
57.377445 2.87128796
57.476201 2.87135503
57.574958 2.87142374
57.673714 2.87149410
57.772471 2.87156609
57.871227 2.87163973
57.969983 2.87171502
58.068740 2.87179194
58.167496 2.87187051
58.266252 2.87195071
58.365009 2.87203257
58.463765 2.87211606
58.562521 2.87220119
58.661278 2.87228797
58.760034 2.87237639
58.858791 2.87246646
58.957547 2.87255816
59.056303 2.87265151
59.155060 2.87274650
59.253816 2.87284313
59.352572 2.87294141
59.451329 2.87304132
59.550085 2.87314288
59.648841 2.87324608
59.747598 2.87335093
59.846354 2.87345742
59.945110 2.87356555
60.043867 2.87367532
60.142623 2.87378673
60.241380 2.87389979
60.340136 2.87401449
60.438892 2.87413083
60.537649 2.87424882
60.636405 2.87436844
60.735161 2.87448971
60.833918 2.87461262
60.932674 2.87473718
61.031430 2.87486338
61.130187 2.87499122
61.228943 2.87512070
61.327700 2.87525182
61.426456 2.87538459
61.525212 2.87551900
61.623969 2.87565505
61.722725 2.87579275
61.821481 2.87593208
61.920238 2.87607306
62.018994 2.87621568
62.117750 2.87635995
62.216507 2.87650586
62.315263 2.87665341
62.414019 2.87680260
62.512776 2.87695343
62.611532 2.87710591
62.710289 2.87726003
62.809045 2.87741579
62.907801 2.87757320
63.006558 2.87773225
63.105314 2.87789294
63.204070 2.87805527
63.302827 2.87821925
63.401583 2.87838486
63.500339 2.87855212
63.599096 2.87872103
63.697852 2.87889157
63.796609 2.87906376
63.895365 2.87923759
63.994121 2.87941306
64.092878 2.87959018
64.191634 2.87976894
64.290390 2.87994934
64.389147 2.88013138
64.487903 2.88031507
64.586659 2.88050039
64.685416 2.88068736
64.784172 2.88087598
64.882928 2.88106623
64.981685 2.88125813
65.080441 2.88145167
65.179198 2.88164685
65.277954 2.88184368
65.376710 2.88204215
65.475467 2.88224226
65.574223 2.88244401
65.672979 2.88264741
65.771736 2.88285244
65.870492 2.88305912
65.969248 2.88326745
66.068005 2.88347741
66.166761 2.88368902
66.265518 2.88390227
66.364274 2.88411716
66.463030 2.88433369
66.561787 2.88455187
66.660543 2.88477169
66.759299 2.88499315
66.858056 2.88521626
66.956812 2.88544100
67.055568 2.88566739
67.154325 2.88589542
67.253081 2.88612510
67.351837 2.88635641
67.450594 2.88658937
67.549350 2.88682397
67.648107 2.88706021
67.746863 2.88729810
67.845619 2.88753762
67.944376 2.88777879
68.043132 2.88802160
68.141888 2.88826606
68.240645 2.88851215
68.339401 2.88875989
68.438157 2.88900927
68.536914 2.88926030
68.635670 2.88951296
68.734427 2.88976727
68.833183 2.89002322
68.931939 2.89028081
69.030696 2.89054004
69.129452 2.89080092
69.228208 2.89106344
69.326965 2.89132760
69.425721 2.89159340
69.524477 2.89186085
69.623234 2.89212993
69.721990 2.89240066
69.820746 2.89267303
69.919503 2.89294705
70.018259 2.89322270
70.117016 2.89350000
70.215772 2.89377894
70.314528 2.89405952
70.413285 2.89434174
70.512041 2.89462561
70.610797 2.89491111
70.709554 2.89519826
70.808310 2.89548705
70.907066 2.89577749
71.005823 2.89606956
71.104579 2.89636328
71.203336 2.89665864
71.302092 2.89695564
71.400848 2.89725428
71.499605 2.89755457
71.598361 2.89785650
71.697117 2.89815992
71.795874 2.89846349
71.894630 2.89876706
71.993386 2.89907063
72.092143 2.89937420
72.190899 2.89967777
72.289655 2.89998134
72.388412 2.90028493
72.487168 2.90058871
72.585925 2.90089209
