0.098756 1.64228413
0.197513 1.64228695
0.296269 1.64228400
0.395025 1.64228372
0.493782 1.64228377
0.592538 1.64228382
0.691295 1.64228387
0.790051 1.64228391
0.888807 1.64228395
0.987564 1.64228398
1.086320 1.64228400
1.185076 1.64228401
1.283833 1.64228402
1.382589 1.64228401
1.481345 1.64228400
1.580102 1.64228397
1.678858 1.64228393
1.777614 1.64228388
1.876371 1.64228381
1.975127 1.64228373
2.073884 1.64228364
2.172640 1.64228353
2.271396 1.64228340
2.370153 1.64228326
2.468909 1.64228309
2.567665 1.64228291
2.666422 1.64228271
2.765178 1.64228249
2.863934 1.64228225
2.962691 1.64228198
3.061447 1.64228170
3.160204 1.64228139
3.258960 1.64228105
3.357716 1.64228070
3.456473 1.64228031
3.555229 1.64227990
3.653985 1.64227946
3.752742 1.64227900
3.851498 1.64227850
3.950254 1.64227798
4.049011 1.64227743
4.147767 1.64227684
4.246523 1.64227623
4.345280 1.64227558
4.444036 1.64227490
4.542793 1.64227418
4.641549 1.64227344
4.740305 1.64227265
4.839062 1.64227183
4.937818 1.64227098
5.036574 1.64227008
5.135331 1.64226915
5.234087 1.64226818
5.332843 1.64226717
5.431600 1.64226612
5.530356 1.64226503
5.629113 1.64226389
5.727869 1.64226272
5.826625 1.64226150
5.925382 1.64226024
6.024138 1.64225893
6.122894 1.64225758
6.221651 1.64225618
6.320407 1.64225474
6.419163 1.64225325
6.517920 1.64225171
6.616676 1.64225012
6.715432 1.64224848
6.814189 1.64224679
6.912945 1.64224505
7.011702 1.64224326
7.110458 1.64224142
7.209214 1.64223952
7.307971 1.64223757
7.406727 1.64223557
7.505483 1.64223351
7.604240 1.64223139
7.702996 1.64222922
7.801752 1.64222700
7.900509 1.64222471
7.999265 1.64222237
8.098022 1.64221997
8.196778 1.64221750
8.295534 1.64221498
8.394291 1.64221240
8.493047 1.64220975
8.591803 1.64220705
8.690560 1.64220428
8.789316 1.64220145
8.888072 1.64219855
8.986829 1.64219559
9.085585 1.64219256
9.184341 1.64218947
9.283098 1.64218631
9.381854 1.64218309
9.480611 1.64217979
9.579367 1.64217643
9.678123 1.64217300
9.776880 1.64216950
9.875636 1.64216593
9.974392 1.64216229
10.073149 1.64215857
10.171905 1.64215479
10.270661 1.64215093
10.369418 1.64214700
10.468174 1.64214300
10.566931 1.64213892
10.665687 1.64213477
10.764443 1.64213054
10.863200 1.64212623
10.961956 1.64212186
11.060712 1.64211739
11.159469 1.64211286
11.258225 1.64210824
11.356981 1.64210355
11.455738 1.64209877
11.554494 1.64209391
11.653250 1.64208897
11.752007 1.64208395
11.850763 1.64207885
11.949520 1.64207366
12.048276 1.64206838
12.147032 1.64206302
12.245789 1.64205757
12.344545 1.64205203
12.443301 1.64204640
12.542058 1.64204068
12.640814 1.64203486
12.739570 1.64202895
12.838327 1.64202294
12.937083 1.64201683
13.035840 1.64201062
13.134596 1.64200430
13.233352 1.64199787
13.332109 1.64199134
13.430865 1.64198468
13.529621 1.64197791
13.628378 1.64197100
13.727134 1.64196397
13.825890 1.64195679
13.924647 1.64194948
14.023403 1.64194201
14.122159 1.64193438
14.220916 1.64192657
14.319672 1.64191858
14.418429 1.64191039
14.517185 1.64190199
14.615941 1.64189335
14.714698 1.64188447
14.813454 1.64187531
14.912210 1.64186586
15.010967 1.64185607
15.109723 1.64184594
15.208479 1.64183540
15.307236 1.64182445
15.405992 1.64181299
15.504749 1.64180102
15.603505 1.64178844
15.702261 1.64177522
15.801018 1.64176125
15.899774 1.64174647
15.998530 1.64173076
16.097287 1.64171403
16.196043 1.64169614
16.294799 1.64167697
16.393556 1.64165634
16.492312 1.64163410
16.591068 1.64161001
16.689825 1.64158388
16.788581 1.64155543
16.887338 1.64152439
16.986094 1.64149041
17.084850 1.64145316
17.183607 1.64141219
17.282363 1.64136707
17.381119 1.64131724
17.479876 1.64126217
17.578632 1.64120114
17.677388 1.64113346
17.776145 1.64105827
17.874901 1.64097466
17.973658 1.64088155
18.072414 1.64077782
18.171170 1.64066211
18.269927 1.64053300
18.368683 1.64038880
18.467439 1.64022772
18.566196 1.64004767
18.664952 1.63984639
18.763708 1.63962129
18.862465 1.63936956
18.961221 1.63908797
19.059977 1.63877303
19.158734 1.63842074
19.257490 1.63802677
19.356247 1.63758618
19.455003 1.63709360
19.553759 1.63654294
19.652516 1.63592758
19.751272 1.63524003
19.850028 1.63447212
19.948785 1.63361467
20.047541 1.63265762
20.146297 1.63158975
20.245054 1.63039872
20.343810 1.62907079
20.442567 1.62759088
20.541323 1.62594223
20.640079 1.62410643
20.738836 1.62206307
20.837592 1.61978973
20.936348 1.61726158
21.035105 1.61445139
21.133861 1.61132906
21.232617 1.60786152
21.331374 1.60401232
21.430130 1.59974142
21.528886 1.59500471
21.627643 1.58975372
21.726399 1.58393507
21.825156 1.57749004
21.923912 1.57035385
22.022668 1.56245505
22.121425 1.55371453
22.220181 1.54404456
22.318937 1.53334730
22.417694 1.52151325
22.516450 1.50841884
22.615206 1.49392377
22.713963 1.47786703
22.812719 1.46006207
22.911476 1.44028987
23.010232 1.41829019
23.108988 1.39374901
23.207745 1.36628237
23.306501 1.33541297
23.405257 1.30053994
23.504014 1.26089452
23.602770 1.21548259
23.701526 1.16299985
23.800283 1.10172133
23.899039 1.02933838
23.997795 0.94274479
24.096552 0.83772517
24.195308 0.70854087
24.294065 0.54735691
24.392821 0.34342198
24.491577 0.08212716
24.590334 -0.25651082
24.689090 -0.69778847
24.787846 -1.25973469
24.886603 -1.88417942
24.985359 -2.32972424
25.084115 -2.37119270
25.182872 -2.16681377
25.281628 -2.03282850
25.380385 -2.12029826
25.479141 -2.48206364
25.577897 -3.17181166
25.676654 -4.26147718
25.775410 -5.80298513
25.874166 -7.71440823
25.972923 -9.59590006
26.071679 -10.74446702
26.170435 -10.70237748
26.269192 -9.81190146
26.367948 -8.92117409
26.466704 -8.68604443
26.565461 -9.27563339
26.664217 -10.35153887
26.762974 -11.13037920
26.861730 -10.83860757
26.960486 -9.39981532
27.059243 -7.44031482
27.157999 -5.61622553
27.256755 -4.22538519
27.355512 -3.30671657
27.454268 -2.81529527
27.553024 -2.70846659
27.651781 -2.97605753
27.750537 -3.64476421
27.849294 -4.76582041
27.948050 -6.36666623
28.046806 -8.32416997
28.145563 -10.18277753
28.244319 -11.22040443
28.343075 -11.04524217
28.441832 -10.08679748
28.540588 -9.20710730
28.639344 -9.01787436
28.738101 -9.63681035
28.836857 -10.67360079
28.935613 -11.31699435
29.034370 -10.84487725
29.133126 -9.27867661
29.231883 -7.28313541
29.330639 -5.48152175
29.429395 -4.13194695
29.528152 -3.25555628
29.626908 -2.80411491
29.725664 -2.73689679
29.824421 -3.04717313
29.923177 -3.76464623
30.021933 -4.94064835
30.120690 -6.59363793
30.219446 -8.57100488
30.318203 -10.37394672
30.416959 -11.27966098
30.515715 -10.97635460
30.614472 -9.97663885
30.713228 -9.14452162
30.811984 -9.04111841
30.910741 -9.72889254
31.009497 -10.76250505
31.108253 -11.30597416
31.207010 -10.69501507
31.305766 -9.04560424
31.404522 -7.05093499
31.503279 -5.29783323
31.602035 -4.00722474
31.700792 -3.18521746
31.799548 -2.78176563
31.898304 -2.75902580
31.997061 -3.11444464
32.095817 -3.88122885
32.194573 -5.11086511
32.293330 -6.81186546
32.392086 -8.80038888
32.490842 -10.53645814
32.589599 -11.30641770
32.688355 -10.88516843
32.787112 -9.86125189
32.885868 -9.09082384
32.984624 -9.08150336
33.083381 -9.83967456
33.182137 -10.86503140
33.280893 -11.30363441
33.379650 -10.55761075
33.478406 -8.83467344
33.577162 -6.84745175
33.675919 -5.14398353
33.774675 -3.91085376
33.873431 -3.14149817
33.972188 -2.78496029
34.070944 -2.80645938
34.169701 -3.20741791
34.268457 -4.02398543
34.367213 -5.30666178
34.465970 -7.05166201
34.564726 -9.04084979
34.663482 -10.69440051
34.762239 -11.31649746
34.860995 -10.77329691
34.959751 -9.72181700
35.058508 -9.00257990
35.157264 -9.06832791
35.256021 -9.86892976
35.354777 -10.84968536
35.453533 -11.14605923
35.552290 -10.23431542
35.651046 -8.40996986
35.749802 -6.39700928
35.848559 -4.70382353
35.947315 -3.48585598
36.046071 -2.72582883
36.144828 -2.37204127
36.243584 -2.39191820
36.342340 -2.78946444
36.441097 -3.60205721
36.539853 -4.87715353
36.638610 -6.59591570
36.737366 -8.50341133
36.836122 -9.98301623
36.934879 -10.36693567
37.033635 -9.61687721
37.132391 -8.45055805
37.231148 -7.68596697
37.329904 -7.72010309
37.428660 -8.44581779
37.527417 -9.25529103
37.626173 -9.28067378
37.724929 -8.07571180
37.823686 -6.01272333
37.922442 -3.81429627
38.021199 -1.94943830
38.119955 -0.55385133
38.218711 0.38615111
38.317468 0.91552480
38.416224 1.07776568
38.514980 0.92745354
38.613737 0.61714134
38.712493 0.47988458
38.811249 0.74889127
38.910006 1.24912427
39.008762 1.72576181
39.107519 2.10056982
39.206275 2.38469714
39.305031 2.59953320
39.403788 2.76163279
39.502544 2.88321915
39.601300 2.97293125
39.700057 3.03676919
39.798813 3.07854941
39.897569 3.10072075
39.996326 3.10620197
40.095082 3.10714320
40.193838 3.10745939
40.292595 3.10762433
40.391351 3.10773032
40.490108 3.10780713
40.588864 3.10786753
40.687620 3.10791789
40.786377 3.10796174
40.885133 3.10800120
40.983889 3.10803762
41.082646 3.10807189
41.181402 3.10810461
41.280158 3.10813621
41.378915 3.10816701
41.477671 3.10819734
41.576428 3.10822760
41.675184 3.10825854
41.773940 3.10829174
41.872697 3.10833101
41.971453 3.10838711
42.070209 3.10849970
42.168966 3.10884940
42.267722 3.11013404
42.366478 3.11232099
42.465235 3.11496758
42.563991 3.11736246
42.662747 3.11842363
42.761504 3.11653199
42.860260 3.10927091
42.959017 3.09305640
43.057773 3.06266858
43.156529 3.01038053
43.255286 2.92558527
43.354042 2.79689870
43.452798 2.62085185
43.551555 2.42303295
43.650311 2.27079493
43.749067 2.23635566
43.847824 2.32929921
43.946580 2.48601518
44.045337 2.63043880
44.144093 2.72155224
44.242849 2.75069778
44.341606 2.72164891
44.440362 2.63897926
44.539118 2.50647992
44.637875 2.33181794
44.736631 2.13927625
44.835387 1.98172210
44.934144 1.91691992
45.032900 1.94917170
45.131656 2.01262506
45.230413 2.02226800
45.329169 1.92058978
45.427926 1.69342839
45.526682 1.39544342
45.625438 1.16622200
45.724195 1.15535000
45.822951 1.38810223
45.921707 1.74448823
46.020464 2.08042561
46.119220 2.32172454
46.217976 2.45789092
46.316733 2.50172410
46.415489 2.46527456
46.514246 2.35429263
46.613002 2.16869462
46.711758 1.90600750
46.810515 1.57407293
46.909271 1.21956967
47.008027 0.94731477
47.106784 0.86403804
47.205540 0.97707294
47.304296 1.20737626
47.403053 1.48159897
47.501809 1.73634848
47.600565 1.93733643
47.699322 2.12058534
47.798078 2.32012976
47.896835 2.51016782
47.995591 2.66256749
48.094347 2.77642573
48.193104 2.86046963
48.291860 2.92271311
48.390616 2.96902553
48.489373 3.00340362
48.588129 3.02855059
48.686885 3.04619320
48.785642 3.05747856
48.884398 3.06292850
48.983155 3.06430554
49.081911 3.06465054
49.180667 3.06479497
49.279424 3.06487875
49.378180 3.06493676
49.476936 3.06498178
49.575693 3.06501965
49.674449 3.06505333
49.773205 3.06508447
49.871962 3.06511403
49.970718 3.06514258
50.069474 3.06517046
50.168231 3.06519791
50.266987 3.06522507
50.365744 3.06525203
50.464500 3.06527886
50.563256 3.06530560
50.662013 3.06533228
50.760769 3.06535903
50.859525 3.06538693
50.958282 3.06541611
51.057038 3.06544656
51.155794 3.06547830
51.254551 3.06551133
51.353307 3.06554565
51.452064 3.06558126
51.550820 3.06561816
51.649576 3.06565636
51.748333 3.06569585
51.847089 3.06573663
51.945845 3.06577871
52.044602 3.06582208
52.143358 3.06586675
52.242114 3.06591271
52.340871 3.06595997
52.439627 3.06600852
52.538383 3.06605836
52.637140 3.06610950
52.735896 3.06616194
52.834653 3.06621567
52.933409 3.06627070
53.032165 3.06632702
53.130922 3.06638463
53.229678 3.06644354
53.328434 3.06650375
53.427191 3.06656525
53.525947 3.06662804
53.624703 3.06669213
53.723460 3.06675752
53.822216 3.06682420
53.920973 3.06689217
54.019729 3.06696144
54.118485 3.06703200
54.217242 3.06710386
54.315998 3.06717701
54.414754 3.06725146
54.513511 3.06732720
54.612267 3.06740424
54.711023 3.06748257
54.809780 3.06756220
54.908536 3.06764312
55.007292 3.06772533
55.106049 3.06780884
55.204805 3.06789365
55.303562 3.06797975
55.402318 3.06806714
55.501074 3.06815583
55.599831 3.06824581
55.698587 3.06833709
55.797343 3.06842966
55.896100 3.06852352
55.994856 3.06861868
56.093612 3.06871514
56.192369 3.06881288
56.291125 3.06891193
56.389882 3.06901226
56.488638 3.06911389
56.587394 3.06921682
56.686151 3.06932104
56.784907 3.06942655
56.883663 3.06953336
56.982420 3.06964146
57.081176 3.06975086
57.179932 3.06986155
57.278689 3.06997353
57.377445 3.07008681
57.476201 3.07020139
57.574958 3.07031725
57.673714 3.07043441
57.772471 3.07055287
57.871227 3.07067262
57.969983 3.07079366
58.068740 3.07091600
58.167496 3.07103963
58.266252 3.07116456
58.365009 3.07129078
58.463765 3.07141829
58.562521 3.07154710
58.661278 3.07167720
58.760034 3.07180860
58.858791 3.07194129
58.957547 3.07207527
59.056303 3.07221055
59.155060 3.07234712
59.253816 3.07248498
59.352572 3.07262414
59.451329 3.07276460
59.550085 3.07290634
59.648841 3.07304938
59.747598 3.07319372
59.846354 3.07333935
59.945110 3.07348627
60.043867 3.07363449
60.142623 3.07378400
60.241380 3.07393480
60.340136 3.07408690
60.438892 3.07424029
60.537649 3.07439498
60.636405 3.07455096
60.735161 3.07470823
60.833918 3.07486680
60.932674 3.07502666
61.031430 3.07518781
61.130187 3.07535026
61.228943 3.07551400
61.327700 3.07567904
61.426456 3.07584537
61.525212 3.07601299
61.623969 3.07618191
61.722725 3.07635212
61.821481 3.07652363
61.920238 3.07669643
62.018994 3.07687052
62.117750 3.07704590
62.216507 3.07722258
62.315263 3.07740056
62.414019 3.07757983
62.512776 3.07776039
62.611532 3.07794224
62.710289 3.07812539
62.809045 3.07830983
62.907801 3.07849557
63.006558 3.07868260
63.105314 3.07887092
63.204070 3.07906054
63.302827 3.07925145
63.401583 3.07944365
63.500339 3.07963715
63.599096 3.07983194
63.697852 3.08002803
63.796609 3.08022541
63.895365 3.08042408
63.994121 3.08062405
64.092878 3.08082531
64.191634 3.08102787
64.290390 3.08123171
64.389147 3.08143686
64.487903 3.08164329
64.586659 3.08185102
64.685416 3.08206004
64.784172 3.08227036
64.882928 3.08248197
64.981685 3.08269487
65.080441 3.08290907
65.179198 3.08312456
65.277954 3.08334135
65.376710 3.08355943
65.475467 3.08377880
65.574223 3.08399947
65.672979 3.08422143
65.771736 3.08444468
65.870492 3.08466923
65.969248 3.08489507
66.068005 3.08512221
66.166761 3.08535063
66.265518 3.08558036
66.364274 3.08581137
66.463030 3.08604368
66.561787 3.08627729
66.660543 3.08651219
66.759299 3.08674838
66.858056 3.08698586
66.956812 3.08722464
67.055568 3.08746471
67.154325 3.08770608
67.253081 3.08794874
67.351837 3.08819270
67.450594 3.08843794
67.549350 3.08868448
67.648107 3.08893232
67.746863 3.08918145
67.845619 3.08943187
67.944376 3.08968359
68.043132 3.08993660
68.141888 3.09019090
68.240645 3.09044650
68.339401 3.09070340
68.438157 3.09096158
68.536914 3.09122106
68.635670 3.09148183
68.734427 3.09174390
68.833183 3.09200726
68.931939 3.09227192
69.030696 3.09253787
69.129452 3.09280511
69.228208 3.09307365
69.326965 3.09334348
69.425721 3.09361460
69.524477 3.09388702
69.623234 3.09416073
69.721990 3.09443574
69.820746 3.09471204
69.919503 3.09498963
70.018259 3.09526852
70.117016 3.09554870
70.215772 3.09583018
70.314528 3.09611295
70.413285 3.09639701
70.512041 3.09668237
70.610797 3.09696902
70.709554 3.09725697
70.808310 3.09754621
70.907066 3.09783674
71.005823 3.09812857
71.104579 3.09842169
71.203336 3.09871611
71.302092 3.09901182
71.400848 3.09930882
71.499605 3.09960712
71.598361 3.09990671
71.697117 3.10020749
71.795874 3.10050837
71.894630 3.10080926
71.993386 3.10111014
72.092143 3.10141103
72.190899 3.10171191
72.289655 3.10201280
72.388412 3.10231371
72.487168 3.10261479
72.585925 3.10291549
