0.098756 1.65627823
0.197513 1.65627870
0.296269 1.65627819
0.395025 1.65627813
0.493782 1.65627813
0.592538 1.65627814
0.691295 1.65627814
0.790051 1.65627815
0.888807 1.65627816
0.987564 1.65627817
1.086320 1.65627819
1.185076 1.65627821
1.283833 1.65627823
1.382589 1.65627826
1.481345 1.65627829
1.580102 1.65627833
1.678858 1.65627837
1.777614 1.65627842
1.876371 1.65627847
1.975127 1.65627853
2.073884 1.65627859
2.172640 1.65627866
2.271396 1.65627874
2.370153 1.65627882
2.468909 1.65627891
2.567665 1.65627901
2.666422 1.65627912
2.765178 1.65627924
2.863934 1.65627936
2.962691 1.65627949
3.061447 1.65627963
3.160204 1.65627978
3.258960 1.65627994
3.357716 1.65628012
3.456473 1.65628030
3.555229 1.65628049
3.653985 1.65628069
3.752742 1.65628090
3.851498 1.65628112
3.950254 1.65628136
4.049011 1.65628161
4.147767 1.65628187
4.246523 1.65628213
4.345280 1.65628242
4.444036 1.65628271
4.542793 1.65628302
4.641549 1.65628334
4.740305 1.65628368
4.839062 1.65628403
4.937818 1.65628439
5.036574 1.65628477
5.135331 1.65628516
5.234087 1.65628556
5.332843 1.65628598
5.431600 1.65628642
5.530356 1.65628687
5.629113 1.65628733
5.727869 1.65628781
5.826625 1.65628831
5.925382 1.65628882
6.024138 1.65628934
6.122894 1.65628989
6.221651 1.65629045
6.320407 1.65629102
6.419163 1.65629161
6.517920 1.65629222
6.616676 1.65629285
6.715432 1.65629349
6.814189 1.65629415
6.912945 1.65629483
7.011702 1.65629552
7.110458 1.65629623
7.209214 1.65629696
7.307971 1.65629770
7.406727 1.65629846
7.505483 1.65629925
7.604240 1.65630004
7.702996 1.65630086
7.801752 1.65630169
7.900509 1.65630255
7.999265 1.65630342
8.098022 1.65630431
8.196778 1.65630521
8.295534 1.65630614
8.394291 1.65630707
8.493047 1.65630804
8.591803 1.65630901
8.690560 1.65631001
8.789316 1.65631102
8.888072 1.65631206
8.986829 1.65631310
9.085585 1.65631417
9.184341 1.65631526
9.283098 1.65631636
9.381854 1.65631748
9.480611 1.65631862
9.579367 1.65631977
9.678123 1.65632095
9.776880 1.65632213
9.875636 1.65632334
9.974392 1.65632456
10.073149 1.65632581
10.171905 1.65632706
10.270661 1.65632834
10.369418 1.65632962
10.468174 1.65633093
10.566931 1.65633225
10.665687 1.65633359
10.764443 1.65633494
10.863200 1.65633631
10.961956 1.65633768
11.060712 1.65633909
11.159469 1.65634049
11.258225 1.65634192
11.356981 1.65634334
11.455738 1.65634480
11.554494 1.65634625
11.653250 1.65634773
11.752007 1.65634920
11.850763 1.65635070
11.949520 1.65635219
12.048276 1.65635370
12.147032 1.65635521
12.245789 1.65635674
12.344545 1.65635826
12.443301 1.65635979
12.542058 1.65636132
12.640814 1.65636286
12.739570 1.65636438
12.838327 1.65636591
12.937083 1.65636742
13.035840 1.65636894
13.134596 1.65637044
13.233352 1.65637193
13.332109 1.65637339
13.430865 1.65637485
13.529621 1.65637626
13.628378 1.65637766
13.727134 1.65637901
13.825890 1.65638033
13.924647 1.65638158
14.023403 1.65638278
14.122159 1.65638391
14.220916 1.65638497
14.319672 1.65638593
14.418429 1.65638679
14.517185 1.65638753
14.615941 1.65638814
14.714698 1.65638858
14.813454 1.65638886
14.912210 1.65638892
15.010967 1.65638876
15.109723 1.65638833
15.208479 1.65638762
15.307236 1.65638655
15.405992 1.65638511
15.504749 1.65638322
15.603505 1.65638085
15.702261 1.65637790
15.801018 1.65637432
15.899774 1.65637001
15.998530 1.65636489
16.097287 1.65635882
16.196043 1.65635171
16.294799 1.65634340
16.393556 1.65633375
16.492312 1.65632256
16.591068 1.65630965
16.689825 1.65629477
16.788581 1.65627769
16.887338 1.65625809
16.986094 1.65623568
17.084850 1.65621007
17.183607 1.65618086
17.282363 1.65614756
17.381119 1.65610968
17.479876 1.65606660
17.578632 1.65601769
17.677388 1.65596217
17.776145 1.65589923
17.874901 1.65582791
17.973658 1.65574719
18.072414 1.65565585
18.171170 1.65555259
18.269927 1.65543590
18.368683 1.65530415
18.467439 1.65515546
18.566196 1.65498775
18.664952 1.65479870
18.763708 1.65458572
18.862465 1.65434590
18.961221 1.65407601
19.059977 1.65377244
19.158734 1.65343118
19.257490 1.65304774
19.356247 1.65261716
19.455003 1.65213387
19.553759 1.65159175
19.652516 1.65098393
19.751272 1.65030282
19.850028 1.64953999
19.948785 1.64868611
20.047541 1.64773078
20.146297 1.64666255
20.245054 1.64546870
20.343810 1.64413517
20.442567 1.64264639
20.541323 1.64098518
20.640079 1.63913253
20.738836 1.63706748
20.837592 1.63476686
20.936348 1.63220516
21.035105 1.62935422
21.133861 1.62618303
21.232617 1.62265746
21.331374 1.61873989
21.430130 1.61438900
21.528886 1.60955924
21.627643 1.60420062
21.726399 1.59825805
21.825156 1.59167098
21.923912 1.58437264
22.022668 1.57628947
22.121425 1.56734007
22.220181 1.55743434
22.318937 1.54647189
22.417694 1.53434062
22.516450 1.52091422
22.615206 1.50604967
22.713963 1.48958306
22.812719 1.47132514
22.911476 1.45105403
23.010232 1.42850697
23.108988 1.40336726
23.207745 1.37524883
23.306501 1.34367222
23.405257 1.30803514
23.504014 1.26756753
23.602770 1.22127494
23.701526 1.16785308
23.800283 1.10557817
23.899039 1.03214329
23.997795 0.94444531
24.096552 0.83827252
24.195308 0.70789130
24.294065 0.54547212
24.392821 0.34026991
24.491577 0.07768158
24.590334 -0.26227068
24.689090 -0.70487982
24.787846 -1.26817288
24.886603 -1.89398097
24.985359 -2.34090715
25.084115 -2.38146906
25.182872 -2.17626236
25.281628 -2.04155154
25.380385 -2.12843592
25.479141 -2.48977374
25.577897 -3.17923552
25.676654 -4.26871606
25.775410 -5.81009140
25.874166 -7.72139194
25.972923 -9.60275448
26.071679 -10.75118998
26.170435 -10.70897981
26.269192 -9.81840986
26.367948 -8.92762503
26.466704 -8.69247166
26.565461 -9.28205385
26.664217 -10.35793885
26.762974 -11.13670519
26.861730 -10.84476870
26.960486 -9.40570375
27.059243 -7.44582823
27.157999 -5.62126651
27.256755 -4.22985378
27.355512 -3.31052105
27.454268 -2.81837681
27.553024 -2.71082027
27.651781 -2.97773921
27.750537 -3.64587807
27.849294 -4.76649381
27.948050 -6.36703049
28.046806 -8.32436027
28.145563 -10.18294829
28.244319 -11.22074192
28.343075 -11.04594191
28.441832 -10.08801255
28.540588 -9.20891456
28.639344 -9.02027045
28.738101 -9.63971520
28.836857 -10.67686197
28.935613 -11.32039860
29.034370 -10.84818196
29.133126 -9.28166624
29.231883 -7.28566212
29.330639 -5.48350048
29.429395 -4.13333263
29.528152 -3.25634361
29.626908 -2.80435128
29.725664 -2.73669175
29.824421 -3.04669427
29.923177 -3.76409522
30.021933 -4.94022373
30.120690 -6.59350360
30.219446 -8.57127644
30.318203 -10.37469266
30.416959 -11.28089662
30.515715 -10.97801474
30.614472 -9.97854321
30.713228 -9.14635021
30.811984 -9.04239755
30.910741 -9.72899150
31.009497 -10.76063745
31.108253 -11.30123603
31.207010 -10.68650294
31.305766 -9.03260226
31.404522 -7.03305655
31.503279 -5.27501580
31.602035 -3.97963481
31.700792 -3.15316611
31.799548 -2.74561860
31.898304 -2.71908944
31.997061 -3.07084992
32.095817 -3.83381650
32.194573 -5.05910201
32.293330 -6.75481278
32.392086 -8.73669697
32.490842 -10.46436255
32.589599 -11.22371402
32.688355 -10.78920402
32.787112 -9.74896609
32.885868 -8.95872769
32.984624 -8.92557939
33.083381 -9.65526602
33.182137 -10.64675266
33.280893 -11.04540820
33.379650 -10.25303599
33.478406 -8.47782201
33.577162 -6.43409226
33.675919 -4.67329271
33.774675 -3.38755872
33.873431 -2.57763282
33.972188 -2.19982741
34.070944 -2.22394380
34.169701 -2.65133335
34.268457 -3.51349055
34.367213 -4.85373068
34.465970 -6.66112361
34.564726 -8.71206919
34.663482 -10.42332189
34.762239 -11.09728682
34.860995 -10.59954254
34.959751 -9.58737167
35.058508 -8.90207751
35.157264 -8.99753766
35.256021 -9.82493621
35.354777 -10.83095209
35.453533 -11.15233711
35.552290 -10.26616175
35.651046 -8.46796033
35.749802 -6.48110878
35.848559 -4.81339333
35.947315 -3.62010121
36.046071 -2.88422530
36.144828 -2.55466508
36.243584 -2.59960836
36.342340 -3.02376186
36.441097 -3.86502984
36.539853 -5.17116618
36.638610 -6.92328722
36.737366 -8.86600316
36.836122 -10.38198266
36.934879 -10.80277448
37.033635 -10.08997986
37.132391 -8.96201353
37.231148 -8.23833858
37.329904 -8.31816037
37.428660 -9.09689004
37.527417 -9.96905821
37.626173 -10.06768725
37.724929 -8.94377538
37.823686 -6.96233209
37.922442 -4.83596276
38.021199 -3.02497325
38.119955 -1.66092450
38.218711 -0.73132819
38.317468 -0.19651924
38.416224 -0.01983772
38.514980 -0.15249136
38.613737 -0.44560020
38.712493 -0.56796753
38.811249 -0.28696128
38.910006 0.22248681
39.008762 0.70609365
39.107519 1.08624458
39.206275 1.37486858
39.305031 1.59418570
39.403788 1.76103376
39.502544 1.88726877
39.601300 1.98049906
39.700057 2.04578155
39.798813 2.08735346
39.897569 2.10825946
39.996326 2.11264528
40.095082 2.11268496
40.193838 2.11208994
40.292595 2.11133782
40.391351 2.11052513
40.490108 2.10968275
40.588864 2.10882367
40.687620 2.10795426
40.786377 2.10707804
40.885133 2.10619716
40.983889 2.10531300
41.082646 2.10442648
41.181402 2.10353827
41.280158 2.10264884
41.378915 2.10175858
41.477671 2.10086785
41.576428 2.09997715
41.675184 2.09908726
41.773940 2.09819984
41.872697 2.09731871
41.971453 2.09645467
42.070209 2.09564720
42.168966 2.09507629
42.267722 2.09543557
42.366478 2.09668824
42.465235 2.09838929
42.563991 2.09982632
42.662747 2.09991728
42.761504 2.09704389
42.860260 2.08879110
42.959017 2.07157686
43.057773 2.04018367
43.156529 1.98688679
43.255286 1.90108127
43.354042 1.77138433
43.452798 1.59432767
43.551555 1.39550064
43.650311 1.24225827
43.749067 1.20682060
43.847824 1.29877183
43.946580 1.45449852
44.045337 1.59793047
44.144093 1.68804363
44.242849 1.71617403
44.341606 1.68608945
44.440362 1.60235976
44.539118 1.46877516
44.637875 1.29300443
44.736631 1.09933513
44.835387 0.94064169
44.934144 0.87469717
45.032900 0.90581244
45.131656 0.96814253
45.230413 0.97667957
45.329169 0.87391261
45.427926 0.64567453
45.526682 0.34661630
45.625438 0.11631361
45.724195 0.10434347
45.822951 0.33598214
45.921707 0.69124725
46.020464 1.02606294
46.119220 1.26624069
46.217976 1.40128239
46.316733 1.44398184
46.415489 1.40638561
46.514246 1.29424190
46.613002 1.10746668
46.711758 0.84358912
46.810515 0.51045592
46.909271 0.15475372
47.008027 -0.11869035
47.106784 -0.20313866
47.205540 -0.09125763
47.304296 0.13790289
47.403053 0.41098373
47.501809 0.66458134
47.600565 0.86439776
47.699322 1.04644819
47.798078 1.24476336
47.896835 1.43354198
47.995591 1.58465652
48.094347 1.69721114
48.193104 1.77994215
48.291860 1.84087392
48.390616 1.88588703
48.489373 1.91899065
48.588129 1.94290181
48.686885 1.95936276
48.785642 1.96953312
48.884398 1.97394707
48.983155 1.97435293
49.081911 1.97375055
49.180667 1.97295673
49.279424 1.97210742
49.378180 1.97123569
49.476936 1.97035318
49.575693 1.96946501
49.674449 1.96857368
49.773205 1.96768053
49.871962 1.96678628
49.970718 1.96589136
50.069474 1.96499603
50.168231 1.96410044
50.266987 1.96320469
50.365744 1.96230883
50.464500 1.96141290
50.563256 1.96051692
50.662013 1.95962092
50.760769 1.95872540
50.859525 1.95783516
50.958282 1.95695069
51.057038 1.95607201
51.155794 1.95519911
51.254551 1.95433200
51.353307 1.95347067
51.452064 1.95261513
51.550820 1.95176537
51.649576 1.95092140
51.748333 1.95008321
51.847089 1.94925081
51.945845 1.94842419
52.044602 1.94760335
52.143358 1.94678831
52.242114 1.94597904
52.340871 1.94517557
52.439627 1.94437787
52.538383 1.94358597
52.637140 1.94279984
52.735896 1.94201951
52.834653 1.94124495
52.933409 1.94047618
53.032165 1.93971320
53.130922 1.93895600
53.229678 1.93820459
53.328434 1.93745896
53.427191 1.93671911
53.525947 1.93598505
53.624703 1.93525678
53.723460 1.93453429
53.822216 1.93381758
53.920973 1.93310667
54.019729 1.93240153
54.118485 1.93170218
54.217242 1.93100862
54.315998 1.93032084
54.414754 1.92963884
54.513511 1.92896263
54.612267 1.92829221
54.711023 1.92762757
54.809780 1.92696871
54.908536 1.92631564
55.007292 1.92566836
55.106049 1.92502686
55.204805 1.92439115
55.303562 1.92376122
55.402318 1.92313707
55.501074 1.92251872
55.599831 1.92190614
55.698587 1.92129935
55.797343 1.92069835
55.896100 1.92010314
55.994856 1.91951370
56.093612 1.91893006
56.192369 1.91835220
56.291125 1.91778012
56.389882 1.91721383
56.488638 1.91665333
56.587394 1.91609861
56.686151 1.91554967
56.784907 1.91500652
56.883663 1.91446916
56.982420 1.91393758
57.081176 1.91341179
57.179932 1.91289179
57.278689 1.91237757
57.377445 1.91186913
57.476201 1.91136648
57.574958 1.91086962
57.673714 1.91037854
57.772471 1.90989325
57.871227 1.90941374
57.969983 1.90894002
58.068740 1.90847209
58.167496 1.90800994
58.266252 1.90755357
58.365009 1.90710299
58.463765 1.90665820
58.562521 1.90621920
58.661278 1.90578598
58.760034 1.90535854
58.858791 1.90493689
58.957547 1.90452103
59.056303 1.90411095
59.155060 1.90370666
59.253816 1.90330816
59.352572 1.90291544
59.451329 1.90252850
59.550085 1.90214735
59.648841 1.90177199
59.747598 1.90140242
59.846354 1.90103863
59.945110 1.90068062
60.043867 1.90032840
60.142623 1.89998197
60.241380 1.89964133
60.340136 1.89930647
60.438892 1.89897739
60.537649 1.89865410
60.636405 1.89833660
60.735161 1.89802489
60.833918 1.89771896
60.932674 1.89741881
61.031430 1.89712445
61.130187 1.89683588
61.228943 1.89655310
61.327700 1.89627610
61.426456 1.89600488
61.525212 1.89573946
61.623969 1.89547981
61.722725 1.89522596
61.821481 1.89497789
61.920238 1.89473561
62.018994 1.89449911
62.117750 1.89426840
62.216507 1.89404347
62.315263 1.89382433
62.414019 1.89361098
62.512776 1.89340342
62.611532 1.89320164
62.710289 1.89300564
62.809045 1.89281543
62.907801 1.89263101
63.006558 1.89245238
63.105314 1.89227953
63.204070 1.89211246
63.302827 1.89195119
63.401583 1.89179569
63.500339 1.89164599
63.599096 1.89150207
63.697852 1.89136394
63.796609 1.89123159
63.895365 1.89110503
63.994121 1.89098426
64.092878 1.89086927
64.191634 1.89076007
64.290390 1.89065665
64.389147 1.89055903
64.487903 1.89046718
64.586659 1.89038113
64.685416 1.89030085
64.784172 1.89022637
64.882928 1.89015767
64.981685 1.89009476
65.080441 1.89003763
65.179198 1.88998629
65.277954 1.88994074
65.376710 1.88990097
65.475467 1.88986699
65.574223 1.88983880
65.672979 1.88981639
65.771736 1.88979977
65.870492 1.88978893
65.969248 1.88978388
66.068005 1.88978462
66.166761 1.88979114
66.265518 1.88980345
66.364274 1.88982154
66.463030 1.88984542
66.561787 1.88987509
66.660543 1.88991055
66.759299 1.88995179
66.858056 1.88999881
66.956812 1.89005162
67.055568 1.89011022
67.154325 1.89017461
67.253081 1.89024478
67.351837 1.89032073
67.450594 1.89040248
67.549350 1.89049001
67.648107 1.89058332
67.746863 1.89068242
67.845619 1.89078731
67.944376 1.89089798
68.043132 1.89101444
68.141888 1.89113669
68.240645 1.89126472
68.339401 1.89139854
68.438157 1.89153815
68.536914 1.89168354
68.635670 1.89183472
68.734427 1.89199168
68.833183 1.89215443
68.931939 1.89232297
69.030696 1.89249729
69.129452 1.89267740
69.228208 1.89286329
69.326965 1.89305497
69.425721 1.89325244
69.524477 1.89345569
69.623234 1.89366473
69.721990 1.89387956
69.820746 1.89410017
69.919503 1.89432656
70.018259 1.89455875
70.117016 1.89479672
70.215772 1.89504047
70.314528 1.89529002
70.413285 1.89554535
70.512041 1.89580646
70.610797 1.89607336
70.709554 1.89634605
70.808310 1.89662452
70.907066 1.89690878
71.005823 1.89719883
71.104579 1.89749466
71.203336 1.89779628
71.302092 1.89810368
71.400848 1.89841687
71.499605 1.89873585
71.598361 1.89906062
71.697117 1.89939067
71.795874 1.89972122
71.894630 1.90005177
71.993386 1.90038232
72.092143 1.90071287
72.190899 1.90104342
72.289655 1.90137397
72.388412 1.90170455
72.487168 1.90203535
72.585925 1.90236566
