0.098756 1.65155402
0.197513 1.65155449
0.296269 1.65155398
0.395025 1.65155394
0.493782 1.65155395
0.592538 1.65155396
0.691295 1.65155397
0.790051 1.65155398
0.888807 1.65155398
0.987564 1.65155398
1.086320 1.65155398
1.185076 1.65155398
1.283833 1.65155397
1.382589 1.65155395
1.481345 1.65155394
1.580102 1.65155392
1.678858 1.65155389
1.777614 1.65155386
1.876371 1.65155382
1.975127 1.65155377
2.073884 1.65155372
2.172640 1.65155367
2.271396 1.65155360
2.370153 1.65155353
2.468909 1.65155345
2.567665 1.65155337
2.666422 1.65155327
2.765178 1.65155317
2.863934 1.65155305
2.962691 1.65155293
3.061447 1.65155280
3.160204 1.65155266
3.258960 1.65155250
3.357716 1.65155234
3.456473 1.65155217
3.555229 1.65155198
3.653985 1.65155178
3.752742 1.65155157
3.851498 1.65155135
3.950254 1.65155111
4.049011 1.65155086
4.147767 1.65155060
4.246523 1.65155032
4.345280 1.65155003
4.444036 1.65154972
4.542793 1.65154940
4.641549 1.65154905
4.740305 1.65154870
4.839062 1.65154832
4.937818 1.65154793
5.036574 1.65154752
5.135331 1.65154710
5.234087 1.65154665
5.332843 1.65154619
5.431600 1.65154570
5.530356 1.65154519
5.629113 1.65154466
5.727869 1.65154412
5.826625 1.65154355
5.925382 1.65154296
6.024138 1.65154234
6.122894 1.65154171
6.221651 1.65154104
6.320407 1.65154036
6.419163 1.65153965
6.517920 1.65153891
6.616676 1.65153815
6.715432 1.65153736
6.814189 1.65153654
6.912945 1.65153570
7.011702 1.65153483
7.110458 1.65153393
7.209214 1.65153299
7.307971 1.65153204
7.406727 1.65153104
7.505483 1.65153002
7.604240 1.65152896
7.702996 1.65152788
7.801752 1.65152676
7.900509 1.65152561
7.999265 1.65152441
8.098022 1.65152319
8.196778 1.65152193
8.295534 1.65152064
8.394291 1.65151930
8.493047 1.65151793
8.591803 1.65151651
8.690560 1.65151507
8.789316 1.65151357
8.888072 1.65151205
8.986829 1.65151047
9.085585 1.65150886
9.184341 1.65150720
9.283098 1.65150550
9.381854 1.65150375
9.480611 1.65150196
9.579367 1.65150011
9.678123 1.65149823
9.776880 1.65149629
9.875636 1.65149432
9.974392 1.65149228
10.073149 1.65149020
10.171905 1.65148806
10.270661 1.65148588
10.369418 1.65148363
10.468174 1.65148134
10.566931 1.65147899
10.665687 1.65147659
10.764443 1.65147412
10.863200 1.65147161
10.961956 1.65146903
11.060712 1.65146639
11.159469 1.65146369
11.258225 1.65146093
11.356981 1.65145810
11.455738 1.65145522
11.554494 1.65145226
11.653250 1.65144924
11.752007 1.65144615
11.850763 1.65144299
11.949520 1.65143976
12.048276 1.65143646
12.147032 1.65143308
12.245789 1.65142963
12.344545 1.65142610
12.443301 1.65142249
12.542058 1.65141880
12.640814 1.65141503
12.739570 1.65141116
12.838327 1.65140721
12.937083 1.65140317
13.035840 1.65139904
13.134596 1.65139479
13.233352 1.65139046
13.332109 1.65138601
13.430865 1.65138146
13.529621 1.65137679
13.628378 1.65137200
13.727134 1.65136708
13.825890 1.65136203
13.924647 1.65135683
14.023403 1.65135148
14.122159 1.65134597
14.220916 1.65134029
14.319672 1.65133442
14.418429 1.65132836
14.517185 1.65132207
14.615941 1.65131557
14.714698 1.65130880
14.813454 1.65130177
14.912210 1.65129443
15.010967 1.65128677
15.109723 1.65127874
15.208479 1.65127032
15.307236 1.65126146
15.405992 1.65125212
15.504749 1.65124223
15.603505 1.65123175
15.702261 1.65122061
15.801018 1.65120873
15.899774 1.65119602
15.998530 1.65118239
16.097287 1.65116773
16.196043 1.65115191
16.294799 1.65113480
16.393556 1.65111623
16.492312 1.65109604
16.591068 1.65107401
16.689825 1.65104993
16.788581 1.65102353
16.887338 1.65099453
16.986094 1.65096262
17.084850 1.65092741
17.183607 1.65088850
17.282363 1.65084543
17.381119 1.65079767
17.479876 1.65074465
17.578632 1.65068570
17.677388 1.65062008
17.776145 1.65054697
17.874901 1.65046542
17.973658 1.65037441
18.072414 1.65027275
18.171170 1.65015913
18.269927 1.65003209
18.368683 1.64988997
18.467439 1.64973093
18.566196 1.64955291
18.664952 1.64935363
18.763708 1.64913049
18.862465 1.64888064
18.961221 1.64860088
19.059977 1.64828766
19.158734 1.64793698
19.257490 1.64754444
19.356247 1.64710510
19.455003 1.64661352
19.553759 1.64606360
19.652516 1.64544860
19.751272 1.64476100
19.850028 1.64399252
19.948785 1.64313390
20.047541 1.64217497
20.146297 1.64110436
20.245054 1.63990958
20.343810 1.63857674
20.442567 1.63709054
20.541323 1.63543399
20.640079 1.63358845
20.738836 1.63153317
20.837592 1.62924544
20.936348 1.62670002
21.035105 1.62386929
21.133861 1.62072261
21.232617 1.61722645
21.331374 1.61334368
21.430130 1.60903367
21.528886 1.60425149
21.627643 1.59894792
21.726399 1.59306859
21.825156 1.58655389
21.923912 1.57933786
22.022668 1.57134798
22.121425 1.56250378
22.220181 1.55271632
22.318937 1.54188618
22.417694 1.52990252
22.516450 1.51664006
22.615206 1.50195707
22.713963 1.48569067
22.812719 1.46765287
22.911476 1.44762273
23.010232 1.42533863
23.108988 1.40048465
23.207745 1.37267555
23.306501 1.34143232
23.405257 1.30615305
23.504014 1.26606753
23.602770 1.22018096
23.701526 1.16718802
23.800283 1.10536350
23.899039 1.03239817
23.997795 0.94518593
24.096552 0.83951114
24.195308 0.70963521
24.294065 0.54772272
24.392821 0.34302147
24.491577 0.08092066
24.590334 -0.25856638
24.689090 -0.70074109
24.787846 -1.26363963
24.886603 -1.88910062
24.985359 -2.33573438
25.084115 -2.37606773
25.182872 -2.17067965
25.281628 -2.03583671
25.380385 -2.12264140
25.479141 -2.48395196
25.577897 -3.17343723
25.676654 -4.26298841
25.775410 -5.80447701
25.874166 -7.71592919
25.972923 -9.59747704
26.071679 -10.74612723
26.170435 -10.70414807
26.269192 -9.81379659
26.367948 -8.92318132
26.466704 -8.68811882
26.565461 -9.27769368
26.664217 -10.35346622
26.762974 -11.13202128
26.861730 -10.83979675
26.960486 -9.40040309
27.059243 -7.44019966
27.157999 -5.61535001
27.256755 -4.22372128
27.355512 -3.30426903
27.454268 -2.81211723
27.553024 -2.70467140
27.651781 -2.97181695
27.750537 -3.64028804
27.849294 -4.76132316
27.948050 -6.36233740
28.046806 -8.32016117
28.145563 -10.17920593
28.244319 -11.21735532
28.343075 -11.04275567
28.441832 -10.08484620
28.540588 -9.20558989
28.639344 -9.01662629
28.738101 -9.63561885
28.836857 -10.67222102
28.935613 -11.31517183
29.034370 -10.84237957
29.133126 -9.27533021
29.231883 -7.27884374
29.330639 -5.47625611
29.429395 -4.12572928
29.528152 -3.24845983
29.626908 -2.79627642
29.725664 -2.72852267
29.824421 -3.03852988
29.923177 -3.75603089
30.021933 -4.93234608
30.120690 -6.58588373
30.219446 -8.56396204
30.318203 -10.36770131
30.416959 -11.27421633
30.515715 -10.97162788
30.614472 -9.97246854
30.713228 -9.14068524
30.811984 -9.03735719
30.910741 -9.72493468
31.009497 -10.75809010
31.108253 -11.30087891
31.207010 -10.68907882
31.305766 -9.03874282
31.404522 -7.04313598
31.503279 -5.28914019
31.602035 -3.99772764
31.700792 -3.17505802
31.799548 -2.77115255
31.898304 -2.74823970
31.997061 -3.10382607
32.095817 -3.87114849
32.194573 -5.10168332
32.293330 -6.80389472
32.392086 -8.79387348
32.490842 -10.53156770
32.589599 -11.30324024
32.688355 -10.88368039
32.787112 -9.86128482
32.885868 -9.09207769
32.984624 -9.08361016
33.083381 -9.84225537
33.182137 -10.86774419
33.280893 -11.30621488
33.379650 -10.55990463
33.478406 -8.83664071
33.577162 -6.84913477
33.675919 -5.14548733
33.774675 -3.91235872
33.873431 -3.14328664
33.972188 -2.78744042
34.070944 -2.81016914
34.169701 -3.21299963
34.268457 -4.03213409
34.367213 -5.31805267
34.465970 -7.06686497
34.564726 -9.06025593
34.663482 -10.71818066
34.762239 -11.34458682
34.860995 -10.80539972
34.959751 -9.75744856
35.058508 -9.04122739
35.157264 -9.10970336
35.256021 -9.91317076
35.354777 -10.89752878
35.453533 -11.19889287
35.552290 -10.29390431
35.651046 -8.47793205
35.749802 -6.47440895
35.848559 -4.79117957
35.947315 -3.58339357
36.046071 -2.83369488
36.144828 -2.49047172
36.243584 -2.52133961
36.342340 -2.93049143
36.441097 -3.75541688
36.539853 -5.04355977
36.638610 -6.77586427
36.737366 -8.69693192
36.836122 -10.18952157
36.934879 -10.58526988
37.033635 -9.84568144
37.132391 -8.68879239
37.231148 -7.93340418
37.329904 -7.97779988
37.428660 -8.71643080
37.527417 -9.54330450
37.626173 -9.59220585
37.724929 -8.41728052
37.823686 -6.38947789
37.922442 -4.22888526
38.021199 -2.40210502
38.119955 -1.04318173
38.218711 -0.13739216
38.317468 0.36062222
38.416224 0.49410196
38.514980 0.31712084
38.613737 -0.01829334
38.712493 -0.17966255
38.811249 0.06582212
38.910006 0.54289586
39.008762 0.99680643
39.107519 1.34950323
39.206275 1.61256457
39.305031 1.80804821
39.403788 1.95297191
39.502544 2.05972218
39.601300 2.13696054
39.700057 2.19072584
39.798813 2.22492593
39.897569 2.24209079
39.996326 2.24499793
40.095082 2.24415384
40.193838 2.24284141
40.292595 2.24143765
40.391351 2.24000560
40.490108 2.23856143
40.588864 2.23711065
40.687620 2.23565558
40.786377 2.23419739
40.885133 2.23273682
40.983889 2.23127440
41.082646 2.22981049
41.181402 2.22834534
41.280158 2.22687914
41.378915 2.22541197
41.477671 2.22394393
41.576428 2.22247512
41.675184 2.22100589
41.773940 2.21953725
41.872697 2.21807215
41.971453 2.21662007
42.070209 2.21521830
42.168966 2.21404089
42.267722 2.21376280
42.366478 2.21434731
42.465235 2.21535542
42.563991 2.21608046
42.662747 2.21544557
42.761504 2.21183730
42.860260 2.20284527
42.959017 2.18489156
43.057773 2.15276257
43.156529 2.09873638
43.255286 2.01221001
43.354042 1.88180113
43.452798 1.70404072
43.551555 1.50451789
43.650311 1.35058946
43.749067 1.31447800
43.847824 1.40576816
43.946580 1.56084315
44.045337 1.70362664
44.144093 1.79308774
44.242849 1.82055576
44.341606 1.78979239
44.440362 1.70536348
44.539118 1.57105789
44.637875 1.39454579
44.736631 1.20011892
44.835387 1.04065858
44.934144 0.97394611
45.032900 1.00430085
45.131656 1.06588473
45.230413 1.07369365
45.329169 0.97021625
45.427926 0.74128067
45.526682 0.44152999
45.625438 0.21052994
45.724195 0.19784994
45.822951 0.42876722
45.921707 0.78330624
46.020464 1.11739666
46.119220 1.35685137
46.217976 1.49116941
46.316733 1.53314031
46.415489 1.49480750
46.514246 1.38191728
46.613002 1.19438507
46.711758 0.92974139
46.810515 0.59583659
46.909271 0.23936328
47.008027 -0.03484355
47.106784 -0.12004007
47.205540 -0.00889256
47.304296 0.21954404
47.403053 0.49190277
47.501809 0.74477182
47.600565 0.94384608
47.699322 1.12513532
47.798078 1.32266740
47.896835 1.51064135
47.995591 1.66093281
48.094347 1.77265102
48.193104 1.85453884
48.291860 1.91462804
48.390616 1.95880713
48.489373 1.99109406
48.588129 2.01421555
48.686885 2.02992476
48.785642 2.03939006
48.884398 2.04315421
48.983155 2.04295527
49.081911 2.04176401
49.180667 2.04038708
49.279424 2.03895786
49.378180 2.03750825
49.476936 2.03604922
49.575693 2.03458546
49.674449 2.03311918
49.773205 2.03165153
49.871962 2.03018309
49.970718 2.02871421
50.069474 2.02724507
50.168231 2.02577578
50.266987 2.02430641
50.365744 2.02283700
50.464500 2.02136757
50.563256 2.01989813
50.662013 2.01842869
50.760769 2.01695999
50.859525 2.01549909
50.958282 2.01404673
51.057038 2.01260292
51.155794 2.01116765
51.254551 2.00974092
51.353307 2.00832274
51.452064 2.00691309
51.550820 2.00551197
51.649576 2.00411940
51.748333 2.00273537
51.847089 2.00135987
51.945845 1.99999291
52.044602 1.99863449
52.143358 1.99728460
52.242114 1.99594325
52.340871 1.99461044
52.439627 1.99328616
52.538383 1.99197042
52.637140 1.99066321
52.735896 1.98936454
52.834653 1.98807441
52.933409 1.98679281
53.032165 1.98551975
53.130922 1.98425522
53.229678 1.98299923
53.328434 1.98175178
53.427191 1.98051286
53.525947 1.97928247
53.624703 1.97806062
53.723460 1.97684731
53.822216 1.97564253
53.920973 1.97444629
54.019729 1.97325858
54.118485 1.97207941
54.217242 1.97090877
54.315998 1.96974667
54.414754 1.96859310
54.513511 1.96744807
54.612267 1.96631157
54.711023 1.96518361
54.809780 1.96406418
54.908536 1.96295329
55.007292 1.96185093
55.106049 1.96075710
55.204805 1.95967182
55.303562 1.95859506
55.402318 1.95752684
55.501074 1.95646716
55.599831 1.95541601
55.698587 1.95437340
55.797343 1.95333932
55.896100 1.95231377
55.994856 1.95129676
56.093612 1.95028828
56.192369 1.94928834
56.291125 1.94829694
56.389882 1.94731406
56.488638 1.94633973
56.587394 1.94537392
56.686151 1.94441665
56.784907 1.94346792
56.883663 1.94252772
56.982420 1.94159605
57.081176 1.94067292
57.179932 1.93975833
57.278689 1.93885226
57.377445 1.93795473
57.476201 1.93706574
57.574958 1.93618528
57.673714 1.93531336
57.772471 1.93444997
57.871227 1.93359511
57.969983 1.93274879
58.068740 1.93191100
58.167496 1.93108174
58.266252 1.93026102
58.365009 1.92944884
58.463765 1.92864519
58.562521 1.92785007
58.661278 1.92706348
58.760034 1.92628544
58.858791 1.92551592
58.957547 1.92475494
59.056303 1.92400249
59.155060 1.92325858
59.253816 1.92252320
59.352572 1.92179635
59.451329 1.92107804
59.550085 1.92036827
59.648841 1.91966702
59.747598 1.91897431
59.846354 1.91829014
59.945110 1.91761450
60.043867 1.91694739
60.142623 1.91628882
60.241380 1.91563878
60.340136 1.91499727
60.438892 1.91436430
60.537649 1.91373986
60.636405 1.91312396
60.735161 1.91251659
60.833918 1.91191775
60.932674 1.91132745
61.031430 1.91074568
61.130187 1.91017245
61.228943 1.90960775
61.327700 1.90905158
61.426456 1.90850395
61.525212 1.90796485
61.623969 1.90743428
61.722725 1.90691225
61.821481 1.90639876
61.920238 1.90589379
62.018994 1.90539736
62.117750 1.90490947
62.216507 1.90443010
62.315263 1.90395927
62.414019 1.90349698
62.512776 1.90304322
62.611532 1.90259799
62.710289 1.90216130
62.809045 1.90173314
62.907801 1.90131351
63.006558 1.90090242
63.105314 1.90049986
63.204070 1.90010583
63.302827 1.89972034
63.401583 1.89934339
63.500339 1.89897496
63.599096 1.89861507
63.697852 1.89826372
63.796609 1.89792089
63.895365 1.89758660
63.994121 1.89726085
64.092878 1.89694363
64.191634 1.89663494
64.290390 1.89633479
64.389147 1.89604317
64.487903 1.89576008
64.586659 1.89548553
64.685416 1.89521951
64.784172 1.89496202
64.882928 1.89471307
64.981685 1.89447266
65.080441 1.89424077
65.179198 1.89401742
65.277954 1.89380261
65.376710 1.89359632
65.475467 1.89339857
65.574223 1.89320936
65.672979 1.89302868
65.771736 1.89285653
65.870492 1.89269292
65.969248 1.89253784
66.068005 1.89239129
66.166761 1.89225328
66.265518 1.89212380
66.364274 1.89200285
66.463030 1.89189044
66.561787 1.89178656
66.660543 1.89169122
66.759299 1.89160441
66.858056 1.89152613
66.956812 1.89145639
67.055568 1.89139518
67.154325 1.89134251
67.253081 1.89129837
67.351837 1.89126276
67.450594 1.89123569
67.549350 1.89121715
67.648107 1.89120714
67.746863 1.89120567
67.845619 1.89121273
67.944376 1.89122833
68.043132 1.89125246
68.141888 1.89128512
68.240645 1.89132632
68.339401 1.89137605
68.438157 1.89143432
68.536914 1.89150111
68.635670 1.89157645
68.734427 1.89166031
68.833183 1.89175271
68.931939 1.89185365
69.030696 1.89196312
69.129452 1.89208112
69.228208 1.89220766
69.326965 1.89234273
69.425721 1.89248633
69.524477 1.89263847
69.623234 1.89279914
69.721990 1.89296835
69.820746 1.89314609
69.919503 1.89333236
70.018259 1.89352717
70.117016 1.89373051
70.215772 1.89394239
70.314528 1.89416280
70.413285 1.89439174
70.512041 1.89462922
70.610797 1.89487523
70.709554 1.89512978
70.808310 1.89539286
70.907066 1.89566447
71.005823 1.89594462
71.104579 1.89623330
71.203336 1.89653052
71.302092 1.89683627
71.400848 1.89715055
71.499605 1.89747338
71.598361 1.89780473
71.697117 1.89814389
71.795874 1.89848377
71.894630 1.89882367
71.993386 1.89916355
72.092143 1.89950344
72.190899 1.89984333
72.289655 1.90018321
72.388412 1.90052313
72.487168 1.90086328
72.585925 1.90120292
