0.098756 1.64907174
0.197513 1.64907739
0.296269 1.64907137
0.395025 1.64907079
0.493782 1.64907086
0.592538 1.64907096
0.691295 1.64907104
0.790051 1.64907113
0.888807 1.64907121
0.987564 1.64907130
1.086320 1.64907137
1.185076 1.64907145
1.283833 1.64907152
1.382589 1.64907159
1.481345 1.64907166
1.580102 1.64907172
1.678858 1.64907178
1.777614 1.64907183
1.876371 1.64907188
1.975127 1.64907193
2.073884 1.64907196
2.172640 1.64907200
2.271396 1.64907202
2.370153 1.64907205
2.468909 1.64907206
2.567665 1.64907207
2.666422 1.64907207
2.765178 1.64907207
2.863934 1.64907205
2.962691 1.64907203
3.061447 1.64907200
3.160204 1.64907197
3.258960 1.64907192
3.357716 1.64907187
3.456473 1.64907181
3.555229 1.64907174
3.653985 1.64907165
3.752742 1.64907156
3.851498 1.64907146
3.950254 1.64907135
4.049011 1.64907123
4.147767 1.64907110
4.246523 1.64907096
4.345280 1.64907080
4.444036 1.64907064
4.542793 1.64907046
4.641549 1.64907027
4.740305 1.64907007
4.839062 1.64906986
4.937818 1.64906963
5.036574 1.64906939
5.135331 1.64906914
5.234087 1.64906887
5.332843 1.64906859
5.431600 1.64906829
5.530356 1.64906798
5.629113 1.64906766
5.727869 1.64906732
5.826625 1.64906697
5.925382 1.64906660
6.024138 1.64906621
6.122894 1.64906582
6.221651 1.64906540
6.320407 1.64906497
6.419163 1.64906452
6.517920 1.64906405
6.616676 1.64906357
6.715432 1.64906307
6.814189 1.64906255
6.912945 1.64906201
7.011702 1.64906146
7.110458 1.64906088
7.209214 1.64906029
7.307971 1.64905968
7.406727 1.64905905
7.505483 1.64905841
7.604240 1.64905774
7.702996 1.64905705
7.801752 1.64905634
7.900509 1.64905562
7.999265 1.64905487
8.098022 1.64905410
8.196778 1.64905331
8.295534 1.64905250
8.394291 1.64905167
8.493047 1.64905082
8.591803 1.64904994
8.690560 1.64904905
8.789316 1.64904813
8.888072 1.64904719
8.986829 1.64904623
9.085585 1.64904524
9.184341 1.64904423
9.283098 1.64904320
9.381854 1.64904214
9.480611 1.64904107
9.579367 1.64903996
9.678123 1.64903884
9.776880 1.64903769
9.875636 1.64903651
9.974392 1.64903531
10.073149 1.64903409
10.171905 1.64903284
10.270661 1.64903156
10.369418 1.64903027
10.468174 1.64902894
10.566931 1.64902759
10.665687 1.64902621
10.764443 1.64902481
10.863200 1.64902338
10.961956 1.64902193
11.060712 1.64902044
11.159469 1.64901893
11.258225 1.64901739
11.356981 1.64901583
11.455738 1.64901423
11.554494 1.64901261
11.653250 1.64901096
11.752007 1.64900928
11.850763 1.64900757
11.949520 1.64900582
12.048276 1.64900405
12.147032 1.64900224
12.245789 1.64900040
12.344545 1.64899853
12.443301 1.64899662
12.542058 1.64899468
12.640814 1.64899269
12.739570 1.64899067
12.838327 1.64898861
12.937083 1.64898651
13.035840 1.64898435
13.134596 1.64898216
13.233352 1.64897991
13.332109 1.64897761
13.430865 1.64897524
13.529621 1.64897282
13.628378 1.64897033
13.727134 1.64896778
13.825890 1.64896513
13.924647 1.64896241
14.023403 1.64895959
14.122159 1.64895668
14.220916 1.64895364
14.319672 1.64895049
14.418429 1.64894720
14.517185 1.64894376
14.615941 1.64894014
14.714698 1.64893634
14.813454 1.64893232
14.912210 1.64892808
15.010967 1.64892356
15.109723 1.64891876
15.208479 1.64891361
15.307236 1.64890810
15.405992 1.64890216
15.504749 1.64889576
15.603505 1.64888881
15.702261 1.64888128
15.801018 1.64887305
15.899774 1.64886408
15.998530 1.64885423
16.097287 1.64884342
16.196043 1.64883150
16.294799 1.64881835
16.393556 1.64880378
16.492312 1.64878765
16.591068 1.64876972
16.689825 1.64874978
16.788581 1.64872756
16.887338 1.64870278
16.986094 1.64867508
17.084850 1.64864413
17.183607 1.64860947
17.282363 1.64857066
17.381119 1.64852713
17.479876 1.64847833
17.578632 1.64842355
17.677388 1.64836207
17.776145 1.64829301
17.874901 1.64821544
17.973658 1.64812828
18.072414 1.64803036
18.171170 1.64792030
18.269927 1.64779664
18.368683 1.64765767
18.467439 1.64750155
18.566196 1.64732614
18.664952 1.64712914
18.763708 1.64690789
18.862465 1.64665952
18.961221 1.64638073
19.059977 1.64606792
19.158734 1.64571704
19.257490 1.64532362
19.356247 1.64488262
19.455003 1.64438852
19.553759 1.64383512
19.652516 1.64321561
19.751272 1.64252232
19.850028 1.64174689
19.948785 1.64087991
20.047541 1.63991109
20.146297 1.63882890
20.245054 1.63762073
20.343810 1.63627250
20.442567 1.63476876
20.541323 1.63309234
20.640079 1.63122439
20.738836 1.62914402
20.837592 1.62682827
20.936348 1.62425176
21.035105 1.62138660
21.133861 1.61820203
21.232617 1.61466425
21.331374 1.61073602
21.430130 1.60637647
21.528886 1.60154060
21.627643 1.59617901
21.726399 1.59023733
21.825156 1.58365584
21.923912 1.57636869
22.022668 1.56830339
22.121425 1.55937976
22.220181 1.54950902
22.318937 1.53859232
22.417694 1.52651918
22.516450 1.51316518
22.615206 1.49838925
22.713963 1.48202978
22.812719 1.46389981
22.911476 1.44378016
23.010232 1.42141075
23.108988 1.39647807
23.207745 1.36859914
23.306501 1.33729821
23.405257 1.30197660
23.504014 1.26186858
23.602770 1.21598397
23.701526 1.16302363
23.800283 1.10126900
23.899039 1.02841952
23.997795 0.94137879
24.096552 0.83594342
24.195308 0.70638898
24.294065 0.54489747
24.392821 0.34073705
24.491577 0.07932110
24.590334 -0.25930914
24.689090 -0.70042372
24.787846 -1.26202498
24.886603 -1.88591751
24.985359 -2.33068338
25.084115 -2.37398174
25.182872 -2.17118034
25.281628 -2.03849237
25.380385 -2.12693005
25.479141 -2.48931606
25.577897 -3.17936720
25.676654 -4.26908072
25.775410 -5.81045630
25.874166 -7.72163077
25.972923 -9.60278843
26.071679 -10.75093776
26.170435 -10.70836399
26.269192 -9.81740205
26.367948 -8.92628089
26.466704 -8.69094031
26.565461 -9.28057655
26.664217 -10.35684416
26.762974 -11.13638964
26.861730 -10.84564700
26.960486 -9.40812587
27.059243 -7.45001595
27.157999 -5.62732287
27.256755 -4.23780000
27.355512 -3.32029268
27.454268 -2.82979323
27.553024 -2.72356206
27.651781 -2.99135664
27.750537 -3.65984248
27.849294 -4.78027840
27.948050 -6.38018573
28.046806 -8.33655011
28.145563 -10.19395078
28.244319 -11.23044731
28.343075 -11.05437218
28.441832 -10.09534380
28.540588 -9.21547048
28.639344 -9.02648945
28.738101 -9.64611295
28.836857 -10.68399081
28.935613 -11.32879613
29.034370 -10.85830611
29.133126 -9.29383428
29.231883 -7.30002770
29.330639 -5.50007997
29.429395 -4.15204175
29.528152 -3.27699456
29.626908 -2.82662530
29.725664 -2.76012459
29.824421 -3.07069797
29.923177 -3.78802404
30.021933 -4.96346673
30.120690 -6.61556857
30.219446 -8.59183339
30.318203 -10.39358368
30.416959 -11.29814214
30.515715 -10.99381520
30.614472 -9.99325616
30.713228 -9.16044607
30.811984 -9.05640199
30.910741 -9.74343133
31.009497 -10.77598741
31.108253 -11.31786729
31.207010 -10.70464276
31.305766 -9.05232775
31.404522 -7.05432569
31.503279 -5.29770484
31.602035 -4.00355373
31.700792 -3.17803682
31.799548 -2.77103385
31.898304 -2.74449234
31.997061 -3.09555237
32.095817 -3.85705403
32.194573 -5.08011093
32.293330 -6.77290763
32.392086 -8.75131967
32.490842 -10.47510460
32.589599 -11.23033695
32.688355 -10.79170793
32.787112 -9.74767835
32.885868 -8.95427234
32.984624 -8.91872959
33.083381 -9.64681006
33.182137 -10.63739215
33.280893 -11.03567544
33.379650 -10.24323195
33.478406 -8.46801929
33.577162 -6.42421383
33.675919 -4.66315189
33.774675 -3.37681331
33.873431 -2.56570730
33.972188 -2.18585092
34.070944 -2.20673384
34.169701 -2.62944410
34.268457 -3.48531984
34.367213 -4.81767900
34.465970 -6.61579828
34.564726 -8.65646846
34.663482 -10.35694449
34.762239 -11.02017608
34.860995 -10.51227179
34.959751 -9.49094986
35.058508 -8.79759029
35.157264 -8.88559276
35.256021 -9.70522287
35.354777 -10.70187284
35.453533 -11.01089843
35.552290 -10.10855209
35.651046 -8.29065599
35.749802 -6.28172283
35.848559 -4.59063418
35.947315 -3.37320909
36.046071 -2.61247641
36.144828 -2.25698667
36.243584 -2.27435961
36.342340 -2.66874514
36.441097 -3.47763490
36.539853 -4.74859712
36.638610 -6.46293746
36.737366 -8.36591273
36.836122 -9.84110279
36.934879 -10.22085381
37.033635 -9.46681360
37.132391 -8.29637076
37.231148 -7.52689887
37.329904 -7.55451106
37.428660 -8.27098317
37.527417 -9.06724113
37.626173 -9.07433035
37.724929 -7.84587901
37.823686 -5.75551670
37.922442 -3.52807110
38.021199 -1.63484547
38.119955 -0.21351688
38.218711 0.74804679
38.317468 1.29443175
38.416224 1.46928090
38.514980 1.32737717
38.613737 1.02142772
38.712493 0.88469120
38.811249 1.15045854
38.910006 1.64373213
39.008762 2.10957794
39.107519 2.46961922
39.206275 2.73469955
39.305031 2.92569777
39.403788 3.05888781
39.502544 3.14687513
39.601300 3.19985410
39.700057 3.22713767
39.798813 3.23792099
39.897569 3.24121210
39.996326 3.24517630
40.095082 3.26451764
40.193838 3.30326124
40.292595 3.35693423
40.391351 3.41884781
40.490108 3.48301530
40.588864 3.54545267
40.687620 3.60413747
40.786377 3.65836661
40.885133 3.70804115
40.983889 3.75323320
41.082646 3.79405441
41.181402 3.83055699
41.280158 3.86278748
41.378915 3.89075886
41.477671 3.91447554
41.576428 3.93394248
41.675184 3.94917432
41.773940 3.96024240
41.872697 3.96747389
41.971453 3.97212875
42.070209 3.97602427
42.168966 3.98004202
42.267722 3.98486705
42.366478 3.99052894
42.465235 3.99665626
42.563991 4.00256530
42.662747 4.00717771
42.761504 4.00886770
42.860260 4.00520710
42.959017 3.99259954
43.057773 3.96581297
43.156529 3.91711172
43.255286 3.83588364
43.354042 3.71074531
43.452798 3.53823211
43.551555 3.34393204
43.650311 3.19518525
43.749067 3.16419172
43.847824 3.26052860
43.946580 3.42059849
44.045337 3.56836478
44.144093 3.66284181
44.242849 3.69540340
44.341606 3.66985165
44.440362 3.59077941
44.539118 3.46198402
44.637875 3.29112596
44.736631 3.10246777
44.835387 2.94884331
44.934144 2.88797687
45.032900 2.92413011
45.131656 2.99141843
45.230413 3.00481262
45.329169 2.90680445
45.427926 2.68325514
45.526682 2.38886217
45.625438 2.16326072
45.724195 2.15607306
45.822951 2.39256863
45.921707 2.75272369
46.020464 3.09242870
46.119220 3.33748714
46.217976 3.47741897
46.316733 3.52504443
46.415489 3.49242927
46.514246 3.38533274
46.613002 3.20367352
46.711758 2.94497146
46.810515 2.61704984
46.909271 2.26655795
47.008027 1.99827413
47.106784 1.91889792
47.205540 2.03576227
47.304296 2.26984939
47.403053 2.54784882
47.501809 2.80640919
47.600565 3.01127764
47.699322 3.19850387
47.798078 3.40213646
47.896835 3.59637165
47.995591 3.75306125
48.094347 3.87127642
48.193104 3.95971101
48.291860 4.02634151
48.390616 4.07699718
48.489373 4.11563035
48.588129 4.14489520
48.686885 4.16646344
48.785642 4.18143800
48.884398 4.19029717
48.983155 4.19485521
49.081911 4.19829941
49.180667 4.20151281
49.279424 4.20464871
49.378180 4.20774806
49.476936 4.21082722
49.575693 4.21389434
49.674449 4.21695391
49.773205 4.22000863
49.871962 4.22306013
49.970718 4.22610947
50.069474 4.22915733
50.168231 4.23220418
50.266987 4.23525031
50.365744 4.23829595
50.464500 4.24134122
50.563256 4.24438625
50.662013 4.24743109
50.760769 4.25047466
50.859525 4.25350604
50.958282 4.25652414
51.057038 4.25952895
51.155794 4.26252050
51.254551 4.26549881
51.353307 4.26846387
51.452064 4.27141570
51.550820 4.27435429
51.649576 4.27727966
51.748333 4.28019179
51.847089 4.28309071
51.945845 4.28597640
52.044602 4.28884887
52.143358 4.29170812
52.242114 4.29455414
52.340871 4.29738695
52.439627 4.30020654
52.538383 4.30301291
52.637140 4.30580606
52.735896 4.30858599
52.834653 4.31135270
52.933409 4.31410619
53.032165 4.31684646
53.130922 4.31957352
53.229678 4.32228735
53.328434 4.32498797
53.427191 4.32767537
53.525947 4.33034955
53.624703 4.33301052
53.723460 4.33565826
53.822216 4.33829279
53.920973 4.34091409
54.019729 4.34352218
54.118485 4.34611705
54.217242 4.34869870
54.315998 4.35126714
54.414754 4.35382235
54.513511 4.35636435
54.612267 4.35889313
54.711023 4.36140869
54.809780 4.36391103
54.908536 4.36640015
55.007292 4.36887605
55.106049 4.37133874
55.204805 4.37378821
55.303562 4.37622446
55.402318 4.37864749
55.501074 4.38105730
55.599831 4.38345389
55.698587 4.38583726
55.797343 4.38820742
55.896100 4.39056436
55.994856 4.39290807
56.093612 4.39523857
56.192369 4.39755585
56.291125 4.39985992
56.389882 4.40215076
56.488638 4.40442838
56.587394 4.40669279
56.686151 4.40894398
56.784907 4.41118195
56.883663 4.41340670
56.982420 4.41561823
57.081176 4.41781654
57.179932 4.42000163
57.278689 4.42217351
57.377445 4.42433216
57.476201 4.42647760
57.574958 4.42860982
57.673714 4.43072882
57.772471 4.43283460
57.871227 4.43492716
57.969983 4.43700650
58.068740 4.43907263
58.167496 4.44112553
58.266252 4.44316522
58.365009 4.44519168
58.463765 4.44720493
58.562521 4.44920496
58.661278 4.45119177
58.760034 4.45316536
58.858791 4.45512573
58.957547 4.45707289
59.056303 4.45900682
59.155060 4.46092754
59.253816 4.46283503
59.352572 4.46472931
59.451329 4.46661037
59.550085 4.46847821
59.648841 4.47033283
59.747598 4.47217423
59.846354 4.47400241
59.945110 4.47581738
60.043867 4.47761912
60.142623 4.47940765
60.241380 4.48118295
60.340136 4.48294504
60.438892 4.48469391
60.537649 4.48642956
60.636405 4.48815199
60.735161 4.48986120
60.833918 4.49155719
60.932674 4.49323997
61.031430 4.49490952
61.130187 4.49656585
61.228943 4.49820897
61.327700 4.49983887
61.426456 4.50145554
61.525212 4.50305900
61.623969 4.50464924
61.722725 4.50622626
61.821481 4.50779006
61.920238 4.50934065
62.018994 4.51087801
62.117750 4.51240215
62.216507 4.51391308
62.315263 4.51541078
62.414019 4.51689527
62.512776 4.51836654
62.611532 4.51982459
62.710289 4.52126942
62.809045 4.52270103
62.907801 4.52411942
63.006558 4.52552459
63.105314 4.52691654
63.204070 4.52829528
63.302827 4.52966079
63.401583 4.53101309
63.500339 4.53235216
63.599096 4.53367802
63.697852 4.53499066
63.796609 4.53629008
63.895365 4.53757628
63.994121 4.53884926
64.092878 4.54010902
64.191634 4.54135557
64.290390 4.54258889
64.389147 4.54380900
64.487903 4.54501588
64.586659 4.54620955
64.685416 4.54739000
64.784172 4.54855722
64.882928 4.54971123
64.981685 4.55085203
65.080441 4.55197960
65.179198 4.55309395
65.277954 4.55419508
65.376710 4.55528300
65.475467 4.55635769
65.574223 4.55741917
65.672979 4.55846743
65.771736 4.55950246
65.870492 4.56052428
65.969248 4.56153288
66.068005 4.56252826
66.166761 4.56351043
66.265518 4.56447937
66.364274 4.56543509
66.463030 4.56637760
66.561787 4.56730689
66.660543 4.56822295
66.759299 4.56912580
66.858056 4.57001543
66.956812 4.57089184
67.055568 4.57175503
67.154325 4.57260500
67.253081 4.57344176
67.351837 4.57426529
67.450594 4.57507561
67.549350 4.57587270
67.648107 4.57665658
67.746863 4.57742724
67.845619 4.57818468
67.944376 4.57892890
68.043132 4.57965990
68.141888 4.58037769
68.240645 4.58108225
68.339401 4.58177360
68.438157 4.58245172
68.536914 4.58311663
68.635670 4.58376832
68.734427 4.58440679
68.833183 4.58503204
68.931939 4.58564407
69.030696 4.58624289
69.129452 4.58682848
69.228208 4.58740086
69.326965 4.58796002
69.425721 4.58850595
69.524477 4.58903867
69.623234 4.58955817
69.721990 4.59006446
69.820746 4.59055752
69.919503 4.59103736
70.018259 4.59150399
70.117016 4.59195740
70.215772 4.59239759
70.314528 4.59282455
70.413285 4.59323831
70.512041 4.59363884
70.610797 4.59402615
70.709554 4.59440025
70.808310 4.59476112
70.907066 4.59510878
71.005823 4.59544322
71.104579 4.59576444
71.203336 4.59607244
71.302092 4.59636722
71.400848 4.59664879
71.499605 4.59691712
71.598361 4.59717224
71.697117 4.59741528
71.795874 4.59765719
71.894630 4.59789909
71.993386 4.59814099
72.092143 4.59838290
72.190899 4.59862481
72.289655 4.59886672
72.388412 4.59910864
72.487168 4.59935066
72.585925 4.59959246
