0.098756 1.64670009
0.197513 1.64670228
0.296269 1.64669992
0.395025 1.64669967
0.493782 1.64669969
0.592538 1.64669971
0.691295 1.64669974
0.790051 1.64669978
0.888807 1.64669982
0.987564 1.64669986
1.086320 1.64669992
1.185076 1.64669998
1.283833 1.64670005
1.382589 1.64670013
1.481345 1.64670022
1.580102 1.64670032
1.678858 1.64670043
1.777614 1.64670055
1.876371 1.64670069
1.975127 1.64670083
2.073884 1.64670100
2.172640 1.64670117
2.271396 1.64670137
2.370153 1.64670158
2.468909 1.64670181
2.567665 1.64670205
2.666422 1.64670231
2.765178 1.64670259
2.863934 1.64670290
2.962691 1.64670322
3.061447 1.64670356
3.160204 1.64670393
3.258960 1.64670431
3.357716 1.64670472
3.456473 1.64670516
3.555229 1.64670562
3.653985 1.64670611
3.752742 1.64670662
3.851498 1.64670715
3.950254 1.64670772
4.049011 1.64670831
4.147767 1.64670894
4.246523 1.64670959
4.345280 1.64671027
4.444036 1.64671099
4.542793 1.64671173
4.641549 1.64671251
4.740305 1.64671332
4.839062 1.64671417
4.937818 1.64671504
5.036574 1.64671596
5.135331 1.64671691
5.234087 1.64671790
5.332843 1.64671892
5.431600 1.64671998
5.530356 1.64672109
5.629113 1.64672223
5.727869 1.64672341
5.826625 1.64672463
5.925382 1.64672589
6.024138 1.64672720
6.122894 1.64672855
6.221651 1.64672994
6.320407 1.64673138
6.419163 1.64673286
6.517920 1.64673438
6.616676 1.64673596
6.715432 1.64673758
6.814189 1.64673925
6.912945 1.64674097
7.011702 1.64674273
7.110458 1.64674455
7.209214 1.64674642
7.307971 1.64674833
7.406727 1.64675030
7.505483 1.64675233
7.604240 1.64675441
7.702996 1.64675654
7.801752 1.64675872
7.900509 1.64676096
7.999265 1.64676326
8.098022 1.64676562
8.196778 1.64676803
8.295534 1.64677050
8.394291 1.64677303
8.493047 1.64677562
8.591803 1.64677827
8.690560 1.64678098
8.789316 1.64678375
8.888072 1.64678659
8.986829 1.64678949
9.085585 1.64679245
9.184341 1.64679548
9.283098 1.64679857
9.381854 1.64680173
9.480611 1.64680496
9.579367 1.64680825
9.678123 1.64681161
9.776880 1.64681504
9.875636 1.64681854
9.974392 1.64682211
10.073149 1.64682576
10.171905 1.64682947
10.270661 1.64683325
10.369418 1.64683711
10.468174 1.64684104
10.566931 1.64684505
10.665687 1.64684913
10.764443 1.64685329
10.863200 1.64685752
10.961956 1.64686183
11.060712 1.64686622
11.159469 1.64687068
11.258225 1.64687522
11.356981 1.64687985
11.455738 1.64688455
11.554494 1.64688933
11.653250 1.64689419
11.752007 1.64689913
11.850763 1.64690415
11.949520 1.64690926
12.048276 1.64691444
12.147032 1.64691971
12.245789 1.64692505
12.344545 1.64693048
12.443301 1.64693599
12.542058 1.64694158
12.640814 1.64694725
12.739570 1.64695300
12.838327 1.64695882
12.937083 1.64696473
13.035840 1.64697071
13.134596 1.64697676
13.233352 1.64698288
13.332109 1.64698908
13.430865 1.64699534
13.529621 1.64700166
13.628378 1.64700804
13.727134 1.64701448
13.825890 1.64702097
13.924647 1.64702750
14.023403 1.64703406
14.122159 1.64704066
14.220916 1.64704727
14.319672 1.64705389
14.418429 1.64706050
14.517185 1.64706710
14.615941 1.64707366
14.714698 1.64708017
14.813454 1.64708660
14.912210 1.64709293
15.010967 1.64709914
15.109723 1.64710519
15.208479 1.64711105
15.307236 1.64711668
15.405992 1.64712203
15.504749 1.64712705
15.603505 1.64713169
15.702261 1.64713587
15.801018 1.64713952
15.899774 1.64714256
15.998530 1.64714489
16.097287 1.64714640
16.196043 1.64714696
16.294799 1.64714644
16.393556 1.64714468
16.492312 1.64714151
16.591068 1.64713670
16.689825 1.64713006
16.788581 1.64712130
16.887338 1.64711015
16.986094 1.64709627
17.084850 1.64707931
17.183607 1.64705883
17.282363 1.64703438
17.381119 1.64700543
17.479876 1.64697139
17.578632 1.64693159
17.677388 1.64688528
17.776145 1.64683162
17.874901 1.64676968
17.973658 1.64669839
18.072414 1.64661656
18.171170 1.64652286
18.269927 1.64641582
18.368683 1.64629375
18.467439 1.64615480
18.566196 1.64599687
18.664952 1.64581765
18.763708 1.64561452
18.862465 1.64538459
18.961221 1.64512461
19.059977 1.64483099
19.158734 1.64449968
19.257490 1.64412625
19.356247 1.64370568
19.455003 1.64323246
19.553759 1.64270043
19.652516 1.64210277
19.751272 1.64143188
19.850028 1.64067939
19.948785 1.63983595
20.047541 1.63889125
20.146297 1.63783385
20.245054 1.63665110
20.343810 1.63532899
20.442567 1.63385208
20.541323 1.63220323
20.640079 1.63036361
20.738836 1.62831235
20.837592 1.62602648
20.936348 1.62348066
21.035105 1.62064698
21.133861 1.61749467
21.232617 1.61398991
21.331374 1.61009545
21.430130 1.60577033
21.528886 1.60096950
21.627643 1.59564344
21.726399 1.58973769
21.825156 1.58319232
21.923912 1.57594133
22.022668 1.56791195
22.121425 1.55902372
22.220181 1.54918748
22.318937 1.53830399
22.417694 1.52626224
22.516450 1.51293725
22.615206 1.49818725
22.713963 1.48184987
22.812719 1.46373720
22.911476 1.44362904
23.010232 1.42126406
23.108988 1.39632737
23.207745 1.36843435
23.306501 1.33710737
23.405257 1.30174554
23.504014 1.26158059
23.602770 1.21561929
23.701526 1.16255897
23.800283 1.10067681
23.899039 1.02766724
23.997795 0.94042780
24.096552 0.83474788
24.195308 0.70489433
24.294065 0.54303871
24.392821 0.33843678
24.491577 0.07648729
24.590334 -0.26278527
24.689090 -0.70466998
24.787846 -1.26718875
24.886603 -1.89216588
24.985359 -2.33819741
25.084115 -2.37951964
25.182872 -2.17496465
25.281628 -2.04077410
25.380385 -2.12801163
25.479141 -2.48951614
25.577897 -3.17896495
25.676654 -4.26827841
25.775410 -5.80936951
25.874166 -7.72030665
25.972923 -9.60125348
26.071679 -10.74923741
26.170435 -10.70655942
26.269192 -9.81553502
26.367948 -8.92434963
26.466704 -8.68889503
26.565461 -9.27832353
26.664217 -10.35425365
26.762974 -11.13331094
26.861730 -10.84193105
26.960486 -9.40365745
27.059243 -7.44472924
27.157999 -5.62119063
27.256755 -4.23081567
27.355512 -3.31247965
27.454268 -2.82123219
27.553024 -2.71441109
27.651781 -2.98184830
27.750537 -3.65025126
27.849294 -4.77086865
27.948050 -6.37116460
28.046806 -8.32804660
28.145563 -10.18602152
28.244319 -11.22308543
28.343075 -11.04751054
28.441832 -10.08886047
28.540588 -9.20920038
28.639344 -9.02023985
28.738101 -9.63967832
28.836857 -10.67716822
28.935613 -11.32140517
29.034370 -10.85020682
29.133126 -9.28494043
29.231883 -7.29030097
29.330639 -5.48951276
29.429395 -4.14064404
29.528152 -3.26480676
29.626908 -2.81374829
29.725664 -2.74673862
29.824421 -3.05705637
29.923177 -3.77441721
30.021933 -4.95016930
30.120690 -6.60279451
30.219446 -8.57971790
30.318203 -10.38218865
30.416959 -11.28746341
30.515715 -10.98378472
30.614472 -9.98374952
30.713228 -9.15129466
30.811984 -9.04741367
30.910741 -9.73440774
31.009497 -10.76674013
31.108253 -11.30823438
31.207010 -10.69450469
31.305766 -9.04161792
31.404522 -7.04302067
31.503279 -5.28580563
31.602035 -3.99107989
31.700792 -3.16504689
31.799548 -2.75765986
31.898304 -2.73095931
31.997061 -3.08217207
32.095817 -3.84419378
32.194573 -5.06814834
32.293330 -6.76218945
32.392086 -8.74214148
32.490842 -10.46770866
32.589599 -11.22490752
32.688355 -10.78832339
32.787112 -9.74624190
32.885868 -8.95451491
32.984624 -8.92028813
33.083381 -9.64929906
33.182137 -10.64045985
33.280893 -11.03904999
33.379650 -10.24675739
33.478406 -8.47165760
33.577162 -6.42800155
33.675919 -4.66717636
33.774675 -3.38123733
33.873431 -2.57081515
33.972188 -2.19208717
34.070944 -2.21471263
34.169701 -2.63991813
34.268457 -3.49911015
34.367213 -4.83557422
34.465970 -6.63843399
34.564726 -8.68422404
34.663482 -10.38988838
34.762239 -11.05805576
34.860995 -10.55455867
34.959751 -9.53693775
35.058508 -8.84659997
35.157264 -8.93725211
35.256021 -9.75968624
35.354777 -10.76000758
35.453533 -11.07433221
35.552290 -10.17934305
35.651046 -8.37067829
35.749802 -6.37219937
35.848559 -4.69215389
35.947315 -3.48601844
36.046071 -2.73672684
36.144828 -2.39292361
36.243584 -2.42243791
36.342340 -2.82962825
36.441097 -3.65211379
36.539853 -4.93745649
36.638610 -6.66673703
36.737366 -8.58472240
36.836122 -10.07435195
36.934879 -10.46741774
37.033635 -9.72549577
37.132391 -8.56655881
37.231148 -7.80916886
37.329904 -7.85117129
37.428660 -8.58643458
37.527417 -9.40826021
37.626173 -9.44976387
37.724929 -8.26487848
37.823686 -6.22501439
37.922442 -4.05117180
38.021199 -2.21085034
38.119955 -0.83873410
38.218711 0.07948239
38.317468 0.58897384
38.416224 0.73304605
38.514980 0.56593081
38.613737 0.23982222
38.712493 0.08738444
38.811249 0.34155522
38.910006 0.82714689
39.008762 1.28938364
39.107519 1.65015426
39.206275 1.92088821
39.305031 2.12340771
39.403788 2.27456734
39.502544 2.38669648
39.601300 2.46845051
39.700057 2.52585563
39.798813 2.56278261
39.897569 2.58171357
39.996326 2.58540796
40.095082 2.58471714
40.193838 2.58207349
40.292595 2.57592988
40.391351 2.56600282
40.490108 2.55230692
40.588864 2.53485803
40.687620 2.51366226
40.786377 2.48872081
40.885133 2.46002810
40.983889 2.42757950
41.082646 2.39135031
41.181402 2.35128414
41.280158 2.30731039
41.378915 2.25944567
41.477671 2.20802294
41.576428 2.15428476
41.675184 2.10112636
41.773940 2.05361920
41.872697 2.01862891
41.971453 2.00300945
42.070209 2.01092657
42.168966 2.04189498
42.267722 2.09091441
42.366478 2.15057474
42.465235 2.21360871
42.563991 2.27440642
42.662747 2.32910402
42.761504 2.37483822
42.860260 2.40879577
42.959017 2.42736237
43.057773 2.42554250
43.156529 2.39605404
43.255286 2.32899287
43.354042 2.21382211
43.452798 2.04803299
43.551555 1.85806271
43.650311 1.71178865
43.749067 1.68168636
43.847824 1.77753656
43.946580 1.93603716
44.045337 2.08150105
44.144093 2.17324030
44.242849 2.20289373
44.341606 2.17452422
44.440362 2.09296690
44.539118 1.96220415
44.637875 1.78998853
44.736631 1.60053389
44.835387 1.44645917
44.934144 1.38518669
45.032900 1.42068527
45.131656 1.48685834
45.230413 1.49859893
45.329169 1.39846301
45.427926 1.17249868
45.526682 0.87565293
45.625438 0.64781211
45.724195 0.63876583
45.822951 0.87375944
45.921707 1.23260800
46.020464 1.57104541
46.119220 1.81478641
46.217976 1.95333328
46.316733 1.99952282
46.415489 1.96544136
46.514246 1.85687046
46.613002 1.67374703
46.711758 1.41359089
46.810515 1.08419830
46.909271 0.73216049
47.008027 0.46216390
47.106784 0.38083285
47.205540 0.49550399
47.304296 0.72723254
47.403053 1.00280721
47.501809 1.25896750
47.600565 1.46152884
47.699322 1.64658982
47.798078 1.84822394
47.896835 2.04062657
47.995591 2.19562962
48.094347 2.31227486
48.193104 2.39922106
48.291860 2.46440948
48.390616 2.51363561
48.489373 2.55081845
48.588129 2.57857981
48.686885 2.59855778
48.785642 2.61182942
48.884398 2.61885273
48.983155 2.62148082
49.081911 2.62297981
49.180667 2.62425305
49.279424 2.62545506
49.378180 2.62662555
49.476936 2.62777955
49.575693 2.62892416
49.674449 2.63006313
49.773205 2.63119858
49.871962 2.63233178
49.970718 2.63346350
50.069474 2.63459424
50.168231 2.63572431
50.266987 2.63685393
50.365744 2.63798323
50.464500 2.63911231
50.563256 2.64024124
50.662013 2.64137005
50.760769 2.64249845
50.859525 2.64362325
50.958282 2.64474416
51.057038 2.64586116
51.155794 2.64697428
51.254551 2.64808352
51.353307 2.64918887
51.452064 2.65029036
51.550820 2.65138797
51.649576 2.65248171
51.748333 2.65357158
51.847089 2.65465758
51.945845 2.65573972
52.044602 2.65681798
52.143358 2.65789238
52.242114 2.65896292
52.340871 2.66002958
52.439627 2.66109238
52.538383 2.66215132
52.637140 2.66320639
52.735896 2.66425759
52.834653 2.66530493
52.933409 2.66634840
53.032165 2.66738801
53.130922 2.66842375
53.229678 2.66945563
53.328434 2.67048364
53.427191 2.67150779
53.525947 2.67252807
53.624703 2.67354449
53.723460 2.67455704
53.822216 2.67556572
53.920973 2.67657054
54.019729 2.67757150
54.118485 2.67856859
54.217242 2.67956182
54.315998 2.68055118
54.414754 2.68153668
54.513511 2.68251831
54.612267 2.68349608
54.711023 2.68446998
54.809780 2.68544002
54.908536 2.68640619
55.007292 2.68736850
55.106049 2.68832695
55.204805 2.68928153
55.303562 2.69023224
55.402318 2.69117909
55.501074 2.69212208
55.599831 2.69306120
55.698587 2.69399646
55.797343 2.69492785
55.896100 2.69585538
55.994856 2.69677904
56.093612 2.69769884
56.192369 2.69861478
56.291125 2.69952685
56.389882 2.70043506
56.488638 2.70133940
56.587394 2.70223988
56.686151 2.70313650
56.784907 2.70402925
56.883663 2.70491814
56.982420 2.70580316
57.081176 2.70668432
57.179932 2.70756162
57.278689 2.70843505
57.377445 2.70930462
57.476201 2.71017032
57.574958 2.71103216
57.673714 2.71189014
57.772471 2.71274425
57.871227 2.71359450
57.969983 2.71444088
58.068740 2.71528340
58.167496 2.71612206
58.266252 2.71695685
58.365009 2.71778778
58.463765 2.71861485
58.562521 2.71943805
58.661278 2.72025739
58.760034 2.72107287
58.858791 2.72188448
58.957547 2.72269223
59.056303 2.72349612
59.155060 2.72429614
59.253816 2.72509230
59.352572 2.72588459
59.451329 2.72667302
59.550085 2.72745759
59.648841 2.72823830
59.747598 2.72901514
59.846354 2.72978812
59.945110 2.73055724
60.043867 2.73132249
60.142623 2.73208388
60.241380 2.73284140
60.340136 2.73359507
60.438892 2.73434487
60.537649 2.73509080
60.636405 2.73583288
60.735161 2.73657109
60.833918 2.73730544
60.932674 2.73803592
61.031430 2.73876254
61.130187 2.73948530
61.228943 2.74020420
61.327700 2.74091923
61.426456 2.74163040
61.525212 2.74233771
61.623969 2.74304115
61.722725 2.74374073
61.821481 2.74443645
61.920238 2.74512831
62.018994 2.74581630
62.117750 2.74650043
62.216507 2.74718070
62.315263 2.74785710
62.414019 2.74852965
62.512776 2.74919833
62.611532 2.74986314
62.710289 2.75052410
62.809045 2.75118119
62.907801 2.75183442
63.006558 2.75248378
63.105314 2.75312929
63.204070 2.75377093
63.302827 2.75440871
63.401583 2.75504262
63.500339 2.75567267
63.599096 2.75629887
63.697852 2.75692119
63.796609 2.75753966
63.895365 2.75815426
63.994121 2.75876500
64.092878 2.75937188
64.191634 2.75997490
64.290390 2.76057405
64.389147 2.76116934
64.487903 2.76176077
64.586659 2.76234834
64.685416 2.76293204
64.784172 2.76351188
64.882928 2.76408786
64.981685 2.76465998
65.080441 2.76522823
65.179198 2.76579262
65.277954 2.76635315
65.376710 2.76690982
65.475467 2.76746262
65.574223 2.76801157
65.672979 2.76855665
65.771736 2.76909787
65.870492 2.76963522
65.969248 2.77016871
66.068005 2.77069835
66.166761 2.77122412
66.265518 2.77174602
66.364274 2.77226407
66.463030 2.77277825
66.561787 2.77328857
66.660543 2.77379503
66.759299 2.77429762
66.858056 2.77479636
66.956812 2.77529123
67.055568 2.77578224
67.154325 2.77626939
67.253081 2.77675267
67.351837 2.77723210
67.450594 2.77770766
67.549350 2.77817936
67.648107 2.77864719
67.746863 2.77911117
67.845619 2.77957128
67.944376 2.78002753
68.043132 2.78047992
68.141888 2.78092845
68.240645 2.78137311
68.339401 2.78181391
68.438157 2.78225085
68.536914 2.78268393
68.635670 2.78311315
68.734427 2.78353850
68.833183 2.78395999
68.931939 2.78437763
69.030696 2.78479139
69.129452 2.78520130
69.228208 2.78560734
69.326965 2.78600953
69.425721 2.78640785
69.524477 2.78680230
69.623234 2.78719290
69.721990 2.78757964
69.820746 2.78796251
69.919503 2.78834152
70.018259 2.78871667
70.117016 2.78908795
70.215772 2.78945538
70.314528 2.78981894
70.413285 2.79017864
70.512041 2.79053448
70.610797 2.79088646
70.709554 2.79123457
70.808310 2.79157882
70.907066 2.79191922
71.005823 2.79225574
71.104579 2.79258841
71.203336 2.79291722
71.302092 2.79324216
71.400848 2.79356324
71.499605 2.79388046
71.598361 2.79419382
71.697117 2.79450364
71.795874 2.79481314
71.894630 2.79512263
71.993386 2.79543213
72.092143 2.79574162
72.190899 2.79605112
72.289655 2.79636061
72.388412 2.79667013
72.487168 2.79697984
72.585925 2.79728914
