0.100633 1.62977458
0.201265 1.62977651
0.301898 1.62977437
0.402530 1.62977415
0.503163 1.62977416
0.603796 1.62977418
0.704428 1.62977420
0.805061 1.62977423
0.905694 1.62977427
1.006326 1.62977432
1.106959 1.62977437
1.207591 1.62977444
1.308224 1.62977451
1.408857 1.62977460
1.509489 1.62977470
1.610122 1.62977481
1.710755 1.62977494
1.811387 1.62977509
1.912020 1.62977525
2.012652 1.62977543
2.113285 1.62977562
2.213918 1.62977584
2.314550 1.62977608
2.415183 1.62977634
2.515816 1.62977661
2.616448 1.62977692
2.717081 1.62977724
2.817713 1.62977760
2.918346 1.62977797
3.018979 1.62977838
3.119611 1.62977881
3.220244 1.62977927
3.320876 1.62977975
3.421509 1.62978027
3.522142 1.62978082
3.622774 1.62978140
3.723407 1.62978202
3.824040 1.62978267
3.924672 1.62978335
4.025305 1.62978407
4.125937 1.62978482
4.226570 1.62978562
4.327203 1.62978645
4.427835 1.62978732
4.528468 1.62978822
4.629101 1.62978918
4.729733 1.62979017
4.830366 1.62979120
4.930998 1.62979228
5.031631 1.62979340
5.132264 1.62979457
5.232896 1.62979579
5.333529 1.62979705
5.434162 1.62979836
5.534794 1.62979971
5.635427 1.62980112
5.736059 1.62980258
5.836692 1.62980409
5.937325 1.62980565
6.037957 1.62980726
6.138590 1.62980893
6.239222 1.62981066
6.339855 1.62981243
6.440488 1.62981427
6.541120 1.62981616
6.641753 1.62981811
6.742386 1.62982012
6.843018 1.62982219
6.943651 1.62982432
7.044283 1.62982651
7.144916 1.62982877
7.245549 1.62983108
7.346181 1.62983346
7.446814 1.62983591
7.547447 1.62983842
7.648079 1.62984100
7.748712 1.62984364
7.849344 1.62984636
7.949977 1.62984914
8.050610 1.62985199
8.151242 1.62985491
8.251875 1.62985790
8.352508 1.62986097
8.453140 1.62986411
8.553773 1.62986732
8.654405 1.62987060
8.755038 1.62987396
8.855671 1.62987740
8.956303 1.62988091
9.056936 1.62988450
9.157568 1.62988817
9.258201 1.62989192
9.358834 1.62989574
9.459466 1.62989965
9.560099 1.62990364
9.660732 1.62990771
9.761364 1.62991186
9.861997 1.62991610
9.962629 1.62992042
10.063262 1.62992483
10.163895 1.62992931
10.264527 1.62993389
10.365160 1.62993855
10.465793 1.62994331
10.566425 1.62994814
10.667058 1.62995307
10.767690 1.62995809
10.868323 1.62996320
10.968956 1.62996840
11.069588 1.62997369
11.170221 1.62997907
11.270853 1.62998455
11.371486 1.62999012
11.472119 1.62999579
11.572751 1.63000154
11.673384 1.63000740
11.774017 1.63001335
11.874649 1.63001940
11.975282 1.63002554
12.075914 1.63003179
12.176547 1.63003813
12.277180 1.63004457
12.377812 1.63005111
12.478445 1.63005776
12.579078 1.63006450
12.679710 1.63007134
12.780343 1.63007829
12.880975 1.63008534
12.981608 1.63009249
13.082241 1.63009975
13.182873 1.63010710
13.283506 1.63011457
13.384139 1.63012214
13.484771 1.63012982
13.585404 1.63013760
13.686036 1.63014549
13.786669 1.63015348
13.887302 1.63016159
13.987934 1.63016980
14.088567 1.63017813
14.189199 1.63018655
14.289832 1.63019510
14.390465 1.63020374
14.491097 1.63021251
14.591730 1.63022137
14.692363 1.63023036
14.792995 1.63023944
14.893628 1.63024865
14.994260 1.63025796
15.094893 1.63026739
15.195526 1.63027692
15.296158 1.63028657
15.396791 1.63029633
15.497424 1.63030621
15.598056 1.63031618
15.698689 1.63032628
15.799321 1.63033648
15.899954 1.63034680
16.000587 1.63035722
16.101219 1.63036775
16.201852 1.63037838
16.302485 1.63038913
16.403117 1.63039998
16.503750 1.63041093
16.604382 1.63042197
16.705015 1.63043312
16.805648 1.63044436
16.906280 1.63045569
17.006913 1.63046710
17.107545 1.63047860
17.208178 1.63049016
17.308811 1.63050179
17.409443 1.63051348
17.510076 1.63052522
17.610709 1.63053698
17.711341 1.63054878
17.811974 1.63056057
17.912606 1.63057235
18.013239 1.63058409
18.113872 1.63059577
18.214504 1.63060735
18.315137 1.63061882
18.415770 1.63063010
18.516402 1.63064117
18.617035 1.63065196
18.717667 1.63066242
18.818300 1.63067244
18.918933 1.63068198
19.019565 1.63069088
19.120198 1.63069906
19.220831 1.63070634
19.321463 1.63071259
19.422096 1.63071758
19.522728 1.63072109
19.623361 1.63072285
19.723994 1.63072254
19.824626 1.63071978
19.925259 1.63071414
20.025891 1.63070509
20.126524 1.63069204
20.227157 1.63067426
20.327789 1.63065092
20.428422 1.63062101
20.529055 1.63058337
20.629687 1.63053659
20.730320 1.63047905
20.830952 1.63040877
20.931585 1.63032347
21.032218 1.63022036
21.132850 1.63009616
21.233483 1.62994694
21.334116 1.62976799
21.434748 1.62955363
21.535381 1.62929706
21.636013 1.62899000
21.736646 1.62862246
21.837279 1.62818219
21.937911 1.62765427
22.038544 1.62702027
22.139177 1.62625744
22.239809 1.62533743
22.340442 1.62422481
22.441074 1.62287486
22.541707 1.62123086
22.642340 1.61922032
22.742972 1.61674983
22.843605 1.61369827
22.944237 1.60990709
23.044870 1.60516756
23.145503 1.59920225
23.246135 1.59164062
23.346768 1.58198294
23.447401 1.56955292
23.548033 1.55342672
23.648666 1.53233968
23.749298 1.50454572
23.849931 1.46763171
23.950564 1.41823985
24.051196 1.35169687
24.151829 1.26147632
24.252462 1.13846607
24.353094 0.96999201
24.453727 0.73837888
24.554359 0.41940913
24.654992 -0.01979197
24.755625 -0.61488433
24.856257 -1.35016204
24.956890 -2.02028436
25.057523 -2.31564456
25.158155 -2.33700651
25.258788 -2.52916858
25.359420 -3.17562463
25.460053 -4.37714315
25.560686 -6.17340316
25.661318 -8.51917132
25.761951 -11.11229315
25.862583 -13.19260266
25.963216 -13.78626594
26.063849 -12.55928996
26.164481 -10.19682625
26.265114 -7.69335529
26.365747 -5.65491450
26.466379 -4.28960389
26.567012 -3.63686376
26.667644 -3.69943340
26.768277 -4.48312173
26.868910 -5.96996633
26.969542 -7.99804833
27.070175 -10.02984872
27.170808 -11.12331474
27.271440 -10.58420451
27.372073 -8.69670368
27.472705 -6.39972523
27.573338 -4.44215554
27.673971 -3.12474868
27.774603 -2.50368903
27.875236 -2.57503396
27.975869 -3.34061028
28.076501 -4.79978659
28.177134 -6.87361097
28.277766 -9.20214708
28.378399 -10.96626812
28.479032 -11.26946334
28.579664 -9.99606141
28.680297 -7.94225909
28.780929 -6.01074069
28.881562 -4.66821396
28.982195 -4.03773361
29.082827 -4.12675329
29.183460 -4.93027024
29.284093 -6.44039361
29.384725 -8.60228356
29.485358 -11.16058586
29.585990 -13.42786333
29.686623 -14.39747366
29.787256 -13.52647498
29.887888 -11.31373923
29.988521 -8.76515482
30.089154 -6.59015484
30.189786 -5.05898948
30.290419 -4.23131397
30.391051 -4.11557904
30.491684 -4.71672032
30.592317 -6.02943765
30.692949 -7.94049913
30.793582 -10.00471314
30.894215 -11.33428077
30.994847 -11.10776245
31.095480 -9.39190547
31.196112 -7.06624424
31.296745 -4.96846077
31.397378 -3.47816712
31.498010 -2.68216211
31.598643 -2.58213891
31.699275 -3.17562463
31.799908 -4.46690455
31.900541 -6.40530141
32.001173 -8.70698642
32.101806 -10.64393921
32.202439 -11.26859999
32.303071 -10.24946599
32.403704 -8.24602450
32.504336 -6.20802144
32.604969 -4.69440595
32.705602 -3.87777717
32.806234 -3.77713302
32.906867 -4.38480686
33.007500 -5.69731978
33.108132 -7.67951556
33.208765 -10.13935658
33.309397 -12.49920049
33.410030 -13.77873659
33.510663 -13.26425902
33.611295 -11.25108804
33.711928 -8.71577996
33.812560 -6.45444471
33.913193 -4.80799563
34.013826 -3.85793307
34.114458 -3.61250831
34.215091 -4.07709482
34.315724 -5.25093014
34.416356 -7.05634528
34.516989 -9.13983681
34.617621 -10.68778405
34.718254 -10.78961141
34.818887 -9.29715055
34.919519 -6.98665721
35.020152 -4.76399898
35.120785 -3.10388226
35.221417 -2.13169863
35.322050 -1.85461849
35.422682 -2.27026330
35.523315 -3.38102835
35.623948 -5.15506695
35.724580 -7.37594910
35.825213 -9.40397069
35.925846 -10.27079000
36.026478 -9.44289977
36.127111 -7.39216885
36.227743 -5.06846652
36.328376 -3.11200920
36.429009 -1.72546915
36.529641 -0.90768767
36.630274 -0.60200115
36.730906 -0.68251658
36.831539 -0.82332308
36.932172 -0.60046545
37.032804 -0.01076941
37.133437 0.61765129
37.234070 1.11682272
37.334702 1.48564003
37.435335 1.75685917
37.535967 1.95789596
37.636600 2.10772408
37.737233 2.21871315
37.837865 2.29820839
37.938498 2.34968404
38.039131 2.37725053
38.139763 2.38512114
38.240396 2.38459816
38.341028 2.38195621
38.441661 2.37530347
38.542294 2.36414489
38.642926 2.34848259
38.743559 2.32832895
38.844192 2.30368351
38.944824 2.27454157
39.045457 2.24089357
39.146089 2.20273406
39.246722 2.16003176
39.347355 2.11271272
39.447987 2.06070201
39.548620 2.00402548
39.649252 1.94315765
39.749885 1.87979147
39.850518 1.81775654
39.951150 1.76361286
40.051783 1.72592973
40.152416 1.71273009
40.253048 1.72810598
40.353681 1.77016967
40.454313 1.83184889
40.554946 1.90387847
40.655579 1.97783015
40.756211 2.04752923
40.856844 2.10875016
40.957477 2.15812618
41.058109 2.19199790
41.158742 2.20537332
41.259374 2.19124767
41.360007 2.13943666
41.460640 2.03667135
41.561272 1.87259329
41.661905 1.65718769
41.762538 1.44727630
41.863170 1.33838336
41.963803 1.38787787
42.064435 1.55379140
42.165068 1.73983818
42.265701 1.87603835
42.366333 1.93903960
42.466966 1.92993781
42.567598 1.85520461
42.668231 1.71986711
42.768864 1.53058891
42.869496 1.30887277
42.970129 1.10891510
43.070762 1.00523513
43.171394 1.02484581
43.272027 1.10381250
43.372659 1.13706380
43.473292 1.04517346
43.573925 0.80116742
43.674557 0.45673321
43.775190 0.16854680
43.875823 0.12660969
43.976455 0.38321610
44.077088 0.80189411
44.177720 1.20311219
44.278353 1.49272955
44.378986 1.65680443
44.479618 1.70990965
44.580251 1.66693431
44.680884 1.53490675
44.781516 1.31332388
44.882149 0.99939836
44.982781 0.60524359
45.083414 0.19556096
45.184047 -0.09555609
45.284679 -0.15003058
45.385312 0.01786299
45.485944 0.30690869
45.586577 0.63216747
45.687210 0.91888588
45.787842 1.14558945
45.888475 1.36802467
45.989108 1.60703275
46.089740 1.82132623
46.190373 1.98772392
46.291005 2.11138754
46.391638 2.20320466
46.492271 2.27189015
46.592903 2.32353005
46.693536 2.36222384
46.794169 2.39058552
46.894801 2.41028721
46.995434 2.42219426
47.096066 2.42746344
47.196699 2.42949283
47.297332 2.43106566
47.397964 2.43250796
47.498597 2.43389823
47.599230 2.43526290
47.699862 2.43661348
47.800495 2.43795577
47.901127 2.43929298
48.001760 2.44062698
48.102393 2.44195890
48.203025 2.44328945
48.303658 2.44461908
48.404290 2.44594809
48.504923 2.44727667
48.605556 2.44860495
48.706188 2.44993303
48.806821 2.45126096
48.907454 2.45258826
49.008086 2.45390987
49.108719 2.45522528
49.209351 2.45653451
49.309984 2.45783757
49.410617 2.45913447
49.511249 2.46042521
49.611882 2.46170979
49.712515 2.46298823
49.813147 2.46426052
49.913780 2.46552666
50.014412 2.46678665
50.115045 2.46804051
50.215678 2.46928821
50.316310 2.47052978
50.416943 2.47176520
50.517576 2.47299448
50.618208 2.47421761
50.718841 2.47543460
50.819473 2.47664546
50.920106 2.47785016
51.020739 2.47904873
51.121371 2.48024116
51.222004 2.48142744
51.322636 2.48260758
51.423269 2.48378158
51.523902 2.48494944
51.624534 2.48611116
51.725167 2.48726673
51.825800 2.48841616
51.926432 2.48955946
52.027065 2.49069661
52.127697 2.49182761
52.228330 2.49295248
52.328963 2.49407120
52.429595 2.49518379
52.530228 2.49629023
52.630861 2.49739053
52.731493 2.49848469
52.832126 2.49957270
52.932758 2.50065458
53.033391 2.50173031
53.134024 2.50279990
53.234656 2.50386335
53.335289 2.50492066
53.435921 2.50597182
53.536554 2.50701685
53.637187 2.50805573
53.737819 2.50908847
53.838452 2.51011507
53.939085 2.51113553
54.039717 2.51214985
54.140350 2.51315802
54.240982 2.51416005
54.341615 2.51515594
54.442248 2.51614569
54.542880 2.51712930
54.643513 2.51810677
54.744146 2.51907809
54.844778 2.52004327
54.945411 2.52100231
55.046043 2.52195521
55.146676 2.52290197
55.247309 2.52384259
55.347941 2.52477706
55.448574 2.52570539
55.549207 2.52662758
55.649839 2.52754363
55.750472 2.52845354
55.851104 2.52935731
55.951737 2.53025493
56.052370 2.53114641
56.153002 2.53203175
56.253635 2.53291095
56.354267 2.53378401
56.454900 2.53465092
56.555533 2.53551170
56.656165 2.53636633
56.756798 2.53721482
56.857431 2.53805717
56.958063 2.53889338
57.058696 2.53972345
57.159328 2.54054737
57.259961 2.54136515
57.360594 2.54217679
57.461226 2.54298229
57.561859 2.54378165
57.662492 2.54457487
57.763124 2.54536194
57.863757 2.54614288
57.964389 2.54691767
58.065022 2.54768632
58.165655 2.54844883
58.266287 2.54920519
58.366920 2.54995542
58.467553 2.55069950
58.568185 2.55143745
58.668818 2.55216925
58.769450 2.55289491
58.870083 2.55361442
58.970716 2.55432780
59.071348 2.55503504
59.171981 2.55573613
59.272613 2.55643108
59.373246 2.55711989
59.473879 2.55780256
59.574511 2.55847909
59.675144 2.55914947
59.775777 2.55981372
59.876409 2.56047182
59.977042 2.56112378
60.077674 2.56176960
60.178307 2.56240928
60.278940 2.56304282
60.379572 2.56367022
60.480205 2.56429147
60.580838 2.56490658
60.681470 2.56551556
60.782103 2.56611839
60.882735 2.56671508
60.983368 2.56730562
61.084001 2.56789003
61.184633 2.56846830
61.285266 2.56904042
61.385899 2.56960640
61.486531 2.57016624
61.587164 2.57071994
61.687796 2.57126750
61.788429 2.57180892
61.889062 2.57234419
61.989694 2.57287333
62.090327 2.57339632
62.190959 2.57391318
62.291592 2.57442389
62.392225 2.57492846
62.492857 2.57542688
62.593490 2.57591917
62.694123 2.57640532
62.794755 2.57688532
62.895388 2.57735919
62.996020 2.57782691
63.096653 2.57828849
63.197286 2.57874393
63.297918 2.57919323
63.398551 2.57963639
63.499184 2.58007340
63.599816 2.58050428
63.700449 2.58092901
63.801081 2.58134761
63.901714 2.58176006
64.002347 2.58216637
64.102979 2.58256654
64.203612 2.58296057
64.304245 2.58334846
64.404877 2.58373020
64.505510 2.58410581
64.606142 2.58447527
64.706775 2.58483860
64.807408 2.58519578
64.908040 2.58554682
65.008673 2.58589172
65.109305 2.58623048
65.209938 2.58656310
65.310571 2.58688958
65.411203 2.58720991
65.511836 2.58752411
65.612469 2.58783216
65.713101 2.58813408
65.813734 2.58842985
65.914366 2.58871948
66.014999 2.58900297
66.115632 2.58928032
66.216264 2.58955153
66.316897 2.58981660
66.417530 2.59007552
66.518162 2.59032831
66.618795 2.59057496
66.719427 2.59081546
66.820060 2.59104982
66.920693 2.59127805
67.021325 2.59150013
67.121958 2.59171607
67.222591 2.59192587
67.323223 2.59212953
67.423856 2.59232705
67.524488 2.59251842
67.625121 2.59270366
67.725754 2.59288276
67.826386 2.59305571
67.927019 2.59322253
68.027651 2.59338320
68.128284 2.59353773
68.228917 2.59368613
68.329549 2.59382838
68.430182 2.59396449
68.530815 2.59409446
68.631447 2.59421829
68.732080 2.59433598
68.832712 2.59444753
68.933345 2.59455293
69.033978 2.59465220
69.134610 2.59474533
69.235243 2.59483231
69.335876 2.59491316
69.436508 2.59498786
69.537141 2.59505643
69.637773 2.59511885
69.738406 2.59517513
69.839039 2.59522527
69.939671 2.59526979
70.040304 2.59531379
70.140937 2.59535779
70.241569 2.59540179
70.342202 2.59544579
70.442834 2.59548979
70.543467 2.59553379
70.644100 2.59557780
70.744732 2.59562179
