0.100633 1.62864569
0.201265 1.62864907
0.301898 1.62864546
0.402530 1.62864508
0.503163 1.62864512
0.603796 1.62864516
0.704428 1.62864521
0.805061 1.62864526
0.905694 1.62864532
1.006326 1.62864539
1.106959 1.62864546
1.207591 1.62864553
1.308224 1.62864562
1.408857 1.62864571
1.509489 1.62864582
1.610122 1.62864593
1.710755 1.62864606
1.811387 1.62864619
1.912020 1.62864634
2.012652 1.62864650
2.113285 1.62864668
2.213918 1.62864687
2.314550 1.62864707
2.415183 1.62864729
2.515816 1.62864753
2.616448 1.62864778
2.717081 1.62864805
2.817713 1.62864834
2.918346 1.62864865
3.018979 1.62864897
3.119611 1.62864932
3.220244 1.62864969
3.320876 1.62865008
3.421509 1.62865049
3.522142 1.62865093
3.622774 1.62865139
3.723407 1.62865187
3.824040 1.62865238
3.924672 1.62865292
4.025305 1.62865348
4.125937 1.62865407
4.226570 1.62865468
4.327203 1.62865533
4.427835 1.62865601
4.528468 1.62865672
4.629101 1.62865745
4.729733 1.62865822
4.830366 1.62865902
4.930998 1.62865986
5.031631 1.62866073
5.132264 1.62866163
5.232896 1.62866257
5.333529 1.62866355
5.434162 1.62866456
5.534794 1.62866561
5.635427 1.62866670
5.736059 1.62866783
5.836692 1.62866899
5.937325 1.62867020
6.037957 1.62867145
6.138590 1.62867275
6.239222 1.62867408
6.339855 1.62867546
6.440488 1.62867688
6.541120 1.62867836
6.641753 1.62867987
6.742386 1.62868143
6.843018 1.62868304
6.943651 1.62868470
7.044283 1.62868641
7.144916 1.62868817
7.245549 1.62868998
7.346181 1.62869184
7.446814 1.62869375
7.547447 1.62869572
7.648079 1.62869774
7.748712 1.62869982
7.849344 1.62870195
7.949977 1.62870414
8.050610 1.62870638
8.151242 1.62870869
8.251875 1.62871105
8.352508 1.62871348
8.453140 1.62871596
8.553773 1.62871851
8.654405 1.62872112
8.755038 1.62872379
8.855671 1.62872652
8.956303 1.62872933
9.056936 1.62873219
9.157568 1.62873513
9.258201 1.62873813
9.358834 1.62874120
9.459466 1.62874434
9.560099 1.62874755
9.660732 1.62875083
9.761364 1.62875418
9.861997 1.62875760
9.962629 1.62876111
10.063262 1.62876468
10.163895 1.62876833
10.264527 1.62877205
10.365160 1.62877586
10.465793 1.62877974
10.566425 1.62878370
10.667058 1.62878774
10.767690 1.62879186
10.868323 1.62879606
10.968956 1.62880035
11.069588 1.62880471
11.170221 1.62880917
11.270853 1.62881370
11.371486 1.62881833
11.472119 1.62882304
11.572751 1.62882784
11.673384 1.62883273
11.774017 1.62883771
11.874649 1.62884278
11.975282 1.62884794
12.075914 1.62885319
12.176547 1.62885854
12.277180 1.62886398
12.377812 1.62886952
12.478445 1.62887515
12.579078 1.62888089
12.679710 1.62888671
12.780343 1.62889264
12.880975 1.62889867
12.981608 1.62890480
13.082241 1.62891103
13.182873 1.62891736
13.283506 1.62892380
13.384139 1.62893034
13.484771 1.62893699
13.585404 1.62894374
13.686036 1.62895060
13.786669 1.62895757
13.887302 1.62896464
13.987934 1.62897183
14.088567 1.62897912
14.189199 1.62898653
14.289832 1.62899405
14.390465 1.62900168
14.491097 1.62900942
14.591730 1.62901728
14.692363 1.62902525
14.792995 1.62903334
14.893628 1.62904155
14.994260 1.62904987
15.094893 1.62905831
15.195526 1.62906686
15.296158 1.62907554
15.396791 1.62908433
15.497424 1.62909324
15.598056 1.62910226
15.698689 1.62911141
15.799321 1.62912068
15.899954 1.62913006
16.000587 1.62913956
16.101219 1.62914918
16.201852 1.62915891
16.302485 1.62916877
16.403117 1.62917873
16.503750 1.62918880
16.604382 1.62919899
16.705015 1.62920928
16.805648 1.62921967
16.906280 1.62923017
17.006913 1.62924076
17.107545 1.62925144
17.208178 1.62926220
17.308811 1.62927305
17.409443 1.62928395
17.510076 1.62929492
17.610709 1.62930592
17.711341 1.62931697
17.811974 1.62932801
17.912606 1.62933906
18.013239 1.62935007
18.113872 1.62936103
18.214504 1.62937189
18.315137 1.62938264
18.415770 1.62939321
18.516402 1.62940358
18.617035 1.62941365
18.717667 1.62942339
18.818300 1.62943270
18.918933 1.62944150
19.019565 1.62944967
19.120198 1.62945709
19.220831 1.62946360
19.321463 1.62946905
19.422096 1.62947322
19.522728 1.62947588
19.623361 1.62947674
19.723994 1.62947549
19.824626 1.62947174
19.925259 1.62946506
20.025891 1.62945490
20.126524 1.62944066
20.227157 1.62942162
20.327789 1.62939691
20.428422 1.62936554
20.529055 1.62932632
20.629687 1.62927785
20.730320 1.62921848
20.830952 1.62914624
20.931585 1.62905879
21.032218 1.62895338
21.132850 1.62882670
21.233483 1.62867482
21.334116 1.62849299
21.434748 1.62827558
21.535381 1.62801571
21.636013 1.62770518
21.736646 1.62733390
21.837279 1.62688975
21.937911 1.62635769
22.038544 1.62571942
22.139177 1.62495210
22.239809 1.62402755
22.340442 1.62291022
22.441074 1.62155560
22.541707 1.61990690
22.642340 1.61789186
22.742972 1.61541701
22.843605 1.61236151
22.944237 1.60856680
23.044870 1.60382449
23.145503 1.59785719
23.246135 1.59029475
23.346768 1.58063758
23.447401 1.56820986
23.548033 1.55208801
23.648666 1.53100788
23.749298 1.50322388
23.849931 1.46632345
23.950564 1.41694960
24.051196 1.35042968
24.151829 1.26023848
24.252462 1.13726454
24.353094 0.96883553
24.453727 0.73727669
24.554359 0.41837251
24.654992 -0.02075184
24.755625 -0.61575459
24.856257 -1.35093108
24.956890 -2.02094043
25.057523 -2.31640953
25.158155 -2.33780875
25.258788 -2.52998496
25.359420 -3.17645325
25.460053 -4.37798923
25.560686 -6.17427153
25.661318 -8.52006458
25.761951 -11.11321243
25.862583 -13.19354744
25.963216 -13.78723536
26.063849 -12.56028154
26.164481 -10.19783554
26.265114 -7.69437549
26.365747 -5.65593794
26.466379 -4.29062454
26.567012 -3.63787917
26.667644 -3.70044816
26.768277 -4.48415126
26.868910 -5.97103945
26.969542 -7.99920628
27.070175 -10.03113594
27.170808 -11.12476760
27.271440 -10.58583850
27.372073 -8.69850547
27.472705 -6.40165383
27.573338 -4.44415980
27.673971 -3.12679597
27.774603 -2.50577881
27.875236 -2.57717333
27.975869 -3.34280280
28.076501 -4.80204641
28.177134 -6.87596343
28.277766 -9.20460952
28.378399 -10.96883863
28.479032 -11.27212085
28.579664 -9.99877302
28.680297 -7.94499012
28.780929 -6.01346490
28.881562 -4.67092187
28.982195 -4.04043212
29.082827 -4.12946241
29.183460 -4.93301736
29.284093 -6.44321023
29.384725 -8.60520366
29.485358 -11.16364373
29.585990 -13.43109334
29.686623 -14.40090945
29.787256 -13.53014730
29.887888 -11.31767096
29.988521 -8.76935954
30.089154 -6.59463888
30.189786 -5.06375568
30.290419 -4.23636270
30.391051 -4.12090934
30.491684 -4.72232929
30.592317 -6.03531958
30.692949 -7.94663883
30.793582 -10.01107204
30.894215 -11.34078072
30.994847 -11.11428480
31.095480 -9.39831326
31.196112 -7.07241373
31.296745 -4.97429779
31.397378 -3.48362231
31.498010 -2.68724527
31.598643 -2.58690927
31.699275 -3.18017551
31.799908 -4.47137109
31.900541 -6.40988087
32.001173 -8.71194061
32.101806 -10.64959863
32.202439 -11.27536870
32.303071 -10.25778761
32.403704 -8.25632467
32.504336 -6.22069250
32.604969 -4.70982990
32.705602 -3.89634738
32.806234 -3.79927861
32.906867 -4.41102351
33.007500 -5.72821609
33.108132 -7.71589676
33.208765 -10.18235899
33.309397 -12.55027406
33.410030 -13.83928854
33.510663 -13.33571557
33.611295 -11.33494595
33.711928 -8.81360120
33.812560 -6.56786742
33.913193 -4.93877383
34.013826 -4.00801015
34.114458 -3.78413254
34.215091 -4.27297846
34.315724 -5.47445118
34.416356 -7.31172349
34.516989 -9.43213973
34.617621 -11.02246086
34.718254 -11.17101244
34.818887 -9.72583016
34.919519 -7.45624003
35.020152 -5.25932704
35.120785 -3.60211904
35.221417 -2.60661128
35.322050 -2.28230629
35.422682 -2.63375277
35.523315 -3.67178403
35.623948 -5.37095101
35.724580 -7.51833587
35.825213 -9.47547104
35.925846 -10.27398620
36.026478 -9.38017261
36.127111 -7.26626316
36.227743 -4.88299463
36.328376 -2.87133724
36.429009 -1.43418563
36.529641 -0.57013022
36.630274 -0.22189294
36.730906 -0.26263790
36.831539 -0.36552568
36.932172 -0.10618002
37.032804 0.51772784
37.133437 1.17872991
37.234070 1.70996593
37.334702 2.11029545
37.435335 2.41194508
37.535967 2.64168425
37.636600 2.81753850
37.737233 2.95072432
37.837865 3.04782448
37.938498 3.11210176
38.039131 3.14796433
38.139763 3.16022781
38.240396 3.16258352
38.341028 3.16387763
38.441661 3.16490213
38.542294 3.16581728
38.642926 3.16667821
38.743559 3.16750925
38.844192 3.16832255
38.944824 3.16912480
39.045457 3.16991990
39.146089 3.17071025
39.246722 3.17149741
39.347355 3.17228242
39.447987 3.17306602
39.548620 3.17384881
39.649252 3.17463140
39.749885 3.17541457
39.850518 3.17619969
39.951150 3.17698942
40.051783 3.17778989
40.152416 3.17861830
40.253048 3.17954091
40.353681 3.18092180
40.454313 3.18353701
40.554946 3.18715620
40.655579 3.19114680
40.756211 3.19451930
40.856844 3.19576551
40.957477 3.19262287
41.058109 3.18171242
41.158742 3.15794761
41.259374 3.11395790
41.360007 3.03887250
41.460640 2.91846261
41.561272 2.74128167
41.661905 2.51616133
41.762538 2.29903169
41.863170 2.18499917
41.963803 2.23119047
42.064435 2.39529962
42.165068 2.58062624
42.265701 2.71677117
42.366333 2.78000383
42.466966 2.77107576
42.567598 2.69613035
42.668231 2.55991890
42.768864 2.36895577
42.869496 2.14477130
42.970129 1.94178596
43.070762 1.83490976
43.171394 1.85157126
43.272027 1.92814711
43.372659 1.95972300
43.473292 1.86683175
43.573925 1.62227917
43.674557 1.27741015
43.775190 0.98854073
43.875823 0.94543033
43.976455 1.20035584
44.077088 1.61706183
44.177720 2.01626280
44.278353 2.30392443
44.378986 2.46611287
44.479618 2.51736897
44.580251 2.47253664
44.680884 2.33860866
44.781516 2.11506443
44.882149 1.79912330
44.982781 1.40295080
45.083414 0.99136382
45.184047 0.69860077
45.284679 0.64284255
45.385312 0.80979829
45.485944 1.09811681
45.586577 1.42269888
45.687210 1.70865255
45.787842 1.93438817
45.888475 2.15557466
45.989108 2.39302295
46.089740 2.60546140
46.190373 2.76975812
46.291005 2.89114112
46.391638 2.98057529
46.492271 3.04685650
46.592903 3.09615233
46.693536 3.13264720
46.794169 3.15904689
46.894801 3.17711302
46.995434 3.18778547
47.096066 3.19222567
47.196699 3.19363876
47.297332 3.19463274
47.397964 3.19550874
47.498597 3.19633847
47.599230 3.19714570
47.699862 3.19794069
47.800495 3.19872854
47.901127 3.19951205
48.001760 3.20029283
48.102393 3.20107184
48.203025 3.20184971
48.303658 3.20262680
48.404290 3.20340338
48.504923 3.20417960
48.605556 3.20495557
48.706188 3.20573138
48.806821 3.20650707
48.907454 3.20728236
49.008086 3.20805430
49.108719 3.20882258
49.209351 3.20958723
49.309984 3.21034824
49.410617 3.21110563
49.511249 3.21185940
49.611882 3.21260955
49.712515 3.21335609
49.813147 3.21409902
49.913780 3.21483833
50.014412 3.21557404
50.115045 3.21630613
50.215678 3.21703462
50.316310 3.21775949
50.416943 3.21848076
50.517576 3.21919842
50.618208 3.21991247
50.718841 3.22062292
50.819473 3.22132975
50.920106 3.22203298
51.020739 3.22273260
51.121371 3.22342861
51.222004 3.22412102
51.322636 3.22480982
51.423269 3.22549501
51.523902 3.22617659
51.624534 3.22685457
51.725167 3.22752894
51.825800 3.22819970
51.926432 3.22886686
52.027065 3.22953041
52.127697 3.23019035
52.228330 3.23084668
52.328963 3.23149941
52.429595 3.23214853
52.530228 3.23279405
52.630861 3.23343596
52.731493 3.23407426
52.832126 3.23470895
52.932758 3.23534004
53.033391 3.23596752
53.134024 3.23659139
53.234656 3.23721166
53.335289 3.23782832
53.435921 3.23844138
53.536554 3.23905083
53.637187 3.23965667
53.737819 3.24025890
53.838452 3.24085753
53.939085 3.24145255
54.039717 3.24204397
54.140350 3.24263178
54.240982 3.24321598
54.341615 3.24379658
54.442248 3.24437357
54.542880 3.24494695
54.643513 3.24551673
54.744146 3.24608290
54.844778 3.24664547
54.945411 3.24720443
55.046043 3.24775978
55.146676 3.24831153
55.247309 3.24885967
55.347941 3.24940420
55.448574 3.24994513
55.549207 3.25048245
55.649839 3.25101617
55.750472 3.25154628
55.851104 3.25207278
55.951737 3.25259568
56.052370 3.25311497
56.153002 3.25363066
56.253635 3.25414274
56.354267 3.25465121
56.454900 3.25515608
56.555533 3.25565734
56.656165 3.25615499
56.756798 3.25664904
56.857431 3.25713949
56.958063 3.25762632
57.058696 3.25810956
57.159328 3.25858918
57.259961 3.25906520
57.360594 3.25953762
57.461226 3.26000642
57.561859 3.26047163
57.662492 3.26093322
57.763124 3.26139121
57.863757 3.26184560
57.964389 3.26229638
58.065022 3.26274355
58.165655 3.26318711
58.266287 3.26362708
58.366920 3.26406343
58.467553 3.26449618
58.568185 3.26492532
58.668818 3.26535086
58.769450 3.26577279
58.870083 3.26619112
58.970716 3.26660584
59.071348 3.26701695
59.171981 3.26742446
59.272613 3.26782837
59.373246 3.26822866
59.473879 3.26862535
59.574511 3.26901844
59.675144 3.26940792
59.775777 3.26979379
59.876409 3.27017606
59.977042 3.27055473
60.077674 3.27092978
60.178307 3.27130123
60.278940 3.27166908
60.379572 3.27203332
60.480205 3.27239395
60.580838 3.27275098
60.681470 3.27310440
60.782103 3.27345422
60.882735 3.27380043
60.983368 3.27414303
61.084001 3.27448203
61.184633 3.27481743
61.285266 3.27514921
61.385899 3.27547740
61.486531 3.27580197
61.587164 3.27612294
61.687796 3.27644031
61.788429 3.27675407
61.889062 3.27706422
61.989694 3.27737077
62.090327 3.27767371
62.190959 3.27797304
62.291592 3.27826877
62.392225 3.27856090
62.492857 3.27884942
62.593490 3.27913433
62.694123 3.27941564
62.794755 3.27969334
62.895388 3.27996743
62.996020 3.28023792
63.096653 3.28050481
63.197286 3.28076809
63.297918 3.28102776
63.398551 3.28128383
63.499184 3.28153629
63.599816 3.28178514
63.700449 3.28203039
63.801081 3.28227203
63.901714 3.28251007
64.002347 3.28274450
64.102979 3.28297533
64.203612 3.28320255
64.304245 3.28342617
64.404877 3.28364617
64.505510 3.28386258
64.606142 3.28407537
64.706775 3.28428457
64.807408 3.28449015
64.908040 3.28469213
65.008673 3.28489050
65.109305 3.28508527
65.209938 3.28527643
65.310571 3.28546399
65.411203 3.28564794
65.511836 3.28582828
65.612469 3.28600502
65.713101 3.28617816
65.813734 3.28634768
65.914366 3.28651360
66.014999 3.28667592
66.115632 3.28683463
66.216264 3.28698973
66.316897 3.28714123
66.417530 3.28728912
66.518162 3.28743341
66.618795 3.28757409
66.719427 3.28771116
66.820060 3.28784463
66.920693 3.28797449
67.021325 3.28810074
67.121958 3.28822339
67.222591 3.28834244
67.323223 3.28845788
67.423856 3.28856971
67.524488 3.28867793
67.625121 3.28878255
67.725754 3.28888357
67.826386 3.28898098
67.927019 3.28907478
68.027651 3.28916497
68.128284 3.28925156
68.228917 3.28933455
68.329549 3.28941392
68.430182 3.28948970
68.530815 3.28956186
68.631447 3.28963042
68.732080 3.28969538
68.832712 3.28975672
68.933345 3.28981446
69.033978 3.28986860
69.134610 3.28991913
69.235243 3.28996605
69.335876 3.29000937
69.436508 3.29004908
69.537141 3.29008519
69.637773 3.29011768
69.738406 3.29014657
69.839039 3.29017186
69.939671 3.29019385
70.040304 3.29021553
70.140937 3.29023721
70.241569 3.29025889
70.342202 3.29028057
70.442834 3.29030225
70.543467 3.29032392
70.644100 3.29034558
70.744732 3.29036728
