0.100633 1.62923071
0.201265 1.62923290
0.301898 1.62923058
0.402530 1.62923033
0.503163 1.62923036
0.603796 1.62923039
0.704428 1.62923042
0.805061 1.62923045
0.905694 1.62923049
1.006326 1.62923053
1.106959 1.62923058
1.207591 1.62923062
1.308224 1.62923068
1.408857 1.62923073
1.509489 1.62923080
1.610122 1.62923086
1.710755 1.62923094
1.811387 1.62923102
1.912020 1.62923110
2.012652 1.62923119
2.113285 1.62923130
2.213918 1.62923140
2.314550 1.62923152
2.415183 1.62923164
2.515816 1.62923178
2.616448 1.62923192
2.717081 1.62923207
2.817713 1.62923223
2.918346 1.62923240
3.018979 1.62923258
3.119611 1.62923278
3.220244 1.62923298
3.320876 1.62923320
3.421509 1.62923343
3.522142 1.62923367
3.622774 1.62923393
3.723407 1.62923420
3.824040 1.62923448
3.924672 1.62923478
4.025305 1.62923509
4.125937 1.62923542
4.226570 1.62923576
4.327203 1.62923612
4.427835 1.62923649
4.528468 1.62923689
4.629101 1.62923730
4.729733 1.62923773
4.830366 1.62923817
4.930998 1.62923864
5.031631 1.62923912
5.132264 1.62923963
5.232896 1.62924015
5.333529 1.62924070
5.434162 1.62924127
5.534794 1.62924186
5.635427 1.62924247
5.736059 1.62924310
5.836692 1.62924376
5.937325 1.62924444
6.037957 1.62924514
6.138590 1.62924588
6.239222 1.62924663
6.339855 1.62924741
6.440488 1.62924822
6.541120 1.62924906
6.641753 1.62924992
6.742386 1.62925081
6.843018 1.62925172
6.943651 1.62925268
7.044283 1.62925365
7.144916 1.62925466
7.245549 1.62925570
7.346181 1.62925677
7.446814 1.62925787
7.547447 1.62925901
7.648079 1.62926017
7.748712 1.62926138
7.849344 1.62926261
7.949977 1.62926389
8.050610 1.62926519
8.151242 1.62926654
8.251875 1.62926791
8.352508 1.62926933
8.453140 1.62927079
8.553773 1.62927228
8.654405 1.62927381
8.755038 1.62927539
8.855671 1.62927700
8.956303 1.62927866
9.056936 1.62928036
9.157568 1.62928210
9.258201 1.62928388
9.358834 1.62928572
9.459466 1.62928759
9.560099 1.62928951
9.660732 1.62929147
9.761364 1.62929349
9.861997 1.62929555
9.962629 1.62929766
10.063262 1.62929981
10.163895 1.62930202
10.264527 1.62930428
10.365160 1.62930659
10.465793 1.62930895
10.566425 1.62931137
10.667058 1.62931383
10.767690 1.62931636
10.868323 1.62931893
10.968956 1.62932157
11.069588 1.62932425
11.170221 1.62932700
11.270853 1.62932980
11.371486 1.62933267
11.472119 1.62933559
11.572751 1.62933858
11.673384 1.62934162
11.774017 1.62934473
11.874649 1.62934789
11.975282 1.62935113
12.075914 1.62935442
12.176547 1.62935779
12.277180 1.62936121
12.377812 1.62936471
12.478445 1.62936826
12.579078 1.62937189
12.679710 1.62937559
12.780343 1.62937936
12.880975 1.62938319
12.981608 1.62938710
13.082241 1.62939108
13.182873 1.62939514
13.283506 1.62939926
13.384139 1.62940346
13.484771 1.62940774
13.585404 1.62941209
13.686036 1.62941652
13.786669 1.62942102
13.887302 1.62942560
13.987934 1.62943027
14.088567 1.62943500
14.189199 1.62943983
14.289832 1.62944473
14.390465 1.62944971
14.491097 1.62945477
14.591730 1.62945992
14.692363 1.62946515
14.792995 1.62947046
14.893628 1.62947586
14.994260 1.62948134
15.094893 1.62948690
15.195526 1.62949256
15.296158 1.62949829
15.396791 1.62950412
15.497424 1.62951003
15.598056 1.62951602
15.698689 1.62952210
15.799321 1.62952827
15.899954 1.62953453
16.000587 1.62954087
16.101219 1.62954729
16.201852 1.62955380
16.302485 1.62956039
16.403117 1.62956706
16.503750 1.62957382
16.604382 1.62958065
16.705015 1.62958755
16.805648 1.62959453
16.906280 1.62960158
17.006913 1.62960869
17.107545 1.62961587
17.208178 1.62962310
17.308811 1.62963037
17.409443 1.62963768
17.510076 1.62964503
17.610709 1.62965238
17.711341 1.62965975
17.811974 1.62966710
17.912606 1.62967442
18.013239 1.62968169
18.113872 1.62968888
18.214504 1.62969596
18.315137 1.62970291
18.415770 1.62970967
18.516402 1.62971620
18.617035 1.62972244
18.717667 1.62972834
18.818300 1.62973381
18.918933 1.62973877
19.019565 1.62974310
19.120198 1.62974669
19.220831 1.62974940
19.321463 1.62975106
19.422096 1.62975146
19.522728 1.62975040
19.623361 1.62974758
19.723994 1.62974272
19.824626 1.62973540
19.925259 1.62972523
20.025891 1.62971167
20.126524 1.62969413
20.227157 1.62967189
20.327789 1.62964412
20.428422 1.62960982
20.529055 1.62956785
20.629687 1.62951679
20.730320 1.62945503
20.830952 1.62938062
20.931585 1.62929126
21.032218 1.62918419
21.132850 1.62905616
21.233483 1.62890321
21.334116 1.62872069
21.434748 1.62850291
21.535381 1.62824312
21.636013 1.62793303
21.736646 1.62756270
21.837279 1.62711989
21.937911 1.62658972
22.038544 1.62595377
22.139177 1.62518935
22.239809 1.62426812
22.340442 1.62315471
22.441074 1.62180439
22.541707 1.62016055
22.642340 1.61815066
22.742972 1.61568141
22.843605 1.61263165
22.944237 1.60884293
23.044870 1.60410648
23.145503 1.59814497
23.246135 1.59058778
23.346768 1.58093528
23.447401 1.56851109
23.548033 1.55239146
23.648666 1.53131156
23.749298 1.50352546
23.849931 1.46661976
23.950564 1.41723686
24.051196 1.35070314
24.151829 1.26049244
24.252462 1.13749216
24.353094 0.96902867
24.453727 0.73742610
24.554359 0.41846757
24.654992 -0.02072243
24.755625 -0.61580305
24.856257 -1.35106952
24.956890 -2.02118076
25.057523 -2.31656685
25.158155 -2.33794822
25.258788 -2.53013311
25.359420 -3.17662000
25.460053 -4.37817970
25.560686 -6.17449156
25.661318 -8.52032029
25.761951 -11.11350931
25.862583 -13.19388700
25.963216 -13.78761528
26.063849 -12.56069453
26.164481 -10.19827347
26.265114 -7.69482843
26.365747 -5.65639539
26.466379 -4.29107359
26.567012 -3.63830482
26.667644 -3.70083106
26.768277 -4.48446585
26.868910 -5.97125205
26.969542 -7.99927695
27.070175 -10.03102618
27.170808 -11.12445112
27.271440 -10.58531148
27.372073 -8.69779267
27.472705 -6.40080502
27.573338 -4.44323388
27.673971 -3.12583594
27.774603 -2.50479993
27.875236 -2.57618338
27.975869 -3.34181039
28.076501 -4.80104715
28.177134 -6.87493717
28.277766 -9.20353363
28.378399 -10.96769374
28.479032 -11.27088977
28.579664 -9.99744219
28.680297 -7.94354995
28.780929 -6.01190431
28.881562 -4.66922070
28.982195 -4.03855899
29.082827 -4.12737731
29.183460 -4.93067570
29.284093 -6.44056593
29.384725 -8.60221081
29.485358 -11.16025984
29.585990 -13.42728071
29.686623 -14.39663727
29.787256 -13.52539297
29.887888 -11.31242477
29.988521 -8.76362390
30.089154 -6.58842607
30.189786 -5.05708152
30.290419 -4.22924523
30.391051 -4.11336641
30.491684 -4.71437922
30.592317 -6.02698182
30.692949 -7.93793922
30.793582 -10.00205563
30.894215 -11.33152351
30.994847 -11.10489362
31.095480 -9.38890381
31.196112 -7.06308460
31.296745 -4.96511713
31.397378 -3.47461613
31.498010 -2.67838575
31.598643 -2.57812469
31.699275 -3.17136549
31.799908 -4.46239986
31.900541 -6.40055225
32.001173 -8.70199171
32.101806 -10.63869226
32.202439 -11.26308960
32.303071 -10.24367679
32.403704 -8.23994023
32.504336 -6.20162747
32.604969 -4.68769351
32.705602 -3.87074495
32.806234 -3.76978869
32.906867 -4.37716681
33.007500 -5.68940842
33.108132 -7.67136479
33.208765 -10.13100576
33.309397 -12.49069442
33.410030 -13.77012460
33.510663 -13.25558611
33.611295 -11.24237206
33.711928 -8.70700174
33.812560 -6.44555789
33.913193 -4.79894349
34.013826 -3.84866359
34.114458 -3.60298508
34.215091 -4.06729920
34.315724 -5.24086277
34.416356 -7.04601952
34.516989 -9.12926702
34.617621 -10.67697134
34.718254 -10.77853112
34.818887 -9.28571161
34.919519 -6.97467463
35.020152 -4.75120029
35.120785 -3.08994979
35.221417 -2.11631704
35.322050 -1.83752062
35.422682 -2.25129443
35.523315 -3.36022089
35.623948 -5.13259288
35.724580 -7.35207481
35.825213 -9.37905684
35.925846 -10.24528837
36.026478 -9.41729274
36.127111 -7.36686720
36.227743 -5.04378310
36.328376 -3.08828915
36.429009 -1.70334117
36.529641 -0.88842157
36.630274 -0.58825968
36.730906 -0.67863353
36.831539 -0.83276577
36.932172 -0.62643219
37.032804 -0.05663440
37.133437 0.54830065
37.234070 1.02026367
37.334702 1.35808232
37.435335 1.59449749
37.535967 1.75689946
37.636600 1.86420827
37.737233 1.92861254
37.837865 1.95750794
37.938498 1.95505478
38.039131 1.92616488
38.139763 1.87732358
38.240396 1.82366951
38.341028 1.78097864
38.441661 1.75902924
38.542294 1.76372120
38.642926 1.79509036
38.743559 1.84756891
38.844192 1.91272772
38.944824 1.98258383
39.045457 2.05156791
39.146089 2.11670570
39.246722 2.17683923
39.347355 2.23173880
39.447987 2.28143630
39.548620 2.32604144
39.649252 2.36559547
39.749885 2.40013045
39.850518 2.42963374
39.951150 2.45408289
40.051783 2.47346814
40.152416 2.48787354
40.253048 2.49776171
40.353681 2.50452071
40.454313 2.51012970
40.554946 2.51560379
40.655579 2.52093393
40.756211 2.52539781
40.856844 2.52759363
40.957477 2.52530032
41.058109 2.51515672
41.158742 2.49208542
41.259374 2.44872588
41.360007 2.37422099
41.460640 2.25436274
41.561272 2.07772720
41.661905 1.85316523
41.762538 1.63660846
41.863170 1.52313687
41.963803 1.56984629
42.064435 1.73442153
42.165068 1.92017167
42.265701 2.05671577
42.366333 2.12034344
42.466966 2.11182434
42.567598 2.03731726
42.668231 1.90158474
42.768864 1.71114511
42.869496 1.48752396
42.970129 1.28512818
43.070762 1.17884699
43.171394 1.19608878
43.272027 1.27321615
43.372659 1.30530803
43.473292 1.21289874
43.573925 0.96880382
43.674557 0.62438382
43.775190 0.33597157
43.875823 0.29333822
43.976455 0.54876165
44.077088 0.96597620
44.177720 1.36568529
44.278353 1.65385188
44.378986 1.81654457
44.479618 1.86830829
44.580251 1.82399069
44.680884 1.69058674
44.781516 1.46757623
44.882149 1.15217691
44.982781 0.75654973
45.083414 0.34550296
45.184047 0.05326500
45.284679 -0.00199034
45.385312 0.16544696
45.485944 0.45423432
45.586577 0.77928343
45.687210 1.06571247
45.787842 1.29194058
45.888475 1.51364276
45.989108 1.75163228
46.089740 1.96463596
46.190373 2.12951735
46.291005 2.25149816
46.391638 2.34153573
46.492271 2.40841776
46.592903 2.45830325
46.693536 2.49536725
46.794169 2.52230510
46.894801 2.54086802
46.995434 2.55198711
47.096066 2.55682257
47.196699 2.55860237
47.297332 2.55995648
47.397964 2.56118960
47.498597 2.56237466
47.599230 2.56353609
47.699862 2.56468449
47.800495 2.56582523
47.901127 2.56696127
48.001760 2.56809433
48.102393 2.56922545
48.203025 2.57035530
48.303658 2.57148429
48.404290 2.57261270
48.504923 2.57374071
48.605556 2.57486844
48.706188 2.57599598
48.806821 2.57712339
48.907454 2.57825025
49.008086 2.57937228
49.108719 2.58048905
49.209351 2.58160057
49.309984 2.58270686
49.410617 2.58380791
49.511249 2.58490374
49.611882 2.58599435
49.712515 2.58707975
49.813147 2.58815993
49.913780 2.58923489
50.014412 2.59030464
50.115045 2.59136918
50.215678 2.59242851
50.316310 2.59348263
50.416943 2.59453154
50.517576 2.59557523
50.618208 2.59661372
50.718841 2.59764700
50.819473 2.59867506
50.920106 2.59969792
51.020739 2.60071557
51.121371 2.60172801
51.222004 2.60273524
51.322636 2.60373726
51.423269 2.60473408
51.523902 2.60572568
51.624534 2.60671207
51.725167 2.60769326
51.825800 2.60866924
51.926432 2.60964000
52.027065 2.61060556
52.127697 2.61156591
52.228330 2.61252106
52.328963 2.61347099
52.429595 2.61441571
52.530228 2.61535523
52.630861 2.61628954
52.731493 2.61721863
52.832126 2.61814252
52.932758 2.61906121
53.033391 2.61997468
53.134024 2.62088294
53.234656 2.62178600
53.335289 2.62268385
53.435921 2.62357649
53.536554 2.62446392
53.637187 2.62534614
53.737819 2.62622315
53.838452 2.62709496
53.939085 2.62796156
54.039717 2.62882295
54.140350 2.62967913
54.240982 2.63053010
54.341615 2.63137586
54.442248 2.63221642
54.542880 2.63305177
54.643513 2.63388191
54.744146 2.63470684
54.844778 2.63552656
54.945411 2.63634108
55.046043 2.63715038
55.146676 2.63795448
55.247309 2.63875337
55.347941 2.63954706
55.448574 2.64033553
55.549207 2.64111880
55.649839 2.64189685
55.750472 2.64266971
55.851104 2.64343735
55.951737 2.64419978
56.052370 2.64495701
56.153002 2.64570903
56.253635 2.64645584
56.354267 2.64719744
56.454900 2.64793383
56.555533 2.64866502
56.656165 2.64939100
56.756798 2.65011177
56.857431 2.65082733
56.958063 2.65153768
57.058696 2.65224283
57.159328 2.65294277
57.259961 2.65363750
57.360594 2.65432702
57.461226 2.65501134
57.561859 2.65569044
57.662492 2.65636434
57.763124 2.65703303
57.863757 2.65769651
57.964389 2.65835479
58.065022 2.65900786
58.165655 2.65965572
58.266287 2.66029837
58.366920 2.66093581
58.467553 2.66156804
58.568185 2.66219507
58.668818 2.66281689
58.769450 2.66343350
58.870083 2.66404491
58.970716 2.66465110
59.071348 2.66525209
59.171981 2.66584787
59.272613 2.66643844
59.373246 2.66702381
59.473879 2.66760396
59.574511 2.66817891
59.675144 2.66874865
59.775777 2.66931319
59.876409 2.66987251
59.977042 2.67042663
60.077674 2.67097554
60.178307 2.67151924
60.278940 2.67205773
60.379572 2.67259102
60.480205 2.67311909
60.580838 2.67364196
60.681470 2.67415963
60.782103 2.67467208
60.882735 2.67517932
60.983368 2.67568136
61.084001 2.67617819
61.184633 2.67666981
61.285266 2.67715623
61.385899 2.67763743
61.486531 2.67811343
61.587164 2.67858422
61.687796 2.67904980
61.788429 2.67951018
61.889062 2.67996534
61.989694 2.68041530
62.090327 2.68086005
62.190959 2.68129959
62.291592 2.68173393
62.392225 2.68216305
62.492857 2.68258697
62.593490 2.68300568
62.694123 2.68341918
62.794755 2.68382747
62.895388 2.68423056
62.996020 2.68462844
63.096653 2.68502111
63.197286 2.68540857
63.297918 2.68579082
63.398551 2.68616787
63.499184 2.68653970
63.599816 2.68690633
63.700449 2.68726775
63.801081 2.68762396
63.901714 2.68797497
64.002347 2.68832076
64.102979 2.68866135
64.203612 2.68899673
64.304245 2.68932690
64.404877 2.68965186
64.505510 2.68997162
64.606142 2.69028617
64.706775 2.69059550
64.807408 2.69089963
64.908040 2.69119855
65.008673 2.69149227
65.109305 2.69178077
65.209938 2.69206407
65.310571 2.69234216
65.411203 2.69261504
65.511836 2.69288271
65.612469 2.69314517
65.713101 2.69340243
65.813734 2.69365447
65.914366 2.69390131
66.014999 2.69414294
66.115632 2.69437936
66.216264 2.69461057
66.316897 2.69483657
66.417530 2.69505737
66.518162 2.69527296
66.618795 2.69548333
66.719427 2.69568850
66.820060 2.69588846
66.920693 2.69608322
67.021325 2.69627276
67.121958 2.69645709
67.222591 2.69663622
67.323223 2.69681014
67.423856 2.69697885
67.524488 2.69714235
67.625121 2.69730064
67.725754 2.69745372
67.826386 2.69760160
67.927019 2.69774426
68.027651 2.69788172
68.128284 2.69801397
68.228917 2.69814100
68.329549 2.69826283
68.430182 2.69837946
68.530815 2.69849087
68.631447 2.69859707
68.732080 2.69869807
68.832712 2.69879385
68.933345 2.69888443
69.033978 2.69896980
69.134610 2.69904995
69.235243 2.69912490
69.335876 2.69919465
69.436508 2.69925918
69.537141 2.69931850
69.637773 2.69937261
69.738406 2.69942151
69.839039 2.69946521
69.939671 2.69950414
70.040304 2.69954263
70.140937 2.69958111
70.241569 2.69961959
70.342202 2.69965808
70.442834 2.69969657
70.543467 2.69973506
70.644100 2.69977354
70.744732 2.69981203
