0.100633 1.64431955
0.201265 1.64431823
0.301898 1.64431960
0.402530 1.64431973
0.503163 1.64431970
0.603796 1.64431967
0.704428 1.64431965
0.805061 1.64431963
0.905694 1.64431962
1.006326 1.64431961
1.106959 1.64431960
1.207591 1.64431960
1.308224 1.64431961
1.408857 1.64431963
1.509489 1.64431966
1.610122 1.64431969
1.710755 1.64431973
1.811387 1.64431979
1.912020 1.64431985
2.012652 1.64431992
2.113285 1.64432001
2.213918 1.64432011
2.314550 1.64432022
2.415183 1.64432034
2.515816 1.64432048
2.616448 1.64432064
2.717081 1.64432081
2.817713 1.64432099
2.918346 1.64432119
3.018979 1.64432141
3.119611 1.64432164
3.220244 1.64432190
3.320876 1.64432217
3.421509 1.64432246
3.522142 1.64432277
3.622774 1.64432310
3.723407 1.64432346
3.824040 1.64432383
3.924672 1.64432423
4.025305 1.64432465
4.125937 1.64432509
4.226570 1.64432556
4.327203 1.64432605
4.427835 1.64432657
4.528468 1.64432711
4.629101 1.64432768
4.729733 1.64432828
4.830366 1.64432891
4.930998 1.64432956
5.031631 1.64433024
5.132264 1.64433095
5.232896 1.64433169
5.333529 1.64433247
5.434162 1.64433327
5.534794 1.64433411
5.635427 1.64433497
5.736059 1.64433588
5.836692 1.64433681
5.937325 1.64433778
6.037957 1.64433878
6.138590 1.64433982
6.239222 1.64434090
6.339855 1.64434201
6.440488 1.64434316
6.541120 1.64434435
6.641753 1.64434558
6.742386 1.64434684
6.843018 1.64434815
6.943651 1.64434949
7.044283 1.64435088
7.144916 1.64435231
7.245549 1.64435378
7.346181 1.64435529
7.446814 1.64435685
7.547447 1.64435845
7.648079 1.64436010
7.748712 1.64436179
7.849344 1.64436352
7.949977 1.64436531
8.050610 1.64436714
8.151242 1.64436902
8.251875 1.64437094
8.352508 1.64437292
8.453140 1.64437494
8.553773 1.64437701
8.654405 1.64437914
8.755038 1.64438131
8.855671 1.64438354
8.956303 1.64438582
9.056936 1.64438815
9.157568 1.64439054
9.258201 1.64439298
9.358834 1.64439548
9.459466 1.64439803
9.560099 1.64440063
9.660732 1.64440329
9.761364 1.64440601
9.861997 1.64440879
9.962629 1.64441163
10.063262 1.64441452
10.163895 1.64441747
10.264527 1.64442048
10.365160 1.64442356
10.465793 1.64442669
10.566425 1.64442988
10.667058 1.64443314
10.767690 1.64443646
10.868323 1.64443984
10.968956 1.64444329
11.069588 1.64444680
11.170221 1.64445037
11.270853 1.64445401
11.371486 1.64445771
11.472119 1.64446148
11.572751 1.64446532
11.673384 1.64446923
11.774017 1.64447320
11.874649 1.64447724
11.975282 1.64448134
12.075914 1.64448552
12.176547 1.64448977
12.277180 1.64449408
12.377812 1.64449847
12.478445 1.64450293
12.579078 1.64450745
12.679710 1.64451206
12.780343 1.64451673
12.880975 1.64452147
12.981608 1.64452629
13.082241 1.64453118
13.182873 1.64453614
13.283506 1.64454118
13.384139 1.64454629
13.484771 1.64455148
13.585404 1.64455674
13.686036 1.64456209
13.786669 1.64456750
13.887302 1.64457299
13.987934 1.64457856
14.088567 1.64458420
14.189199 1.64458992
14.289832 1.64459572
14.390465 1.64460160
14.491097 1.64460755
14.591730 1.64461358
14.692363 1.64461970
14.792995 1.64462588
14.893628 1.64463215
14.994260 1.64463849
15.094893 1.64464492
15.195526 1.64465142
15.296158 1.64465801
15.396791 1.64466466
15.497424 1.64467141
15.598056 1.64467822
15.698689 1.64468512
15.799321 1.64469209
15.899954 1.64469914
16.000587 1.64470626
16.101219 1.64471346
16.201852 1.64472073
16.302485 1.64472808
16.403117 1.64473549
16.503750 1.64474299
16.604382 1.64475053
16.705015 1.64475816
16.805648 1.64476583
16.906280 1.64477357
17.006913 1.64478136
17.107545 1.64478920
17.208178 1.64479708
17.308811 1.64480501
17.409443 1.64481294
17.510076 1.64482092
17.610709 1.64482889
17.711341 1.64483687
17.811974 1.64484481
17.912606 1.64485273
18.013239 1.64486058
18.113872 1.64486837
18.214504 1.64487603
18.315137 1.64488357
18.415770 1.64489091
18.516402 1.64489805
18.617035 1.64490490
18.717667 1.64491143
18.818300 1.64491754
18.918933 1.64492318
19.019565 1.64492821
19.120198 1.64493257
19.220831 1.64493608
19.321463 1.64493862
19.422096 1.64493997
19.522728 1.64493995
19.623361 1.64493827
19.723994 1.64493468
19.824626 1.64492878
19.925259 1.64492021
20.025891 1.64490843
20.126524 1.64489292
20.227157 1.64487295
20.327789 1.64484778
20.428422 1.64481642
20.529055 1.64477779
20.629687 1.64473053
20.730320 1.64467311
20.830952 1.64460361
20.931585 1.64451986
21.032218 1.64441915
21.132850 1.64429835
21.233483 1.64415361
21.334116 1.64398041
21.434748 1.64377317
21.535381 1.64352530
21.636013 1.64322868
21.736646 1.64287352
21.837279 1.64244779
21.937911 1.64193679
22.038544 1.64132232
22.139177 1.64058192
22.239809 1.63968748
22.340442 1.63860384
22.441074 1.63728655
22.541707 1.63567917
22.642340 1.63370943
22.742972 1.63128420
22.843605 1.62828249
22.944237 1.62454593
23.044870 1.61986583
23.145503 1.61396473
23.246135 1.60647193
23.346768 1.59688735
23.447401 1.58453422
23.548033 1.56848790
23.648666 1.54748268
23.749298 1.51977105
23.849931 1.48293811
23.950564 1.43362369
24.051196 1.36715179
24.151829 1.27699242
24.252462 1.15402957
24.353094 0.98558432
24.453727 0.75397636
24.554359 0.43498226
24.654992 -0.00427851
24.755625 -0.59947221
24.856257 -1.33489864
24.956890 -2.00522243
25.057523 -2.30030266
25.158155 -2.32159418
25.258788 -2.51379247
25.359420 -3.16034696
25.460053 -4.36201204
25.560686 -6.15846507
25.661318 -8.50447073
25.761951 -11.09786881
25.862583 -13.17848367
25.963216 -13.77247012
26.063849 -12.54582018
26.164481 -10.18366587
26.265114 -7.68046865
26.365747 -5.64225449
26.466379 -4.27711968
26.567012 -3.62450738
26.667644 -3.68716267
26.768277 -4.47089799
26.868910 -5.95775278
26.969542 -7.98581609
27.070175 -10.01759598
27.170808 -11.11109491
27.271440 -10.57214538
27.372073 -8.68499945
27.472705 -6.38861101
27.573338 -4.43186523
27.673971 -3.11545443
27.774603 -2.49546850
27.875236 -2.56791150
27.975869 -3.33456888
28.076501 -4.79473106
28.177134 -6.86936074
28.277766 -9.19846511
28.378399 -10.96286390
28.479032 -11.26600271
28.579664 -9.99222524
28.680297 -7.93779661
28.780929 -6.00546865
28.881562 -4.66198813
28.982195 -4.03042679
29.082827 -4.11825219
29.183460 -4.92047812
29.284093 -6.42923349
29.384725 -8.58970323
29.485358 -11.14656760
29.585990 -13.41244064
29.686623 -14.38074241
29.787256 -13.50858497
29.887888 -11.29487088
29.988521 -8.74550415
30.089154 -6.56992877
30.189786 -5.03839643
30.290419 -4.21054754
30.391051 -4.09479710
30.491684 -4.69601422
30.592317 -6.00879606
30.692949 -7.91977656
30.793582 -9.98360374
30.894215 -11.31231439
30.994847 -11.08435259
31.095480 -9.36648245
31.196112 -7.03839104
31.296745 -4.93792228
31.397378 -3.44477354
31.498010 -2.64577523
31.598643 -2.54268662
31.699275 -3.13313585
31.799908 -4.42146618
31.900541 -6.35701381
32.001173 -8.65602108
32.101806 -10.59061246
32.202439 -11.21341134
32.303071 -10.19301581
32.403704 -8.18885828
32.504336 -6.15059545
32.604969 -4.63716693
32.705602 -3.82125250
32.806234 -3.72202711
32.906867 -4.33209542
33.007500 -5.64833427
33.108132 -7.63605351
33.208765 -10.10380956
33.309397 -12.47449413
33.410030 -13.76797139
33.510663 -13.27057233
33.611295 -11.27724512
33.711928 -8.76394201
33.812560 -6.52635487
33.913193 -4.90530318
34.013826 -3.98253620
34.114458 -3.76683678
34.215091 -4.26433326
34.315724 -5.47525243
34.416356 -7.32307982
34.516989 -9.45538845
34.617621 -11.05914292
34.718254 -11.22280977
34.818887 -9.79414840
34.919519 -7.54178789
35.020152 -5.36217344
35.120785 -3.72216368
35.221417 -2.74418481
35.322050 -2.43852427
35.422682 -2.81018331
35.523315 -3.86989929
35.623948 -5.59313272
35.724580 -7.76861195
35.825213 -9.75995582
35.925846 -10.60090353
36.026478 -9.75852182
36.127111 -7.70341221
36.227743 -5.38307936
36.328376 -3.43557106
36.429009 -2.06210374
36.529641 -1.26056253
36.630274 -0.97370502
36.730906 -1.07540722
36.831539 -1.23964779
36.932172 -1.04242377
37.032804 -0.48054925
37.133437 0.11862299
37.234070 0.58796320
37.334702 0.92701182
37.435335 1.16930482
37.535967 1.34300711
37.636600 1.46808149
37.737233 1.55801585
37.837865 1.62087781
37.938498 1.66031486
38.039131 1.68018086
38.139763 1.68423189
38.240396 1.68199677
38.341028 1.67926392
38.441661 1.67647272
38.542294 1.67367909
38.642926 1.67089046
38.743559 1.66810594
38.844192 1.66532358
38.944824 1.66254192
39.045457 1.65976003
39.146089 1.65697741
39.246722 1.65419378
39.347355 1.65140900
39.447987 1.64862295
39.548620 1.64583552
39.649252 1.64304659
39.749885 1.64025610
39.850518 1.63746420
39.951150 1.63467189
40.051783 1.63188278
40.152416 1.62911017
40.253048 1.62641257
40.353681 1.62412641
40.454313 1.62296748
40.554946 1.62270374
40.655579 1.62271357
40.756211 1.62202066
40.856844 1.61913170
40.957477 1.61180030
41.058109 1.59666522
41.158742 1.56865786
41.259374 1.52042431
41.360007 1.44110771
41.460640 1.31648846
41.561272 1.13512300
41.661905 0.90584343
41.762538 0.68458568
41.863170 0.56647097
41.963803 0.60863517
42.064435 0.76876179
42.165068 0.95012305
42.265701 1.08228372
42.366333 1.14147494
42.466966 1.12841272
42.567598 1.04921354
42.668231 0.90861629
42.768864 0.71313950
42.869496 0.48433387
42.970129 0.27665526
43.070762 0.16506194
43.171394 0.17703275
43.272027 0.24898785
43.372659 0.27604101
43.473292 0.17872856
43.573925 -0.07016677
43.674557 -0.41934893
43.775190 -0.71256089
43.875823 -0.76009033
43.976455 -0.50966784
44.077088 -0.09750656
44.177720 0.29715069
44.278353 0.58027368
44.378986 0.73790887
44.479618 0.78457157
44.580251 0.73508340
44.680884 0.59642518
44.781516 0.36807552
44.882149 0.04726414
44.982781 -0.35381753
45.083414 -0.77030782
45.184047 -1.06791682
45.284679 -1.12842813
45.385312 -0.96613502
45.485944 -0.68242895
45.586577 -0.36246314
45.687210 -0.08118240
45.787842 0.13977659
45.888475 0.35604961
45.989108 0.58843414
46.089740 0.79566712
46.190373 0.95464373
46.291005 1.07063076
46.391638 1.15464149
46.492271 1.21552524
46.592903 1.25950748
46.693536 1.29083659
46.794169 1.31229138
46.894801 1.32570632
46.995434 1.33208418
47.096066 1.33259874
47.196699 1.33029985
47.297332 1.32763965
47.397964 1.32489102
47.498597 1.32211428
47.599230 1.31932693
47.699862 1.31653531
47.800495 1.31374196
47.901127 1.31094797
48.001760 1.30815382
48.102393 1.30535971
48.203025 1.30256569
48.303658 1.29977181
48.404290 1.29697804
48.504923 1.29418438
48.605556 1.29139081
48.706188 1.28859731
48.806821 1.28580387
48.907454 1.28301166
49.008086 1.28023206
49.108719 1.27746622
49.209351 1.27471415
49.309984 1.27197586
49.410617 1.26925131
49.511249 1.26654053
49.611882 1.26384349
49.712515 1.26116020
49.813147 1.25849066
49.913780 1.25583486
50.014412 1.25319281
50.115045 1.25056451
50.215678 1.24794994
50.316310 1.24534912
50.416943 1.24276204
50.517576 1.24018870
50.618208 1.23762910
50.718841 1.23508325
50.819473 1.23255113
50.920106 1.23003276
51.020739 1.22752812
51.121371 1.22503723
51.222004 1.22256008
51.322636 1.22009667
51.423269 1.21764699
51.523902 1.21521106
51.624534 1.21278887
51.725167 1.21038043
51.825800 1.20798572
51.926432 1.20560475
52.027065 1.20323752
52.127697 1.20088404
52.228330 1.19854429
52.328963 1.19621829
52.429595 1.19390602
52.530228 1.19160750
52.630861 1.18932272
52.731493 1.18705168
52.832126 1.18479437
52.932758 1.18255082
53.033391 1.18032100
53.134024 1.17810492
53.234656 1.17590258
53.335289 1.17371399
53.435921 1.17153913
53.536554 1.16937802
53.637187 1.16723065
53.737819 1.16509702
53.838452 1.16297713
53.939085 1.16087098
54.039717 1.15877858
54.140350 1.15669991
54.240982 1.15463499
54.341615 1.15258380
54.442248 1.15054636
54.542880 1.14852266
54.643513 1.14651271
54.744146 1.14451649
54.844778 1.14253402
54.945411 1.14056528
55.046043 1.13861029
55.146676 1.13666904
55.247309 1.13474153
55.347941 1.13282777
55.448574 1.13092774
55.549207 1.12904146
55.649839 1.12716892
55.750472 1.12531012
55.851104 1.12346506
55.951737 1.12163375
56.052370 1.11981617
56.153002 1.11801234
56.253635 1.11622225
56.354267 1.11444591
56.454900 1.11268330
56.555533 1.11093444
56.656165 1.10919931
56.756798 1.10747793
56.857431 1.10577030
56.958063 1.10407640
57.058696 1.10239625
57.159328 1.10072984
57.259961 1.09907717
57.360594 1.09743824
57.461226 1.09581306
57.561859 1.09420161
57.662492 1.09260391
57.763124 1.09101996
57.863757 1.08944974
57.964389 1.08789327
58.065022 1.08635053
58.165655 1.08482155
58.266287 1.08330630
58.366920 1.08180480
58.467553 1.08031703
58.568185 1.07884301
58.668818 1.07738274
58.769450 1.07593620
58.870083 1.07450341
58.970716 1.07308436
59.071348 1.07167905
59.171981 1.07028749
59.272613 1.06890967
59.373246 1.06754559
59.473879 1.06619525
59.574511 1.06485865
59.675144 1.06353580
59.775777 1.06222669
59.876409 1.06093133
59.977042 1.05964970
60.077674 1.05838182
60.178307 1.05712768
60.278940 1.05588728
60.379572 1.05466063
60.480205 1.05344772
60.580838 1.05224855
60.681470 1.05106312
60.782103 1.04989144
60.882735 1.04873350
60.983368 1.04758930
61.084001 1.04645884
61.184633 1.04534213
61.285266 1.04423916
61.385899 1.04314993
61.486531 1.04207445
61.587164 1.04101270
61.687796 1.03996471
61.788429 1.03893045
61.889062 1.03790993
61.989694 1.03690316
62.090327 1.03591014
62.190959 1.03493085
62.291592 1.03396531
62.392225 1.03301351
62.492857 1.03207545
62.593490 1.03115114
62.694123 1.03024056
62.794755 1.02934374
62.895388 1.02846065
62.996020 1.02759131
63.096653 1.02673571
63.197286 1.02589385
63.297918 1.02506573
63.398551 1.02425136
63.499184 1.02345073
63.599816 1.02266385
63.700449 1.02189070
63.801081 1.02113130
63.901714 1.02038565
64.002347 1.01965373
64.102979 1.01893556
64.203612 1.01823113
64.304245 1.01754045
64.404877 1.01686350
64.505510 1.01620030
64.606142 1.01555085
64.706775 1.01491513
64.807408 1.01429316
64.908040 1.01368493
65.008673 1.01309045
65.109305 1.01250971
65.209938 1.01194271
65.310571 1.01138945
65.411203 1.01084994
65.511836 1.01032417
65.612469 1.00981214
65.713101 1.00931385
65.813734 1.00882931
65.914366 1.00835851
66.014999 1.00790146
66.115632 1.00745814
66.216264 1.00702857
66.316897 1.00661275
66.417530 1.00621066
66.518162 1.00582232
66.618795 1.00544773
66.719427 1.00508687
66.820060 1.00473976
66.920693 1.00440639
67.021325 1.00408676
67.121958 1.00378088
67.222591 1.00348874
67.323223 1.00321034
67.423856 1.00294569
67.524488 1.00269478
67.625121 1.00245761
67.725754 1.00223419
67.826386 1.00202451
67.927019 1.00182857
68.027651 1.00164637
68.128284 1.00147792
68.228917 1.00132321
68.329549 1.00118224
68.430182 1.00105502
68.530815 1.00094154
68.631447 1.00084180
68.732080 1.00075581
68.832712 1.00068356
68.933345 1.00062505
69.033978 1.00058028
69.134610 1.00054926
69.235243 1.00053198
69.335876 1.00052845
69.436508 1.00053865
69.537141 1.00056260
69.637773 1.00060030
69.738406 1.00065174
69.839039 1.00071693
69.939671 1.00079467
70.040304 1.00087360
70.140937 1.00095253
70.241569 1.00103146
70.342202 1.00111038
70.442834 1.00118930
70.543467 1.00126823
70.644100 1.00134723
70.744732 1.00142608
