0.100633 1.63085261
0.201265 1.63085540
0.301898 1.63085246
0.402530 1.63085216
0.503163 1.63085220
0.603796 1.63085224
0.704428 1.63085229
0.805061 1.63085233
0.905694 1.63085237
1.006326 1.63085242
1.106959 1.63085246
1.207591 1.63085251
1.308224 1.63085255
1.408857 1.63085259
1.509489 1.63085264
1.610122 1.63085268
1.710755 1.63085273
1.811387 1.63085277
1.912020 1.63085282
2.012652 1.63085286
2.113285 1.63085291
2.213918 1.63085296
2.314550 1.63085300
2.415183 1.63085305
2.515816 1.63085310
2.616448 1.63085315
2.717081 1.63085320
2.817713 1.63085324
2.918346 1.63085330
3.018979 1.63085334
3.119611 1.63085340
3.220244 1.63085345
3.320876 1.63085350
3.421509 1.63085356
3.522142 1.63085361
3.622774 1.63085367
3.723407 1.63085373
3.824040 1.63085378
3.924672 1.63085385
4.025305 1.63085391
4.125937 1.63085397
4.226570 1.63085403
4.327203 1.63085410
4.427835 1.63085417
4.528468 1.63085424
4.629101 1.63085431
4.729733 1.63085439
4.830366 1.63085446
4.930998 1.63085454
5.031631 1.63085462
5.132264 1.63085470
5.232896 1.63085479
5.333529 1.63085488
5.434162 1.63085497
5.534794 1.63085506
5.635427 1.63085516
5.736059 1.63085526
5.836692 1.63085537
5.937325 1.63085548
6.037957 1.63085559
6.138590 1.63085571
6.239222 1.63085583
6.339855 1.63085596
6.440488 1.63085608
6.541120 1.63085622
6.641753 1.63085636
6.742386 1.63085651
6.843018 1.63085666
6.943651 1.63085682
7.044283 1.63085698
7.144916 1.63085715
7.245549 1.63085732
7.346181 1.63085751
7.446814 1.63085770
7.547447 1.63085790
7.648079 1.63085810
7.748712 1.63085832
7.849344 1.63085853
7.949977 1.63085877
8.050610 1.63085900
8.151242 1.63085925
8.251875 1.63085951
8.352508 1.63085978
8.453140 1.63086005
8.553773 1.63086035
8.654405 1.63086064
8.755038 1.63086096
8.855671 1.63086127
8.956303 1.63086161
9.056936 1.63086195
9.157568 1.63086232
9.258201 1.63086269
9.358834 1.63086308
9.459466 1.63086348
9.560099 1.63086390
9.660732 1.63086432
9.761364 1.63086477
9.861997 1.63086523
9.962629 1.63086572
10.063262 1.63086621
10.163895 1.63086673
10.264527 1.63086726
10.365160 1.63086781
10.465793 1.63086838
10.566425 1.63086897
10.667058 1.63086958
10.767690 1.63087021
10.868323 1.63087086
10.968956 1.63087154
11.069588 1.63087223
11.170221 1.63087296
11.270853 1.63087370
11.371486 1.63087447
11.472119 1.63087526
11.572751 1.63087609
11.673384 1.63087693
11.774017 1.63087781
11.874649 1.63087871
11.975282 1.63087964
12.075914 1.63088060
12.176547 1.63088159
12.277180 1.63088261
12.377812 1.63088367
12.478445 1.63088475
12.579078 1.63088587
12.679710 1.63088701
12.780343 1.63088821
12.880975 1.63088942
12.981608 1.63089069
13.082241 1.63089197
13.182873 1.63089331
13.283506 1.63089468
13.384139 1.63089609
13.484771 1.63089754
13.585404 1.63089904
13.686036 1.63090056
13.786669 1.63090215
13.887302 1.63090376
13.987934 1.63090543
14.088567 1.63090713
14.189199 1.63090890
14.289832 1.63091069
14.390465 1.63091255
14.491097 1.63091444
14.591730 1.63091640
14.692363 1.63091839
14.792995 1.63092044
14.893628 1.63092254
14.994260 1.63092470
15.094893 1.63092690
15.195526 1.63092917
15.296158 1.63093148
15.396791 1.63093385
15.497424 1.63093627
15.598056 1.63093876
15.698689 1.63094129
15.799321 1.63094390
15.899954 1.63094654
16.000587 1.63094926
16.101219 1.63095201
16.201852 1.63095484
16.302485 1.63095771
16.403117 1.63096065
16.503750 1.63096363
16.604382 1.63096667
16.705015 1.63096975
16.805648 1.63097289
16.906280 1.63097606
17.006913 1.63097929
17.107545 1.63098254
17.208178 1.63098584
17.308811 1.63098914
17.409443 1.63099248
17.510076 1.63099581
17.610709 1.63099916
17.711341 1.63100247
17.811974 1.63100577
17.912606 1.63100900
18.013239 1.63101218
18.113872 1.63101526
18.214504 1.63101823
18.315137 1.63102102
18.415770 1.63102364
18.516402 1.63102600
18.617035 1.63102809
18.717667 1.63102980
18.818300 1.63103110
18.918933 1.63103185
19.019565 1.63103201
19.120198 1.63103141
19.220831 1.63102994
19.321463 1.63102741
19.422096 1.63102366
19.522728 1.63101843
19.623361 1.63101149
19.723994 1.63100249
19.824626 1.63099110
19.925259 1.63097684
20.025891 1.63095927
20.126524 1.63093773
20.227157 1.63091157
20.327789 1.63087991
20.428422 1.63084182
20.529055 1.63079609
20.629687 1.63074140
20.730320 1.63067609
20.830952 1.63059826
20.931585 1.63050559
21.032218 1.63039539
21.132850 1.63026436
21.233483 1.63010864
21.334116 1.62992353
21.434748 1.62970345
21.535381 1.62944157
21.636013 1.62912976
21.736646 1.62875799
21.837279 1.62831418
21.937911 1.62778339
22.038544 1.62714735
22.139177 1.62638332
22.239809 1.62546312
22.340442 1.62435134
22.441074 1.62300344
22.541707 1.62136275
22.642340 1.61935695
22.742972 1.61689271
22.843605 1.61384906
22.944237 1.61006755
23.044870 1.60533961
23.145503 1.59938789
23.246135 1.59184201
23.346768 1.58220232
23.447401 1.56979263
23.548033 1.55368922
23.648666 1.53262743
23.749298 1.50486130
23.849931 1.46797763
23.950564 1.41861875
24.051196 1.35211117
24.151829 1.26192861
24.252462 1.13895861
24.353094 0.97052728
24.453727 0.73895887
24.554359 0.42003622
24.654992 -0.01911608
24.755625 -0.61415736
24.856257 -1.34938254
24.956890 -2.01945033
25.057523 -2.31488623
25.158155 -2.33628636
25.258788 -2.52847604
25.359420 -3.17495984
25.460053 -4.37650918
25.560686 -6.17280047
25.661318 -8.51859704
25.761951 -11.11174000
25.862583 -13.19205949
25.963216 -13.78571737
26.063849 -12.55871839
26.164481 -10.19621322
26.265114 -7.69268370
26.365747 -5.65416946
26.466379 -4.28877469
26.567012 -3.63594551
26.667644 -3.69842942
26.768277 -4.48204680
26.868910 -5.96884873
26.969542 -7.99693082
27.070175 -10.02878338
27.170808 -11.12235734
27.271440 -10.58340348
27.372073 -8.69608813
27.472705 -6.39929998
27.573338 -4.44191102
27.673971 -3.12467813
27.774603 -2.50379777
27.875236 -2.57532452
27.975869 -3.34107580
28.076501 -4.80041915
28.177134 -6.87440290
28.277766 -9.20307923
28.378399 -10.96730232
28.479032 -11.27054437
28.579664 -9.99712959
28.680297 -7.94326352
28.780929 -6.01164698
28.881562 -4.66900654
28.982195 -4.03841283
29.082827 -4.12733072
29.183460 -4.93076371
29.284093 -6.44082366
29.384725 -8.60267194
29.485358 -11.16095451
29.585990 -13.42823518
29.686623 -14.39787421
29.787256 -13.52693132
29.887888 -11.31427743
29.988521 -8.76579882
30.089154 -6.59092882
30.189786 -5.05991908
30.290419 -4.23242518
30.391051 -4.11689532
30.491684 -4.71825763
30.592317 -6.03119781
30.692949 -7.94245959
30.793582 -10.00681029
30.894215 -11.33639543
30.994847 -11.10972290
31.095480 -9.39352307
31.196112 -7.06735579
31.296745 -4.96894586
31.397378 -3.47795256
31.498010 -2.68122991
31.598643 -2.58052302
31.699275 -3.17340383
31.799908 -4.46420471
31.900541 -6.40230930
32.001173 -8.70396141
32.101806 -10.64122849
32.202439 -11.26664816
32.303071 -10.24877138
32.403704 -8.24705876
32.504336 -6.21120969
32.604969 -4.70015813
32.705602 -3.88652222
32.806234 -3.78935368
32.906867 -4.40107952
33.007500 -5.71836524
33.108132 -7.70628319
33.208765 -10.17315565
33.309397 -12.54167105
33.410030 -13.83148904
33.510663 -13.32890988
33.611295 -11.32925874
33.711928 -8.80906665
33.812560 -6.56445599
33.913193 -4.93643202
34.013826 -4.00669931
34.114458 -3.78385277
34.215091 -4.27378046
34.315724 -5.47644199
34.416356 -7.31506870
34.516989 -9.43705290
34.617621 -11.02920344
34.718254 -11.17988331
34.818887 -9.73709942
34.919519 -7.47007953
35.020152 -5.27581191
35.120785 -3.62129052
35.221417 -2.62855823
35.322050 -2.30721098
35.422682 -2.66184404
35.523315 -3.70326178
35.623948 -5.40612520
35.724580 -7.55772091
35.825213 -9.51983858
35.925846 -10.32436228
36.026478 -9.43766554
36.127111 -7.33175322
36.227743 -4.95693358
36.328376 -2.95379468
36.429009 -1.52501748
36.529641 -0.66911118
36.630274 -0.32881534
36.730906 -0.37740071
36.831539 -0.48814899
36.932172 -0.23674945
37.032804 0.37921586
37.133437 1.03229358
37.234070 1.55560580
37.334702 1.94810653
37.435335 2.24219248
37.535967 2.46481008
37.636600 2.63422947
37.737233 2.76195260
37.837865 2.85474506
37.938498 2.91590912
38.039131 2.94977747
38.139763 2.96102825
38.240396 2.96282625
38.341028 2.96363311
38.441661 2.96419672
38.542294 2.96466437
38.642926 2.96508531
38.743559 2.96548073
38.844192 2.96586104
38.944824 2.96623191
39.045457 2.96659662
39.146089 2.96695721
39.246722 2.96731499
39.347355 2.96767084
39.447987 2.96802539
39.548620 2.96837914
39.649252 2.96873260
39.749885 2.96908646
39.850518 2.96944191
39.951150 2.96980142
40.051783 2.97017081
40.152416 2.97056681
40.253048 2.97105474
40.353681 2.97199542
40.454313 2.97415775
40.554946 2.97731117
40.655579 2.98082446
40.756211 2.98370961
40.856844 2.98446020
40.957477 2.98081554
41.058109 2.96939874
41.158742 2.94512538
41.259374 2.90062686
41.360007 2.82503406
41.460640 2.70411930
41.561272 2.52643642
41.661905 2.30081714
41.762538 2.08319226
41.863170 1.96866995
41.963803 2.01437794
42.064435 2.17800900
42.165068 2.36285949
42.265701 2.49852596
42.366333 2.56127330
42.466966 2.55184885
42.567598 2.47639279
42.668231 2.33965497
42.768864 2.14815026
42.869496 1.92341145
42.970129 1.71986328
43.070762 1.61242151
43.171394 1.62852073
43.272027 1.70454272
43.372659 1.73557646
43.473292 1.64215513
43.573925 1.39708177
43.674557 1.05169536
43.775190 0.76230489
43.875823 0.71866420
43.976455 0.97304927
44.077088 1.38920980
44.177720 1.78786539
44.278353 2.07498226
44.378986 2.23662425
44.479618 2.28732917
44.580251 2.24193824
44.680884 2.10744278
44.781516 1.88332206
44.882149 1.56679664
44.982781 1.17003512
45.083414 0.75785979
45.184047 0.46451525
45.284679 0.40818673
45.385312 0.57458303
45.485944 0.86234814
45.586577 1.18637629
45.687210 1.47176916
45.787842 1.69693151
45.888475 1.91752824
45.989108 2.15436873
46.089740 2.36618229
46.190373 2.52984030
46.291005 2.65057539
46.391638 2.73935831
46.492271 2.80499138
46.592903 2.85364915
46.693536 2.88952375
46.794169 2.91532975
46.894801 2.93283753
46.995434 2.94299452
47.096066 2.94696362
47.196699 2.94793130
47.297332 2.94848684
47.397964 2.94892797
47.498597 2.94932500
47.599230 2.94970099
47.699862 2.95006568
47.800495 2.95042390
47.901127 2.95077822
48.001760 2.95113012
48.102393 2.95148048
48.203025 2.95182985
48.303658 2.95217855
48.404290 2.95252682
48.504923 2.95287480
48.605556 2.95322257
48.706188 2.95357021
48.806821 2.95391775
48.907454 2.95426510
49.008086 2.95461101
49.108719 2.95495536
49.209351 2.95529817
49.309984 2.95563944
49.410617 2.95597917
49.511249 2.95631737
49.611882 2.95665405
49.712515 2.95698919
49.813147 2.95732281
49.913780 2.95765491
50.014412 2.95798548
50.115045 2.95831453
50.215678 2.95864205
50.316310 2.95896805
50.416943 2.95929253
50.517576 2.95961549
50.618208 2.95993692
50.718841 2.96025683
50.819473 2.96057522
50.920106 2.96089208
51.020739 2.96120743
51.121371 2.96152125
51.222004 2.96183355
51.322636 2.96214432
51.423269 2.96245358
51.523902 2.96276131
51.624534 2.96306752
51.725167 2.96337220
51.825800 2.96367537
51.926432 2.96397701
52.027065 2.96427713
52.127697 2.96457573
52.228330 2.96487280
52.328963 2.96516836
52.429595 2.96546239
52.530228 2.96575490
52.630861 2.96604588
52.731493 2.96633535
52.832126 2.96662329
52.932758 2.96690971
53.033391 2.96719461
53.134024 2.96747798
53.234656 2.96775984
53.335289 2.96804017
53.435921 2.96831898
53.536554 2.96859626
53.637187 2.96887203
53.737819 2.96914627
53.838452 2.96941899
53.939085 2.96969019
54.039717 2.96995986
54.140350 2.97022801
54.240982 2.97049464
54.341615 2.97075975
54.442248 2.97102334
54.542880 2.97128540
54.643513 2.97154595
54.744146 2.97180497
54.844778 2.97206246
54.945411 2.97231844
55.046043 2.97257289
55.146676 2.97282582
55.247309 2.97307723
55.347941 2.97332711
55.448574 2.97357548
55.549207 2.97382232
55.649839 2.97406764
55.750472 2.97431144
55.851104 2.97455371
55.951737 2.97479446
56.052370 2.97503369
56.153002 2.97527140
56.253635 2.97550758
56.354267 2.97574225
56.454900 2.97597539
56.555533 2.97620701
56.656165 2.97643710
56.756798 2.97666568
56.857431 2.97689273
56.958063 2.97711826
57.058696 2.97734226
57.159328 2.97756475
57.259961 2.97778571
57.360594 2.97800515
57.461226 2.97822306
57.561859 2.97843946
57.662492 2.97865433
57.763124 2.97886768
57.863757 2.97907951
57.964389 2.97928981
58.065022 2.97949859
58.165655 2.97970585
58.266287 2.97991159
58.366920 2.98011580
58.467553 2.98031850
58.568185 2.98051967
58.668818 2.98071931
58.769450 2.98091744
58.870083 2.98111404
58.970716 2.98130912
59.071348 2.98150268
59.171981 2.98169471
59.272613 2.98188523
59.373246 2.98207421
59.473879 2.98226168
59.574511 2.98244763
59.675144 2.98263205
59.775777 2.98281495
59.876409 2.98299632
59.977042 2.98317618
60.077674 2.98335451
60.178307 2.98353132
60.278940 2.98370660
60.379572 2.98388037
60.480205 2.98405261
60.580838 2.98422333
60.681470 2.98439252
60.782103 2.98456019
60.882735 2.98472634
60.983368 2.98489097
61.084001 2.98505407
61.184633 2.98521566
61.285266 2.98537572
61.385899 2.98553425
61.486531 2.98569126
61.587164 2.98584676
61.687796 2.98600072
61.788429 2.98615317
61.889062 2.98630409
61.989694 2.98645349
62.090327 2.98660136
62.190959 2.98674772
62.291592 2.98689255
62.392225 2.98703586
62.492857 2.98717764
62.593490 2.98731790
62.694123 2.98745664
62.794755 2.98759386
62.895388 2.98772955
62.996020 2.98786372
63.096653 2.98799637
63.197286 2.98812749
63.297918 2.98825709
63.398551 2.98838517
63.499184 2.98851172
63.599816 2.98863675
63.700449 2.98876026
63.801081 2.98888225
63.901714 2.98900271
64.002347 2.98912165
64.102979 2.98923907
64.203612 2.98935496
64.304245 2.98946933
64.404877 2.98958217
64.505510 2.98969350
64.606142 2.98980330
64.706775 2.98991157
64.807408 2.99001833
64.908040 2.99012356
65.008673 2.99022726
65.109305 2.99032945
65.209938 2.99043011
65.310571 2.99052925
65.411203 2.99062686
65.511836 2.99072295
65.612469 2.99081752
65.713101 2.99091056
65.813734 2.99100208
65.914366 2.99109208
66.014999 2.99118055
66.115632 2.99126750
66.216264 2.99135293
66.316897 2.99143683
66.417530 2.99151921
66.518162 2.99160006
66.618795 2.99167940
66.719427 2.99175720
66.820060 2.99183349
66.920693 2.99190825
67.021325 2.99198149
67.121958 2.99205320
67.222591 2.99212339
67.323223 2.99219206
67.423856 2.99225920
67.524488 2.99232482
67.625121 2.99238892
67.725754 2.99245149
67.826386 2.99251254
67.927019 2.99257206
68.027651 2.99263006
68.128284 2.99268654
68.228917 2.99274150
68.329549 2.99279492
68.430182 2.99284683
68.530815 2.99289721
68.631447 2.99294607
68.732080 2.99299340
68.832712 2.99303921
68.933345 2.99308350
69.033978 2.99312626
69.134610 2.99316750
69.235243 2.99320721
69.335876 2.99324540
69.436508 2.99328207
69.537141 2.99331721
69.637773 2.99335083
69.738406 2.99338292
69.839039 2.99341349
69.939671 2.99344267
70.040304 2.99347171
70.140937 2.99350076
70.241569 2.99352980
70.342202 2.99355885
70.442834 2.99358789
70.543467 2.99361694
70.644100 2.99364597
70.744732 2.99367503
