0.100633 1.62335333
0.201265 1.62335610
0.301898 1.62335310
0.402530 1.62335280
0.503163 1.62335282
0.603796 1.62335286
0.704428 1.62335290
0.805061 1.62335294
0.905694 1.62335299
1.006326 1.62335304
1.106959 1.62335310
1.207591 1.62335317
1.308224 1.62335324
1.408857 1.62335333
1.509489 1.62335342
1.610122 1.62335352
1.710755 1.62335363
1.811387 1.62335375
1.912020 1.62335388
2.012652 1.62335402
2.113285 1.62335418
2.213918 1.62335435
2.314550 1.62335453
2.415183 1.62335472
2.515816 1.62335494
2.616448 1.62335516
2.717081 1.62335540
2.817713 1.62335566
2.918346 1.62335594
3.018979 1.62335623
3.119611 1.62335654
3.220244 1.62335687
3.320876 1.62335722
3.421509 1.62335759
3.522142 1.62335798
3.622774 1.62335840
3.723407 1.62335883
3.824040 1.62335928
3.924672 1.62335976
4.025305 1.62336026
4.125937 1.62336079
4.226570 1.62336134
4.327203 1.62336191
4.427835 1.62336251
4.528468 1.62336314
4.629101 1.62336379
4.729733 1.62336447
4.830366 1.62336518
4.930998 1.62336592
5.031631 1.62336668
5.132264 1.62336747
5.232896 1.62336830
5.333529 1.62336915
5.434162 1.62337003
5.534794 1.62337095
5.635427 1.62337190
5.736059 1.62337287
5.836692 1.62337388
5.937325 1.62337492
6.037957 1.62337600
6.138590 1.62337711
6.239222 1.62337826
6.339855 1.62337944
6.440488 1.62338065
6.541120 1.62338190
6.641753 1.62338319
6.742386 1.62338451
6.843018 1.62338587
6.943651 1.62338727
7.044283 1.62338870
7.144916 1.62339017
7.245549 1.62339169
7.346181 1.62339323
7.446814 1.62339482
7.547447 1.62339645
7.648079 1.62339812
7.748712 1.62339982
7.849344 1.62340157
7.949977 1.62340336
8.050610 1.62340519
8.151242 1.62340705
8.251875 1.62340897
8.352508 1.62341092
8.453140 1.62341292
8.553773 1.62341496
8.654405 1.62341704
8.755038 1.62341916
8.855671 1.62342133
8.956303 1.62342354
9.056936 1.62342580
9.157568 1.62342809
9.258201 1.62343044
9.358834 1.62343282
9.459466 1.62343526
9.560099 1.62343773
9.660732 1.62344025
9.761364 1.62344281
9.861997 1.62344543
9.962629 1.62344808
10.063262 1.62345079
10.163895 1.62345353
10.264527 1.62345632
10.365160 1.62345916
10.465793 1.62346205
10.566425 1.62346497
10.667058 1.62346795
10.767690 1.62347097
10.868323 1.62347404
10.968956 1.62347715
11.069588 1.62348031
11.170221 1.62348351
11.270853 1.62348677
11.371486 1.62349006
11.472119 1.62349341
11.572751 1.62349680
11.673384 1.62350024
11.774017 1.62350372
11.874649 1.62350725
11.975282 1.62351082
12.075914 1.62351444
12.176547 1.62351810
12.277180 1.62352182
12.377812 1.62352557
12.478445 1.62352938
12.579078 1.62353322
12.679710 1.62353712
12.780343 1.62354105
12.880975 1.62354504
12.981608 1.62354905
13.082241 1.62355313
13.182873 1.62355724
13.283506 1.62356140
13.384139 1.62356560
13.484771 1.62356985
13.585404 1.62357413
13.686036 1.62357847
13.786669 1.62358283
13.887302 1.62358725
13.987934 1.62359170
14.088567 1.62359621
14.189199 1.62360074
14.289832 1.62360533
14.390465 1.62360994
14.491097 1.62361461
14.591730 1.62361930
14.692363 1.62362405
14.792995 1.62362881
14.893628 1.62363364
14.994260 1.62363848
15.094893 1.62364337
15.195526 1.62364829
15.296158 1.62365326
15.396791 1.62365824
15.497424 1.62366327
15.598056 1.62366832
15.698689 1.62367342
15.799321 1.62367853
15.899954 1.62368368
16.000587 1.62368885
16.101219 1.62369405
16.201852 1.62369927
16.302485 1.62370452
16.403117 1.62370977
16.503750 1.62371505
16.604382 1.62372033
16.705015 1.62372564
16.805648 1.62373093
16.906280 1.62373625
17.006913 1.62374154
17.107545 1.62374683
17.208178 1.62375209
17.308811 1.62375734
17.409443 1.62376254
17.510076 1.62376771
17.610709 1.62377280
17.711341 1.62377783
17.811974 1.62378276
17.912606 1.62378759
18.013239 1.62379227
18.113872 1.62379680
18.214504 1.62380113
18.315137 1.62380525
18.415770 1.62380908
18.516402 1.62381261
18.617035 1.62381575
18.717667 1.62381846
18.818300 1.62382064
18.918933 1.62382222
19.019565 1.62382307
19.120198 1.62382310
19.220831 1.62382213
19.321463 1.62382003
19.422096 1.62381656
19.522728 1.62381152
19.623361 1.62380461
19.723994 1.62379555
19.824626 1.62378393
19.925259 1.62376933
20.025891 1.62375123
20.126524 1.62372903
20.227157 1.62370200
20.327789 1.62366932
20.428422 1.62362998
20.529055 1.62358282
20.629687 1.62352645
20.730320 1.62345923
20.830952 1.62337921
20.931585 1.62328409
21.032218 1.62317110
21.132850 1.62303698
21.233483 1.62287779
21.334116 1.62268885
21.434748 1.62246450
21.535381 1.62219795
21.636013 1.62188096
21.736646 1.62150354
21.837279 1.62105352
21.937911 1.62051599
22.038544 1.61987259
22.139177 1.61910063
22.239809 1.61817188
22.340442 1.61705095
22.441074 1.61569329
22.541707 1.61404230
22.642340 1.61202570
22.742972 1.60955027
22.843605 1.60649518
22.944237 1.60270215
23.044870 1.59796288
23.145503 1.59200034
23.246135 1.58444456
23.346768 1.57479638
23.447401 1.56238030
23.548033 1.54627329
23.648666 1.52521170
23.749298 1.49745052
23.849931 1.46057795
23.950564 1.41123753
24.051196 1.34475754
24.151829 1.25461308
24.252462 1.13169374
24.353094 0.96332694
24.453727 0.73183902
24.554359 0.41301374
24.654992 -0.02602221
24.755625 -0.62092758
24.856257 -1.35599463
24.956890 -2.02588051
25.057523 -2.32110928
25.158155 -2.34226201
25.258788 -2.53415668
25.359420 -3.18029483
25.460053 -4.38144742
25.560686 -6.17729672
25.661318 -8.52261733
25.761951 -11.11527007
25.862583 -13.19510945
25.963216 -13.78832359
26.063849 -12.56093426
26.164481 -10.19809827
26.265114 -7.69429697
26.365747 -5.65556768
26.466379 -4.29000804
26.567012 -3.63705524
26.667644 -3.69944458
26.768277 -4.48298156
26.868910 -5.96970086
26.969542 -7.99768003
27.070175 -10.02939266
27.170808 -11.12277318
27.271440 -10.58356032
27.372073 -8.69591681
27.472705 -6.39873694
27.573338 -4.44090249
27.673971 -3.12318120
27.774603 -2.50178213
27.875236 -2.57277583
27.975869 -3.33800101
28.076501 -4.79684763
28.177134 -6.87038353
28.277766 -9.19868479
28.378399 -10.96264119
28.479032 -11.26576032
28.579664 -9.99236843
28.680297 -7.93863917
28.780929 -6.00723858
28.881562 -4.66487442
28.982195 -4.03461811
29.082827 -4.12394401
29.183460 -4.92786762
29.284093 -6.43851101
29.384725 -8.60103909
29.485358 -11.16008925
29.585990 -13.42820335
29.686623 -14.39871084
29.787256 -13.52863126
29.887888 -11.31679075
29.988521 -8.76904467
30.089154 -6.59483065
30.189786 -5.06445034
30.290419 -4.23764343
30.391051 -4.12296270
30.491684 -4.72546121
30.592317 -6.03996594
30.692949 -7.95337551
30.793582 -10.02063689
30.894215 -11.35408590
30.994847 -11.13235452
31.095480 -9.42210284
31.196112 -7.10263420
31.296745 -5.01145417
31.397378 -3.52819745
31.498010 -2.73986558
31.598643 -2.64836223
31.699275 -3.25131334
31.799908 -4.55322009
31.900541 -6.50389507
32.001173 -8.82016255
32.101806 -10.77476280
32.202439 -11.42095343
32.303071 -10.42788266
32.403704 -8.45533589
32.504336 -6.45317452
32.604969 -4.98048096
32.705602 -4.21000981
32.806234 -4.16080479
32.906867 -4.82477881
33.007500 -6.19688235
33.108132 -8.23833731
33.208765 -10.75088656
33.309397 -13.14880196
33.410030 -14.44428841
33.510663 -13.91984214
33.611295 -11.87242883
33.711928 -9.28498389
33.812560 -6.96191727
33.913193 -5.25135578
34.013826 -4.23941819
34.114458 -3.93649541
34.215091 -4.34853031
34.315724 -5.47461423
34.416356 -7.23672694
34.516989 -9.28106017
34.617621 -10.79377892
34.718254 -10.86406047
34.818887 -9.34337365
34.919519 -7.00755013
35.020152 -4.76199794
35.120785 -3.08088141
35.221417 -2.08893784
35.322050 -1.79269290
35.422682 -2.18949543
35.523315 -3.28179685
35.623948 -5.03725216
35.724580 -7.23876740
35.825213 -9.24604102
35.925846 -10.09026464
36.026478 -9.23789770
36.127111 -7.16148810
36.227743 -4.81204146
36.328376 -2.83076298
36.429009 -1.42082051
36.529641 -0.58113740
36.630274 -0.25481524
36.730906 -0.31543529
36.831539 -0.43648254
36.932172 -0.19345698
37.032804 0.41714467
37.133437 1.06721258
37.234070 1.58850354
37.334702 1.97950784
37.435335 2.27241226
37.535967 2.49406033
37.636600 2.66266490
37.737233 2.78971166
37.837865 2.88196126
37.938498 2.94271648
38.039131 2.97629774
38.139763 2.98736632
38.240396 2.98903566
38.341028 2.98972530
38.441661 2.99017717
38.542294 2.99053630
38.642926 2.99085074
38.743559 2.99114094
38.844192 2.99141689
38.944824 2.99168394
39.045457 2.99194520
39.146089 2.99220260
39.246722 2.99245733
39.347355 2.99271021
39.447987 2.99296180
39.548620 2.99321255
39.649252 2.99346288
39.749885 2.99371339
39.850518 2.99396515
39.951150 2.99422046
40.051783 2.99448489
40.152416 2.99477483
40.253048 2.99515495
40.353681 2.99598388
40.454313 2.99802648
40.554946 3.00105328
40.655579 3.00443471
40.756211 3.00718425
40.856844 3.00779673
40.957477 3.00401263
41.058109 2.99245611
41.158742 2.96804370
41.259374 2.92340756
41.360007 2.84767918
41.460640 2.72663106
41.561272 2.54881701
41.661905 2.32306850
41.762538 2.10531636
41.863170 1.99066930
41.963803 2.03625547
42.064435 2.19976724
42.165068 2.38449994
42.265701 2.52004864
42.366333 2.58267672
42.466966 2.57313012
42.567598 2.49754792
42.668231 2.36067945
42.768864 2.16903967
42.869496 1.94416210
42.970129 1.74047276
43.070762 1.63288923
43.171394 1.64884802
43.272027 1.72473245
43.372659 1.75563259
43.473292 1.66208165
43.573925 1.41688179
43.674557 1.07137018
43.775190 0.78185358
43.875823 0.73808412
43.976455 0.99233744
44.077088 1.40836473
44.177720 1.80688714
44.278353 2.09387112
44.378986 2.25537992
44.479618 2.30595055
44.580251 2.26042352
44.680884 2.12578973
44.781516 1.90152848
44.882149 1.58486060
44.982781 1.18795556
45.083414 0.77563703
45.184047 0.48215128
45.284679 0.42568467
45.385312 0.59194593
45.485944 0.87957780
45.586577 1.20347281
45.687210 1.48873104
45.787842 1.71375570
45.888475 1.93421071
45.989108 2.17090497
46.089740 2.38256801
46.190373 2.54607206
46.291005 2.66665084
46.391638 2.75527660
46.492271 2.82075322
46.592903 2.86925703
46.693536 2.90498206
46.794169 2.93064508
46.894801 2.94801865
46.995434 2.95805209
47.096066 2.96190865
47.196699 2.96277013
47.297332 2.96322112
47.397964 2.96355852
47.498597 2.96385234
47.599230 2.96412544
47.699862 2.96438747
47.800495 2.96464318
47.901127 2.96489509
48.001760 2.96514465
48.102393 2.96539272
48.203025 2.96563983
48.303658 2.96588630
48.404290 2.96613236
48.504923 2.96637812
48.605556 2.96662369
48.706188 2.96686914
48.806821 2.96711448
48.907454 2.96735968
49.008086 2.96760390
49.108719 2.96784708
49.209351 2.96808921
49.309984 2.96833031
49.410617 2.96857038
49.511249 2.96880943
49.611882 2.96904745
49.712515 2.96928445
49.813147 2.96952042
49.913780 2.96975538
50.014412 2.96998932
50.115045 2.97022224
50.215678 2.97045414
50.316310 2.97068502
50.416943 2.97091488
50.517576 2.97114373
50.618208 2.97137155
50.718841 2.97159836
50.819473 2.97182415
50.920106 2.97204892
51.020739 2.97227268
51.121371 2.97249542
51.222004 2.97271713
51.322636 2.97293783
51.423269 2.97315752
51.523902 2.97337618
51.624534 2.97359383
51.725167 2.97381046
51.825800 2.97402607
51.926432 2.97424066
52.027065 2.97445424
52.127697 2.97466679
52.228330 2.97487833
52.328963 2.97508885
52.429595 2.97529836
52.530228 2.97550685
52.630861 2.97571431
52.731493 2.97592077
52.832126 2.97612620
52.932758 2.97633061
53.033391 2.97653401
53.134024 2.97673639
53.234656 2.97693776
53.335289 2.97713810
53.435921 2.97733743
53.536554 2.97753574
53.637187 2.97773303
53.737819 2.97792931
53.838452 2.97812456
53.939085 2.97831880
54.039717 2.97851203
54.140350 2.97870423
54.240982 2.97889542
54.341615 2.97908559
54.442248 2.97927474
54.542880 2.97946288
54.643513 2.97965000
54.744146 2.97983610
54.844778 2.98002118
54.945411 2.98020525
55.046043 2.98038829
55.146676 2.98057032
55.247309 2.98075134
55.347941 2.98093133
55.448574 2.98111031
55.549207 2.98128828
55.649839 2.98146522
55.750472 2.98164115
55.851104 2.98181606
55.951737 2.98198995
56.052370 2.98216283
56.153002 2.98233469
56.253635 2.98250553
56.354267 2.98267535
56.454900 2.98284416
56.555533 2.98301195
56.656165 2.98317872
56.756798 2.98334448
56.857431 2.98350922
56.958063 2.98367294
57.058696 2.98383564
57.159328 2.98399733
57.259961 2.98415800
57.360594 2.98431766
57.461226 2.98447629
57.561859 2.98463391
57.662492 2.98479052
57.763124 2.98494610
57.863757 2.98510067
57.964389 2.98525423
58.065022 2.98540676
58.165655 2.98555828
58.266287 2.98570878
58.366920 2.98585827
58.467553 2.98600673
58.568185 2.98615419
58.668818 2.98630062
58.769450 2.98644604
58.870083 2.98659044
58.970716 2.98673382
59.071348 2.98687619
59.171981 2.98701754
59.272613 2.98715787
59.373246 2.98729719
59.473879 2.98743549
59.574511 2.98757277
59.675144 2.98770904
59.775777 2.98784429
59.876409 2.98797852
59.977042 2.98811174
60.077674 2.98824394
60.178307 2.98837512
60.278940 2.98850529
60.379572 2.98863444
60.480205 2.98876257
60.580838 2.98888969
60.681470 2.98901579
60.782103 2.98914087
60.882735 2.98926494
60.983368 2.98938799
61.084001 2.98951002
61.184633 2.98963104
61.285266 2.98975104
61.385899 2.98987002
61.486531 2.98998799
61.587164 2.99010494
61.687796 2.99022087
61.788429 2.99033579
61.889062 2.99044969
61.989694 2.99056257
62.090327 2.99067444
62.190959 2.99078529
62.291592 2.99089512
62.392225 2.99100394
62.492857 2.99111174
62.593490 2.99121853
62.694123 2.99132429
62.794755 2.99142904
62.895388 2.99153278
62.996020 2.99163550
63.096653 2.99173720
63.197286 2.99183788
63.297918 2.99193755
63.398551 2.99203620
63.499184 2.99213384
63.599816 2.99223046
63.700449 2.99232606
63.801081 2.99242064
63.901714 2.99251421
64.002347 2.99260676
64.102979 2.99269830
64.203612 2.99278882
64.304245 2.99287832
64.404877 2.99296681
64.505510 2.99305428
64.606142 2.99314073
64.706775 2.99322616
64.807408 2.99331058
64.908040 2.99339399
65.008673 2.99347637
65.109305 2.99355774
65.209938 2.99363810
65.310571 2.99371743
65.411203 2.99379575
65.511836 2.99387306
65.612469 2.99394934
65.713101 2.99402461
65.813734 2.99409887
65.914366 2.99417210
66.014999 2.99424432
66.115632 2.99431553
66.216264 2.99438571
66.316897 2.99445488
66.417530 2.99452304
66.518162 2.99459017
66.618795 2.99465630
66.719427 2.99472140
66.820060 2.99478549
66.920693 2.99484856
67.021325 2.99491061
67.121958 2.99497165
67.222591 2.99503167
67.323223 2.99509067
67.423856 2.99514866
67.524488 2.99520563
67.625121 2.99526158
67.725754 2.99531652
67.826386 2.99537044
67.927019 2.99542334
68.027651 2.99547523
68.128284 2.99552610
68.228917 2.99557595
68.329549 2.99562479
68.430182 2.99567261
68.530815 2.99571941
68.631447 2.99576520
68.732080 2.99580996
68.832712 2.99585372
68.933345 2.99589645
69.033978 2.99593817
69.134610 2.99597887
69.235243 2.99601856
69.335876 2.99605723
69.436508 2.99609488
69.537141 2.99613151
69.637773 2.99616713
69.738406 2.99620173
69.839039 2.99623531
69.939671 2.99626797
70.040304 2.99630054
70.140937 2.99633310
70.241569 2.99636567
70.342202 2.99639824
70.442834 2.99643080
70.543467 2.99646337
70.644100 2.99649593
70.744732 2.99652851
