0.100633 1.62866637
0.201265 1.62866655
0.301898 1.62866640
0.402530 1.62866639
0.503163 1.62866640
0.603796 1.62866640
0.704428 1.62866641
0.805061 1.62866641
0.905694 1.62866641
1.006326 1.62866641
1.106959 1.62866640
1.207591 1.62866639
1.308224 1.62866637
1.408857 1.62866635
1.509489 1.62866633
1.610122 1.62866630
1.710755 1.62866626
1.811387 1.62866621
1.912020 1.62866616
2.012652 1.62866610
2.113285 1.62866604
2.213918 1.62866597
2.314550 1.62866589
2.415183 1.62866579
2.515816 1.62866570
2.616448 1.62866559
2.717081 1.62866547
2.817713 1.62866534
2.918346 1.62866521
3.018979 1.62866506
3.119611 1.62866490
3.220244 1.62866473
3.320876 1.62866455
3.421509 1.62866435
3.522142 1.62866415
3.622774 1.62866393
3.723407 1.62866370
3.824040 1.62866345
3.924672 1.62866319
4.025305 1.62866292
4.125937 1.62866263
4.226570 1.62866233
4.327203 1.62866202
4.427835 1.62866168
4.528468 1.62866134
4.629101 1.62866098
4.729733 1.62866060
4.830366 1.62866020
4.930998 1.62865980
5.031631 1.62865937
5.132264 1.62865892
5.232896 1.62865846
5.333529 1.62865798
5.434162 1.62865748
5.534794 1.62865697
5.635427 1.62865644
5.736059 1.62865589
5.836692 1.62865531
5.937325 1.62865473
6.037957 1.62865412
6.138590 1.62865349
6.239222 1.62865284
6.339855 1.62865218
6.440488 1.62865149
6.541120 1.62865078
6.641753 1.62865005
6.742386 1.62864931
6.843018 1.62864853
6.943651 1.62864774
7.044283 1.62864693
7.144916 1.62864610
7.245549 1.62864524
7.346181 1.62864437
7.446814 1.62864347
7.547447 1.62864255
7.648079 1.62864161
7.748712 1.62864065
7.849344 1.62863965
7.949977 1.62863865
8.050610 1.62863761
8.151242 1.62863656
8.251875 1.62863548
8.352508 1.62863439
8.453140 1.62863326
8.553773 1.62863212
8.654405 1.62863094
8.755038 1.62862976
8.855671 1.62862854
8.956303 1.62862730
9.056936 1.62862604
9.157568 1.62862475
9.258201 1.62862344
9.358834 1.62862211
9.459466 1.62862075
9.560099 1.62861938
9.660732 1.62861797
9.761364 1.62861655
9.861997 1.62861509
9.962629 1.62861363
10.063262 1.62861212
10.163895 1.62861061
10.264527 1.62860906
10.365160 1.62860750
10.465793 1.62860590
10.566425 1.62860429
10.667058 1.62860265
10.767690 1.62860100
10.868323 1.62859931
10.968956 1.62859761
11.069588 1.62859587
11.170221 1.62859412
11.270853 1.62859234
11.371486 1.62859055
11.472119 1.62858873
11.572751 1.62858689
11.673384 1.62858502
11.774017 1.62858314
11.874649 1.62858122
11.975282 1.62857929
12.075914 1.62857734
12.176547 1.62857536
12.277180 1.62857336
12.377812 1.62857135
12.478445 1.62856931
12.579078 1.62856725
12.679710 1.62856516
12.780343 1.62856306
12.880975 1.62856094
12.981608 1.62855880
13.082241 1.62855663
13.182873 1.62855445
13.283506 1.62855224
13.384139 1.62855002
13.484771 1.62854778
13.585404 1.62854552
13.686036 1.62854323
13.786669 1.62854094
13.887302 1.62853861
13.987934 1.62853628
14.088567 1.62853392
14.189199 1.62853155
14.289832 1.62852915
14.390465 1.62852675
14.491097 1.62852431
14.591730 1.62852187
14.692363 1.62851940
14.792995 1.62851693
14.893628 1.62851442
14.994260 1.62851191
15.094893 1.62850937
15.195526 1.62850682
15.296158 1.62850425
15.396791 1.62850167
15.497424 1.62849906
15.598056 1.62849644
15.698689 1.62849379
15.799321 1.62849113
15.899954 1.62848845
16.000587 1.62848575
16.101219 1.62848302
16.201852 1.62848028
16.302485 1.62847750
16.403117 1.62847471
16.503750 1.62847188
16.604382 1.62846903
16.705015 1.62846614
16.805648 1.62846322
16.906280 1.62846025
17.006913 1.62845725
17.107545 1.62845419
17.208178 1.62845108
17.308811 1.62844790
17.409443 1.62844466
17.510076 1.62844133
17.610709 1.62843791
17.711341 1.62843438
17.811974 1.62843074
17.912606 1.62842695
18.013239 1.62842300
18.113872 1.62841886
18.214504 1.62841451
18.315137 1.62840991
18.415770 1.62840502
18.516402 1.62839979
18.617035 1.62839417
18.717667 1.62838809
18.818300 1.62838149
18.918933 1.62837426
19.019565 1.62836632
19.120198 1.62835753
19.220831 1.62834776
19.321463 1.62833685
19.422096 1.62832460
19.522728 1.62831079
19.623361 1.62829515
19.723994 1.62827736
19.824626 1.62825707
19.925259 1.62823384
20.025891 1.62820717
20.126524 1.62817646
20.227157 1.62814100
20.327789 1.62809998
20.428422 1.62805241
20.529055 1.62799713
20.629687 1.62793279
20.730320 1.62785774
20.830952 1.62777008
20.931585 1.62766751
21.032218 1.62754731
21.132850 1.62740622
21.233483 1.62724035
21.334116 1.62704503
21.434748 1.62681465
21.535381 1.62654244
21.636013 1.62622020
21.736646 1.62583798
21.837279 1.62538363
21.937911 1.62484229
22.038544 1.62419562
22.139177 1.62342098
22.239809 1.62249012
22.340442 1.62136770
22.441074 1.62000915
22.541707 1.61835787
22.642340 1.61634153
22.742972 1.61386687
22.843605 1.61081294
22.944237 1.60702135
23.044870 1.60228360
23.145503 1.59632244
23.246135 1.58876757
23.346768 1.57911944
23.447401 1.56670203
23.548033 1.55059170
23.648666 1.52952400
23.749298 1.50175301
23.849931 1.46486574
23.950564 1.41550442
24.051196 1.34899568
24.151829 1.25881279
24.252462 1.13584307
24.353094 0.96741165
24.453727 0.73584204
24.554359 0.41691531
24.654992 -0.02224499
24.755625 -0.61730014
24.856257 -1.35254507
24.956890 -2.02263785
25.057523 -2.31766968
25.158155 -2.33877155
25.258788 -2.53067224
25.359420 -3.17683055
25.460053 -4.37800131
25.560686 -6.17386105
25.661318 -8.51918058
25.761951 -11.11181344
25.862583 -13.19160493
25.963216 -13.78473177
26.063849 -12.55720942
26.164481 -10.19419566
26.265114 -7.69017910
26.365747 -5.65120403
26.466379 -4.28537561
26.567012 -3.63213712
26.667644 -3.69422840
26.768277 -4.47745577
26.868910 -5.96385315
26.969542 -7.99150435
27.070175 -10.02290701
27.170808 -11.11604466
27.271440 -10.57671560
27.372073 -8.68912745
27.472705 -6.39219567
27.573338 -4.43478951
27.673971 -3.11761667
27.774603 -2.49680260
27.875236 -2.56837596
27.975869 -3.33414910
28.076501 -4.79345900
28.177134 -6.86731874
28.277766 -9.19577889
28.378399 -10.95971542
28.479032 -11.26262967
28.579664 -9.98887264
28.680297 -7.93466779
28.780929 -6.00272180
28.881562 -4.65975953
28.982195 -4.02885162
29.082827 -4.11746859
29.183460 -4.92062308
29.284093 -6.43043503
29.384725 -8.59206918
29.485358 -11.15016799
29.585990 -13.41728870
29.686623 -14.38678437
29.787256 -13.51570429
29.887888 -11.30290634
29.988521 -8.75428023
30.089154 -6.57929439
30.189786 -5.04827048
30.290419 -4.22095375
30.391051 -4.10588627
30.491684 -4.70808800
30.592317 -6.02232891
30.692949 -7.93543132
30.793582 -10.00225562
30.894215 -11.33505346
30.994847 -11.11239909
31.095480 -9.40095998
31.196112 -7.08011269
31.296745 -4.98743323
31.397378 -3.50257033
31.498010 -2.71249969
31.598643 -2.61913839
31.699275 -3.22016654
31.799908 -4.52011126
31.900541 -6.46877761
32.001173 -8.78302014
32.101806 -10.73565597
32.202439 -11.38004280
32.303071 -10.38538374
32.403704 -8.41142917
32.504336 -6.40798306
32.604969 -4.93411422
32.705602 -4.16261666
32.806234 -4.11262613
32.906867 -4.77618673
33.007500 -6.14839582
33.108132 -8.19063154
33.208765 -10.70479251
33.309397 -13.10527550
33.410030 -14.40438105
33.510663 -13.88457756
33.611295 -11.84252642
33.711928 -9.26072331
33.812560 -6.94325256
33.913193 -5.23809860
34.013826 -4.23141254
34.114458 -3.93372985
34.215091 -4.35118779
34.315724 -5.48310420
34.416356 -7.25169582
34.516989 -9.30335864
34.617621 -10.82447381
34.718254 -10.90440750
34.818887 -9.39454775
34.919519 -7.07034680
35.020152 -4.83684138
35.120785 -3.16809028
35.221417 -2.18906982
35.322050 -1.90671592
35.422682 -2.31849684
35.523315 -3.42654744
35.623948 -5.19887210
35.724580 -7.41921284
35.825213 -9.44835965
35.925846 -10.31860322
36.026478 -9.49674590
36.127111 -7.45431629
36.227743 -5.14040213
36.328376 -3.19448302
36.429009 -1.81874390
36.529641 -1.01173245
36.630274 -0.71666020
36.730906 -0.80768543
36.831539 -0.95901408
36.932172 -0.74681936
37.032804 -0.16800814
37.133437 0.44933795
37.234070 0.93738395
37.334702 1.29521242
37.435335 1.55584137
37.535967 1.74694000
37.636600 1.88782067
37.737233 1.99123878
37.837865 2.06477629
37.938498 2.11194384
38.039131 2.13676326
38.139763 2.14332308
38.240396 2.14246407
38.341028 2.14093463
38.441661 2.13928388
38.542294 2.13759973
38.642926 2.13590396
38.743559 2.13420315
38.844192 2.13249944
38.944824 2.13079369
39.045457 2.12908628
39.146089 2.12737748
39.246722 2.12566746
39.347355 2.12395635
39.447987 2.12224418
39.548620 2.12053099
39.649252 2.11881677
39.749885 2.11710161
39.850518 2.11538589
39.951150 2.11367094
40.051783 2.11196090
40.152416 2.11026993
40.253048 2.10865832
40.353681 2.10746914
40.454313 2.10743370
40.554946 2.10832202
40.655579 2.10951095
40.756211 2.11002151
40.856844 2.10835690
40.957477 2.10226654
41.058109 2.08838439
41.158742 2.06163680
41.259374 2.01466506
41.360007 1.93660821
41.460640 1.81324382
41.561272 1.63312724
41.661905 1.40509021
41.762538 1.18506683
41.863170 1.06817407
41.963803 1.11154524
42.064435 1.27286683
42.165068 1.45541893
42.265701 1.58877670
42.366333 1.64918240
42.466966 1.63736245
42.567598 1.55944116
42.668231 1.42016105
42.768864 1.22603935
42.869496 0.99862083
42.970129 0.79235094
43.070762 0.68217384
43.171394 0.69555356
43.272027 0.76889736
43.372659 0.79731058
43.473292 0.70132835
43.573925 0.45374009
43.674557 0.10585617
43.775190 -0.18604888
43.875823 -0.23224872
43.976455 0.01952837
44.077088 0.43305660
44.177720 0.82908046
44.278353 1.11356856
44.378986 1.27257334
44.479618 1.32061779
44.580251 1.27253021
44.680884 1.13529501
44.781516 0.90839100
44.882149 0.58904480
44.982781 0.18944009
45.083414 -0.22557479
45.184047 -0.52172523
45.284679 -0.58080536
45.385312 -0.41710778
45.485944 -0.13201197
45.586577 0.18934486
45.687210 0.47203365
45.787842 0.69443169
45.888475 0.91218464
45.989108 1.14609393
46.089740 1.35489390
46.190373 1.51547162
46.291005 1.63308229
46.391638 1.71872476
46.492271 1.78123241
46.592903 1.82681344
46.693536 1.85969712
46.794169 1.88264043
46.894801 1.89745601
46.995434 1.90512779
47.096066 1.90682581
47.196699 1.90564636
47.297332 1.90408822
47.397964 1.90243278
47.498597 1.90074375
47.599230 1.89904054
47.699862 1.89733065
47.800495 1.89561741
47.901127 1.89390242
48.001760 1.89218650
48.102393 1.89047008
48.203025 1.88875338
48.303658 1.88703655
48.404290 1.88531964
48.504923 1.88360271
48.605556 1.88188578
48.706188 1.88016884
48.806821 1.87845191
48.907454 1.87673573
49.008086 1.87502736
49.108719 1.87332751
49.209351 1.87163621
49.309984 1.86995344
49.410617 1.86827920
49.511249 1.86661350
49.611882 1.86495632
49.712515 1.86330767
49.813147 1.86166755
49.913780 1.86003596
50.014412 1.85841290
50.115045 1.85679836
50.215678 1.85519234
50.316310 1.85359486
50.416943 1.85200589
50.517576 1.85042546
50.618208 1.84885355
50.718841 1.84729016
50.819473 1.84573530
50.920106 1.84418897
51.020739 1.84265116
51.121371 1.84112187
51.222004 1.83960111
51.322636 1.83808887
51.423269 1.83658516
51.523902 1.83508997
51.624534 1.83360331
51.725167 1.83212517
51.825800 1.83065556
51.926432 1.82919447
52.027065 1.82774191
52.127697 1.82629787
52.228330 1.82486235
52.328963 1.82343536
52.429595 1.82201690
52.530228 1.82060696
52.630861 1.81920554
52.731493 1.81781265
52.832126 1.81642829
52.932758 1.81505244
53.033391 1.81368513
53.134024 1.81232633
53.234656 1.81097607
53.335289 1.80963432
53.435921 1.80830110
53.536554 1.80697641
53.637187 1.80566024
53.737819 1.80435260
53.838452 1.80305348
53.939085 1.80176288
54.039717 1.80048081
54.140350 1.79920727
54.240982 1.79794225
54.341615 1.79668575
54.442248 1.79543778
54.542880 1.79419833
54.643513 1.79296741
54.744146 1.79174501
54.844778 1.79053114
54.945411 1.78932579
55.046043 1.78812897
55.146676 1.78694067
55.247309 1.78576090
55.347941 1.78458965
55.448574 1.78342693
55.549207 1.78227273
55.649839 1.78112705
55.750472 1.77998990
55.851104 1.77886128
55.951737 1.77774117
56.052370 1.77662960
56.153002 1.77552655
56.253635 1.77443202
56.354267 1.77334602
56.454900 1.77226854
56.555533 1.77119959
56.656165 1.77013916
56.756798 1.76908726
56.857431 1.76804388
56.958063 1.76700903
57.058696 1.76598270
57.159328 1.76496489
57.259961 1.76395561
57.360594 1.76295486
57.461226 1.76196263
57.561859 1.76097892
57.662492 1.76000374
57.763124 1.75903708
57.863757 1.75807895
57.964389 1.75712934
58.065022 1.75618826
58.165655 1.75525570
58.266287 1.75433167
58.366920 1.75341616
58.467553 1.75250918
58.568185 1.75161072
58.668818 1.75072078
58.769450 1.74983937
58.870083 1.74896649
58.970716 1.74810212
59.071348 1.74724629
59.171981 1.74639898
59.272613 1.74556019
59.373246 1.74472993
59.473879 1.74390819
59.574511 1.74309497
59.675144 1.74229028
59.775777 1.74149412
59.876409 1.74070648
59.977042 1.73992736
60.077674 1.73915677
60.178307 1.73839470
60.278940 1.73764116
60.379572 1.73689614
60.480205 1.73615965
60.580838 1.73543168
60.681470 1.73471224
60.782103 1.73400132
60.882735 1.73329892
60.983368 1.73260505
61.084001 1.73191971
61.184633 1.73124288
61.285266 1.73057459
61.385899 1.72991481
61.486531 1.72926356
61.587164 1.72862084
61.687796 1.72798664
61.788429 1.72736096
61.889062 1.72674381
61.989694 1.72613519
62.090327 1.72553508
62.190959 1.72494351
62.291592 1.72436045
62.392225 1.72378592
62.492857 1.72321992
62.593490 1.72266244
62.694123 1.72211348
62.794755 1.72157305
62.895388 1.72104114
62.996020 1.72051776
63.096653 1.72000290
63.197286 1.71949656
63.297918 1.71899875
63.398551 1.71850947
63.499184 1.71802871
63.599816 1.71755647
63.700449 1.71709275
63.801081 1.71663757
63.901714 1.71619090
64.002347 1.71575276
64.102979 1.71532314
64.203612 1.71490205
64.304245 1.71448948
64.404877 1.71408544
64.505510 1.71368992
64.606142 1.71330293
64.706775 1.71292445
64.807408 1.71255451
64.908040 1.71219308
65.008673 1.71184019
65.109305 1.71149581
65.209938 1.71115996
65.310571 1.71083263
65.411203 1.71051383
65.511836 1.71020355
65.612469 1.70990180
65.713101 1.70960857
65.813734 1.70932386
65.914366 1.70904768
66.014999 1.70878002
66.115632 1.70852089
66.216264 1.70827028
66.316897 1.70802820
66.417530 1.70779463
66.518162 1.70756960
66.618795 1.70735308
66.719427 1.70714509
66.820060 1.70694563
66.920693 1.70675469
67.021325 1.70657227
67.121958 1.70639838
67.222591 1.70623301
67.323223 1.70607616
67.423856 1.70592784
67.524488 1.70578804
67.625121 1.70565677
67.725754 1.70553402
67.826386 1.70541979
67.927019 1.70531409
68.027651 1.70521691
68.128284 1.70512826
68.228917 1.70504813
68.329549 1.70497652
68.430182 1.70491344
68.530815 1.70485888
68.631447 1.70481285
68.732080 1.70477533
68.832712 1.70474635
68.933345 1.70472588
69.033978 1.70471394
69.134610 1.70471053
69.235243 1.70471564
69.335876 1.70472927
69.436508 1.70475142
69.537141 1.70478210
69.637773 1.70482130
69.738406 1.70486904
69.839039 1.70492529
69.939671 1.70498933
70.040304 1.70505411
70.140937 1.70511889
70.241569 1.70518367
70.342202 1.70524844
70.442834 1.70531322
70.543467 1.70537800
70.644100 1.70544282
70.744732 1.70550755
