0.100633 1.62610848
0.201265 1.62611068
0.301898 1.62610833
0.402530 1.62610809
0.503163 1.62610810
0.603796 1.62610813
0.704428 1.62610816
0.805061 1.62610820
0.905694 1.62610824
1.006326 1.62610828
1.106959 1.62610833
1.207591 1.62610839
1.308224 1.62610846
1.408857 1.62610853
1.509489 1.62610862
1.610122 1.62610871
1.710755 1.62610881
1.811387 1.62610892
1.912020 1.62610905
2.012652 1.62610919
2.113285 1.62610934
2.213918 1.62610950
2.314550 1.62610968
2.415183 1.62610987
2.515816 1.62611008
2.616448 1.62611030
2.717081 1.62611054
2.817713 1.62611079
2.918346 1.62611107
3.018979 1.62611136
3.119611 1.62611168
3.220244 1.62611201
3.320876 1.62611237
3.421509 1.62611274
3.522142 1.62611314
3.622774 1.62611355
3.723407 1.62611400
3.824040 1.62611447
3.924672 1.62611496
4.025305 1.62611548
4.125937 1.62611602
4.226570 1.62611659
4.327203 1.62611719
4.427835 1.62611782
4.528468 1.62611848
4.629101 1.62611916
4.729733 1.62611988
4.830366 1.62612062
4.930998 1.62612141
5.031631 1.62612222
5.132264 1.62612306
5.232896 1.62612394
5.333529 1.62612486
5.434162 1.62612581
5.534794 1.62612680
5.635427 1.62612782
5.736059 1.62612889
5.836692 1.62612999
5.937325 1.62613113
6.037957 1.62613231
6.138590 1.62613354
6.239222 1.62613480
6.339855 1.62613612
6.440488 1.62613746
6.541120 1.62613887
6.641753 1.62614030
6.742386 1.62614180
6.843018 1.62614333
6.943651 1.62614492
7.044283 1.62614654
7.144916 1.62614823
7.245549 1.62614996
7.346181 1.62615175
7.446814 1.62615358
7.547447 1.62615547
7.648079 1.62615741
7.748712 1.62615941
7.849344 1.62616146
7.949977 1.62616357
8.050610 1.62616573
8.151242 1.62616796
8.251875 1.62617024
8.352508 1.62617259
8.453140 1.62617499
8.553773 1.62617746
8.654405 1.62617998
8.755038 1.62618258
8.855671 1.62618523
8.956303 1.62618796
9.056936 1.62619074
9.157568 1.62619360
9.258201 1.62619652
9.358834 1.62619952
9.459466 1.62620258
9.560099 1.62620572
9.660732 1.62620892
9.761364 1.62621221
9.861997 1.62621556
9.962629 1.62621899
10.063262 1.62622249
10.163895 1.62622607
10.264527 1.62622973
10.365160 1.62623347
10.465793 1.62623729
10.566425 1.62624119
10.667058 1.62624516
10.767690 1.62624923
10.868323 1.62625337
10.968956 1.62625761
11.069588 1.62626192
11.170221 1.62626633
11.270853 1.62627081
11.371486 1.62627540
11.472119 1.62628006
11.572751 1.62628482
11.673384 1.62628967
11.774017 1.62629462
11.874649 1.62629965
11.975282 1.62630478
12.075914 1.62631000
12.176547 1.62631533
12.277180 1.62632074
12.377812 1.62632626
12.478445 1.62633188
12.579078 1.62633760
12.679710 1.62634341
12.780343 1.62634933
12.880975 1.62635535
12.981608 1.62636148
13.082241 1.62636771
13.182873 1.62637405
13.283506 1.62638050
13.384139 1.62638705
13.484771 1.62639371
13.585404 1.62640048
13.686036 1.62640736
13.786669 1.62641435
13.887302 1.62642146
13.987934 1.62642867
14.088567 1.62643600
14.189199 1.62644345
14.289832 1.62645101
14.390465 1.62645869
14.491097 1.62646648
14.591730 1.62647439
14.692363 1.62648242
14.792995 1.62649057
14.893628 1.62649884
14.994260 1.62650723
15.094893 1.62651575
15.195526 1.62652438
15.296158 1.62653313
15.396791 1.62654201
15.497424 1.62655101
15.598056 1.62656013
15.698689 1.62656938
15.799321 1.62657874
15.899954 1.62658824
16.000587 1.62659785
16.101219 1.62660758
16.201852 1.62661744
16.302485 1.62662742
16.403117 1.62663751
16.503750 1.62664772
16.604382 1.62665805
16.705015 1.62666849
16.805648 1.62667904
16.906280 1.62668970
17.006913 1.62670046
17.107545 1.62671132
17.208178 1.62672226
17.308811 1.62673330
17.409443 1.62674440
17.510076 1.62675558
17.610709 1.62676681
17.711341 1.62677808
17.811974 1.62678937
17.912606 1.62680068
18.013239 1.62681195
18.113872 1.62682320
18.214504 1.62683436
18.315137 1.62684544
18.415770 1.62685634
18.516402 1.62686707
18.617035 1.62687753
18.717667 1.62688769
18.818300 1.62689743
18.918933 1.62690671
19.019565 1.62691538
19.120198 1.62692336
19.220831 1.62693046
19.321463 1.62693655
19.422096 1.62694140
19.522728 1.62694481
19.623361 1.62694648
19.723994 1.62694612
19.824626 1.62694332
19.925259 1.62693768
20.025891 1.62692864
20.126524 1.62691564
20.227157 1.62689792
20.327789 1.62687468
20.428422 1.62684488
20.529055 1.62680739
20.629687 1.62676077
20.730320 1.62670344
20.830952 1.62663337
20.931585 1.62654832
21.032218 1.62644547
21.132850 1.62632158
21.233483 1.62617267
21.334116 1.62599408
21.434748 1.62578008
21.535381 1.62552393
21.636013 1.62521731
21.736646 1.62485025
21.837279 1.62441049
21.937911 1.62388313
22.038544 1.62324973
22.139177 1.62248758
22.239809 1.62156829
22.340442 1.62045650
22.441074 1.61910744
22.541707 1.61746449
22.642340 1.61545510
22.742972 1.61298596
22.843605 1.60993593
22.944237 1.60614654
23.044870 1.60140910
23.145503 1.59544626
23.246135 1.58788752
23.346768 1.57823329
23.447401 1.56580735
23.548033 1.54968606
23.648666 1.52860483
23.749298 1.50081786
23.849931 1.46391217
23.950564 1.41453031
24.051196 1.34799922
24.151829 1.25779292
24.252462 1.13479954
24.353094 0.96634558
24.453727 0.73475604
24.554359 0.41581410
24.654992 -0.02335482
24.755625 -0.61840988
24.856257 -1.35364530
24.956890 -2.02371986
25.057523 -2.31906344
25.158155 -2.34039365
25.258788 -2.53251732
25.359420 -3.17893232
25.460053 -4.38040964
25.560686 -6.17662964
25.661318 -8.52236026
25.761951 -11.11544886
25.862583 -13.19573088
25.963216 -13.78937484
26.063849 -12.56238778
26.164481 -10.19992044
26.265114 -7.69645077
26.365747 -5.65801420
26.466379 -4.29270924
26.567012 -3.63997484
26.667644 -3.70254950
26.768277 -4.48624169
26.868910 -5.97308850
26.969542 -8.00117041
27.070175 -10.03296548
27.170808 -11.12641702
27.271440 -10.58727740
27.372073 -8.69972966
27.472705 -6.40268516
27.573338 -4.44503233
27.673971 -3.12753085
27.774603 -2.50637297
27.875236 -2.57762083
27.975869 -3.34310473
28.076501 -4.80219821
28.177134 -6.87595347
28.277766 -9.20443484
28.378399 -10.96851515
28.479032 -11.27168161
28.579664 -9.99825984
28.680297 -7.94444124
28.780929 -6.01290664
28.881562 -4.67036251
28.982195 -4.03986402
29.082827 -4.12886608
29.183460 -4.93236693
29.284093 -6.44247686
29.384725 -8.60435694
29.485358 -11.16265350
29.585990 -13.42992937
29.686623 -14.39954165
29.787256 -13.52854692
29.887888 -11.31581447
29.988521 -8.76722902
30.089154 -6.59222065
30.189786 -5.06103712
30.290419 -4.23333342
30.391051 -4.11756070
30.491684 -4.71865788
30.592317 -6.03132922
30.692949 -7.94234950
30.793582 -10.00653362
30.894215 -11.33608929
30.994847 -11.10958055
31.095480 -9.39375402
31.196112 -7.06813768
31.296745 -4.97040832
31.397378 -3.48017563
31.498010 -2.68424038
31.598643 -2.58429500
31.699275 -3.17786434
31.799908 -4.46923282
31.900541 -6.40772368
32.001173 -8.70950520
32.101806 -10.64654955
32.202439 -11.27128765
32.303071 -10.25221087
32.403704 -8.24880831
32.504336 -6.21082998
32.604969 -4.69722576
32.705602 -3.88059248
32.806234 -3.77992183
32.906867 -4.38753894
33.007500 -5.69995553
33.108132 -7.68200562
33.208765 -10.14164246
33.309397 -12.50121658
33.410030 -13.78041343
33.510663 -13.26553048
33.611295 -11.25191078
33.711928 -8.71614099
33.812560 -6.45435352
33.913193 -4.80747031
34.013826 -3.85698785
34.114458 -3.61114482
34.215091 -4.07529820
34.315724 -5.24866542
34.416356 -7.05355661
34.516989 -9.13644844
34.617621 -10.68370082
34.718254 -10.78471996
34.818887 -9.29134489
34.919519 -6.97986239
35.020152 -4.75617432
35.120785 -3.09500057
35.221417 -2.12172162
35.322050 -1.84348261
35.422682 -2.25789715
35.523315 -3.36737849
35.623948 -5.14005033
35.724580 -7.35942004
35.825213 -9.38570070
35.925846 -10.25046753
36.026478 -9.42018693
36.127111 -7.36680506
36.227743 -5.04033718
36.328376 -3.08113144
36.429009 -1.69193522
36.529641 -0.87161898
36.630274 -0.56351010
36.730906 -0.64167186
36.831539 -0.78013689
36.932172 -0.55489898
37.032804 0.03724947
37.133437 0.66819264
37.234070 1.16992649
37.334702 1.54130124
37.435335 1.81500941
37.535967 2.01840415
37.636600 2.17037439
37.737233 2.28319245
37.837865 2.36413958
37.938498 2.41667408
38.039131 2.44492795
38.139763 2.45315752
38.240396 2.45284062
38.341028 2.45038354
38.441661 2.44391230
38.542294 2.43293564
38.642926 2.41745644
38.743559 2.39748727
38.844192 2.37302776
38.944824 2.34407333
39.045457 2.31061451
39.146089 2.27264591
39.246722 2.23013627
39.347355 2.18301160
39.447987 2.13119686
39.548620 2.07471776
39.649252 2.01404861
39.749885 1.95088210
39.850518 1.88904754
39.951150 1.83510461
40.051783 1.79762230
40.152416 1.78462324
40.253048 1.80019920
40.353681 1.84246215
40.454313 1.90433951
40.554946 1.97656569
40.655579 2.05071203
40.756211 2.12060335
40.856844 2.18201370
40.957477 2.23157595
41.058109 2.26563051
41.158742 2.27918531
41.259374 2.26523585
41.360007 2.21359830
41.460640 2.11100443
41.561272 1.94709645
41.661905 1.73186012
41.762538 1.52211738
41.863170 1.41339216
41.963803 1.46305336
42.064435 1.62913294
42.165068 1.81534616
42.265701 1.95171438
42.366333 2.01488661
42.466966 2.00595998
42.567598 1.93140697
42.668231 1.79625500
42.768864 1.60716732
42.869496 1.38564571
42.970129 1.18588501
43.070762 1.08240245
43.171394 1.10220901
43.272027 1.18136860
43.372659 1.21480895
43.473292 1.12310398
43.573925 0.87928064
43.674557 0.53502850
43.775190 0.24702585
43.875823 0.20527586
43.976455 0.46207306
44.077088 0.88094375
44.177720 1.28235475
44.278353 1.57216511
44.378986 1.73643378
44.479618 1.78973459
44.580251 1.74695744
44.680884 1.61513112
44.781516 1.39375248
44.882149 1.08003375
44.982781 0.68608722
45.083414 0.27661247
45.184047 -0.01429909
45.284679 -0.06857193
45.385312 0.09951973
45.485944 0.38876165
45.586577 0.71421709
45.687210 1.00113483
45.787842 1.22804227
45.888475 1.45068736
45.989108 1.68991172
46.089740 1.90442757
46.190373 2.07105244
46.291005 2.19494640
46.391638 2.28699492
46.492271 2.35591059
46.592903 2.40777700
46.693536 2.44669090
46.794169 2.47526324
46.894801 2.49516304
46.995434 2.50725305
47.096066 2.51268949
47.196699 2.51487706
47.297332 2.51660562
47.397964 2.51820238
47.498597 2.51974634
47.599230 2.52126418
47.699862 2.52276760
47.800495 2.52426249
47.901127 2.52575215
48.001760 2.52723849
48.102393 2.52872268
48.203025 2.53020543
48.303658 2.53168724
48.404290 2.53316839
48.504923 2.53464909
48.605556 2.53612949
48.706188 2.53760967
48.806821 2.53908970
48.907454 2.54056902
49.008086 2.54204198
49.108719 2.54350800
49.209351 2.54496709
49.309984 2.54641927
49.410617 2.54786455
49.511249 2.54930293
49.611882 2.55073442
49.712515 2.55215901
49.813147 2.55357672
49.913780 2.55498754
50.014412 2.55639148
50.115045 2.55778853
50.215678 2.55917870
50.316310 2.56056199
50.416943 2.56193840
50.517576 2.56330792
50.618208 2.56467057
50.718841 2.56602633
50.819473 2.56737521
50.920106 2.56871721
51.020739 2.57005233
51.121371 2.57138057
51.222004 2.57270193
51.322636 2.57401641
51.423269 2.57532401
51.523902 2.57662473
51.624534 2.57791856
51.725167 2.57920552
51.825800 2.58048560
51.926432 2.58175880
52.027065 2.58302512
52.127697 2.58428455
52.228330 2.58553711
52.328963 2.58678279
52.429595 2.58802159
52.530228 2.58925351
52.630861 2.59047855
52.731493 2.59169671
52.832126 2.59290799
52.932758 2.59411239
53.033391 2.59530991
53.134024 2.59650055
53.234656 2.59768431
53.335289 2.59886119
53.435921 2.60003119
53.536554 2.60119432
53.637187 2.60235056
53.737819 2.60349992
53.838452 2.60464241
53.939085 2.60577801
54.039717 2.60690674
54.140350 2.60802858
54.240982 2.60914355
54.341615 2.61025163
54.442248 2.61135284
54.542880 2.61244717
54.643513 2.61353462
54.744146 2.61461519
54.844778 2.61568888
54.945411 2.61675569
55.046043 2.61781562
55.146676 2.61886867
55.247309 2.61991485
55.347941 2.62095414
55.448574 2.62198656
55.549207 2.62301209
55.649839 2.62403075
55.750472 2.62504253
55.851104 2.62604742
55.951737 2.62704544
56.052370 2.62803658
56.153002 2.62902084
56.253635 2.62999822
56.354267 2.63096873
56.454900 2.63193235
56.555533 2.63288909
56.656165 2.63383896
56.756798 2.63478195
56.857431 2.63571805
56.958063 2.63664728
57.058696 2.63756963
57.159328 2.63848510
57.259961 2.63939369
57.360594 2.64029540
57.461226 2.64119024
57.561859 2.64207819
57.662492 2.64295926
57.763124 2.64383346
57.863757 2.64470078
57.964389 2.64556122
58.065022 2.64641477
58.165655 2.64726145
58.266287 2.64810125
58.366920 2.64893418
58.467553 2.64976022
58.568185 2.65057938
58.668818 2.65139167
58.769450 2.65219707
58.870083 2.65299560
58.970716 2.65378725
59.071348 2.65457202
59.171981 2.65534991
59.272613 2.65612092
59.373246 2.65688505
59.473879 2.65764230
59.574511 2.65839268
59.675144 2.65913617
59.775777 2.65987279
59.876409 2.66060253
59.977042 2.66132539
60.077674 2.66204136
60.178307 2.66275046
60.278940 2.66345269
60.379572 2.66414803
60.480205 2.66483649
60.580838 2.66551807
60.681470 2.66619278
60.782103 2.66686061
60.882735 2.66752155
60.983368 2.66817562
61.084001 2.66882281
61.184633 2.66946312
61.285266 2.67009655
61.385899 2.67072310
61.486531 2.67134277
61.587164 2.67195557
61.687796 2.67256148
61.788429 2.67316052
61.889062 2.67375267
61.989694 2.67433795
62.090327 2.67491635
62.190959 2.67548787
62.291592 2.67605251
62.392225 2.67661027
62.492857 2.67716115
62.593490 2.67770515
62.694123 2.67824227
62.794755 2.67877252
62.895388 2.67929588
62.996020 2.67981236
63.096653 2.68032197
63.197286 2.68082470
63.297918 2.68132054
63.398551 2.68180951
63.499184 2.68229160
63.599816 2.68276681
63.700449 2.68323514
63.801081 2.68369659
63.901714 2.68415116
64.002347 2.68459885
64.102979 2.68503967
64.203612 2.68547360
64.304245 2.68590065
64.404877 2.68632083
64.505510 2.68673412
64.606142 2.68714054
64.706775 2.68754007
64.807408 2.68793273
64.908040 2.68831851
65.008673 2.68869741
65.109305 2.68906942
65.209938 2.68943456
65.310571 2.68979282
65.411203 2.69014420
65.511836 2.69048870
65.612469 2.69082632
65.713101 2.69115706
65.813734 2.69148092
65.914366 2.69179790
66.014999 2.69210800
66.115632 2.69241122
66.216264 2.69270757
66.316897 2.69299703
66.417530 2.69327961
66.518162 2.69355531
66.618795 2.69382414
66.719427 2.69408608
66.820060 2.69434114
66.920693 2.69458933
67.021325 2.69483063
67.121958 2.69506505
67.222591 2.69529260
67.323223 2.69551326
67.423856 2.69572704
67.524488 2.69593395
67.625121 2.69613397
67.725754 2.69632711
67.826386 2.69651338
67.927019 2.69669276
68.027651 2.69686526
68.128284 2.69703089
68.228917 2.69718963
68.329549 2.69734149
68.430182 2.69748648
68.530815 2.69762458
68.631447 2.69775580
68.732080 2.69788014
68.832712 2.69799761
68.933345 2.69810819
69.033978 2.69821189
69.134610 2.69830871
69.235243 2.69839865
69.335876 2.69848171
69.436508 2.69855789
69.537141 2.69862719
69.637773 2.69868961
69.738406 2.69874515
69.839039 2.69879380
69.939671 2.69883617
70.040304 2.69887795
70.140937 2.69891972
70.241569 2.69896150
70.342202 2.69900328
70.442834 2.69904505
70.543467 2.69908683
70.644100 2.69912862
70.744732 2.69917039
