0.100633 1.63640502
0.201265 1.63640453
0.301898 1.63640503
0.402530 1.63640508
0.503163 1.63640507
0.603796 1.63640506
0.704428 1.63640505
0.805061 1.63640504
0.905694 1.63640503
1.006326 1.63640503
1.106959 1.63640503
1.207591 1.63640503
1.308224 1.63640504
1.408857 1.63640504
1.509489 1.63640506
1.610122 1.63640507
1.710755 1.63640509
1.811387 1.63640511
1.912020 1.63640514
2.012652 1.63640517
2.113285 1.63640521
2.213918 1.63640525
2.314550 1.63640530
2.415183 1.63640535
2.515816 1.63640541
2.616448 1.63640548
2.717081 1.63640554
2.817713 1.63640562
2.918346 1.63640571
3.018979 1.63640580
3.119611 1.63640589
3.220244 1.63640600
3.320876 1.63640611
3.421509 1.63640623
3.522142 1.63640636
3.622774 1.63640649
3.723407 1.63640663
3.824040 1.63640679
3.924672 1.63640695
4.025305 1.63640712
4.125937 1.63640729
4.226570 1.63640748
4.327203 1.63640768
4.427835 1.63640788
4.528468 1.63640810
4.629101 1.63640832
4.729733 1.63640856
4.830366 1.63640880
4.930998 1.63640905
5.031631 1.63640932
5.132264 1.63640959
5.232896 1.63640988
5.333529 1.63641018
5.434162 1.63641049
5.534794 1.63641080
5.635427 1.63641113
5.736059 1.63641147
5.836692 1.63641182
5.937325 1.63641218
6.037957 1.63641256
6.138590 1.63641294
6.239222 1.63641334
6.339855 1.63641375
6.440488 1.63641417
6.541120 1.63641460
6.641753 1.63641504
6.742386 1.63641549
6.843018 1.63641596
6.943651 1.63641644
7.044283 1.63641693
7.144916 1.63641743
7.245549 1.63641794
7.346181 1.63641847
7.446814 1.63641900
7.547447 1.63641955
7.648079 1.63642011
7.748712 1.63642068
7.849344 1.63642126
7.949977 1.63642186
8.050610 1.63642246
8.151242 1.63642308
8.251875 1.63642371
8.352508 1.63642434
8.453140 1.63642500
8.553773 1.63642565
8.654405 1.63642633
8.755038 1.63642700
8.855671 1.63642770
8.956303 1.63642840
9.056936 1.63642911
9.157568 1.63642983
9.258201 1.63643057
9.358834 1.63643130
9.459466 1.63643206
9.560099 1.63643281
9.660732 1.63643359
9.761364 1.63643436
9.861997 1.63643515
9.962629 1.63643593
10.063262 1.63643674
10.163895 1.63643754
10.264527 1.63643836
10.365160 1.63643918
10.465793 1.63644001
10.566425 1.63644084
10.667058 1.63644168
10.767690 1.63644252
10.868323 1.63644338
10.968956 1.63644423
11.069588 1.63644509
11.170221 1.63644595
11.270853 1.63644682
11.371486 1.63644768
11.472119 1.63644856
11.572751 1.63644942
11.673384 1.63645030
11.774017 1.63645117
11.874649 1.63645205
11.975282 1.63645292
12.075914 1.63645380
12.176547 1.63645466
12.277180 1.63645554
12.377812 1.63645640
12.478445 1.63645727
12.579078 1.63645812
12.679710 1.63645898
12.780343 1.63645982
12.880975 1.63646067
12.981608 1.63646150
13.082241 1.63646234
13.182873 1.63646316
13.283506 1.63646398
13.384139 1.63646477
13.484771 1.63646557
13.585404 1.63646635
13.686036 1.63646713
13.786669 1.63646788
13.887302 1.63646863
13.987934 1.63646935
14.088567 1.63647007
14.189199 1.63647076
14.289832 1.63647145
14.390465 1.63647211
14.491097 1.63647276
14.591730 1.63647338
14.692363 1.63647399
14.792995 1.63647456
14.893628 1.63647513
14.994260 1.63647565
15.094893 1.63647617
15.195526 1.63647664
15.296158 1.63647710
15.396791 1.63647751
15.497424 1.63647791
15.598056 1.63647826
15.698689 1.63647860
15.799321 1.63647888
15.899954 1.63647914
16.000587 1.63647934
16.101219 1.63647952
16.201852 1.63647963
16.302485 1.63647972
16.403117 1.63647973
16.503750 1.63647971
16.604382 1.63647962
16.705015 1.63647948
16.805648 1.63647926
16.906280 1.63647899
17.006913 1.63647861
17.107545 1.63647818
17.208178 1.63647764
17.308811 1.63647702
17.409443 1.63647626
17.510076 1.63647541
17.610709 1.63647440
17.711341 1.63647327
17.811974 1.63647195
17.912606 1.63647046
18.013239 1.63646875
18.113872 1.63646683
18.214504 1.63646461
18.315137 1.63646212
18.415770 1.63645927
18.516402 1.63645605
18.617035 1.63645236
18.717667 1.63644818
18.818300 1.63644339
18.918933 1.63643795
19.019565 1.63643171
19.120198 1.63642459
19.220831 1.63641640
19.321463 1.63640704
19.422096 1.63639624
19.522728 1.63638384
19.623361 1.63636952
19.723994 1.63635302
19.824626 1.63633392
19.925259 1.63631185
20.025891 1.63628623
20.126524 1.63625654
20.227157 1.63622201
20.327789 1.63618187
20.428422 1.63613508
20.529055 1.63608055
20.629687 1.63601684
20.730320 1.63594240
20.830952 1.63585524
20.931585 1.63575312
21.032218 1.63563327
21.132850 1.63549248
21.233483 1.63532679
21.334116 1.63513159
21.434748 1.63490121
21.535381 1.63462891
21.636013 1.63430643
21.736646 1.63392385
21.837279 1.63346895
21.937911 1.63292687
22.038544 1.63227920
22.139177 1.63150327
22.239809 1.63057073
22.340442 1.62944619
22.441074 1.62808492
22.541707 1.62643024
22.642340 1.62440959
22.742972 1.62192954
22.843605 1.61886884
22.944237 1.61506884
23.044870 1.61032062
23.145503 1.60434647
23.246135 1.59677553
23.346768 1.58710761
23.447401 1.57466593
23.548033 1.55852591
23.648666 1.53742211
23.749298 1.50960735
23.849931 1.47266742
23.950564 1.42324294
24.051196 1.35665913
24.151829 1.26638739
24.252462 1.14331370
24.353094 0.97476117
24.453727 0.74305235
24.554359 0.42396640
24.654992 -0.01537356
24.755625 -0.61063084
24.856257 -1.34610104
24.956890 -2.01644584
25.057523 -2.31165587
25.158155 -2.33300829
25.258788 -2.52521815
25.359420 -3.17174101
25.460053 -4.37332870
25.560686 -6.16965403
25.661318 -8.51547648
25.761951 -11.10863089
25.862583 -13.18893647
25.963216 -13.78254298
26.063849 -12.55544726
26.164481 -10.19280239
26.265114 -7.68909713
26.365747 -5.65037899
26.466379 -4.28475766
26.567012 -3.63168360
26.667644 -3.69390388
26.768277 -4.47723224
26.868910 -5.96370912
26.969542 -7.99142416
27.070175 -10.02288323
27.170808 -11.11607953
27.271440 -10.57682673
27.372073 -8.68934919
27.472705 -6.39257594
27.573338 -4.43537797
27.673971 -3.11844996
27.774603 -2.49789788
27.875236 -2.56974045
27.975869 -3.33578186
28.076501 -4.79534389
28.177134 -6.86942727
28.277766 -9.19807663
28.378399 -10.96215667
28.479032 -11.26515514
28.579664 -9.99142369
28.680297 -7.93720212
28.780929 -6.00520812
28.881562 -4.66216104
28.982195 -4.03111349
29.082827 -4.11951418
29.183460 -4.92235792
29.284093 -6.43175169
29.384725 -8.59285492
29.485358 -11.15031665
29.585990 -13.41671030
29.686623 -14.38541190
29.787256 -13.51350388
29.887888 -11.29988829
29.988521 -8.75048637
30.089154 -6.57476037
30.189786 -5.04297916
30.290419 -4.21480264
30.391051 -4.09867229
30.491684 -4.69949416
30.592317 -6.01191798
30.692949 -7.92264566
30.793582 -9.98641160
30.894215 -11.31534748
30.994847 -11.08796750
31.095480 -9.37102891
31.196112 -7.04413125
31.296745 -4.94501915
31.397378 -3.45332139
31.498010 -2.65581766
31.598643 -2.55420827
31.699275 -3.14605562
31.799908 -4.43565603
31.900541 -6.37231012
32.001173 -8.67219953
32.101806 -10.60735653
32.202439 -11.23029676
32.303071 -10.20956564
32.403704 -8.20463921
32.504336 -6.16523797
32.604969 -4.65031673
32.705602 -3.83251400
32.806234 -3.73090335
32.906867 -4.33792029
33.007500 -5.65020140
33.108132 -7.63271771
33.208765 -10.09356519
33.309397 -12.45521836
33.410030 -13.73746515
33.510663 -13.22659619
33.611295 -11.21768571
33.711928 -8.68692485
33.812560 -6.43015100
33.913193 -4.78815628
34.013826 -3.84246407
34.114458 -3.60144139
34.215091 -4.07061843
34.315724 -5.24941854
34.416356 -7.06036585
34.516989 -9.15012173
34.617621 -10.70523101
34.718254 -10.81525552
34.818887 -9.33192378
34.919519 -7.03113717
35.020152 -4.81841264
35.120785 -3.16833491
35.221417 -2.20646818
35.322050 -1.94032039
35.422682 -2.36766961
35.523315 -3.49078642
35.623948 -5.27821282
35.724580 -7.51429315
35.825213 -9.56033269
35.925846 -10.44902039
36.026478 -9.64720359
36.127111 -7.62587646
36.227743 -5.33320672
36.328376 -3.40786366
36.429009 -2.05161910
36.529641 -1.26294260
36.630274 -0.98522988
36.730906 -1.09306741
36.831539 -1.26116357
36.932172 -1.06614767
37.032804 -0.50522246
37.133437 0.09350869
37.234070 0.56242448
37.334702 0.90094748
37.435335 1.14258963
37.535967 1.31552606
37.636600 1.43974952
37.737233 1.52881060
37.837865 1.59083773
37.938498 1.62953368
38.039131 1.64876949
38.139763 1.65225743
38.240396 1.64919917
38.341028 1.64428704
38.441661 1.63542786
38.542294 1.62207983
38.642926 1.60423143
38.743559 1.58188924
38.844192 1.55504875
38.944824 1.52370165
39.045457 1.48783526
39.146089 1.44744163
39.246722 1.40248804
39.347355 1.35290014
39.447987 1.29860358
39.548620 1.23962582
39.649252 1.17644401
39.749885 1.11075426
39.850518 1.04638992
39.951150 0.98991492
40.051783 0.94990224
40.152416 0.93437803
40.253048 0.94743731
40.353681 0.98719537
40.454313 1.04658331
40.554946 1.11633938
40.655579 1.18803854
40.756211 1.25550889
40.856844 1.31452737
40.957477 1.36172908
41.058109 1.39345533
41.158742 1.40471443
41.259374 1.38849968
41.360007 1.33462149
41.460640 1.22980300
41.561272 1.06367674
41.661905 0.84621867
41.762538 0.63424308
41.863170 0.52327156
41.963803 0.57068289
42.064435 0.73453508
42.165068 0.91857360
42.265701 1.05284232
42.366333 1.11400071
42.466966 1.10314108
42.567598 1.02671551
42.668231 0.88971682
42.768864 0.69876028
42.869496 0.47528459
42.970129 0.27341175
43.070762 0.16758800
43.171394 0.18480619
43.272027 0.26120653
43.372659 0.29182744
43.473292 0.19732579
43.573925 -0.04923772
43.674557 -0.39620217
43.775190 -0.68696514
43.875823 -0.73160996
43.976455 -0.47787063
44.077088 -0.06215494
44.177720 0.33608389
44.278353 0.62273442
44.378986 0.78385151
44.479618 0.83399237
44.580251 0.78802986
44.680884 0.65298393
44.781516 0.42835221
44.882149 0.11135779
44.982781 -0.28586061
45.083414 -0.69855713
45.184047 -0.99258755
45.284679 -1.04984259
45.385312 -0.88460767
45.485944 -0.59815182
45.586577 -0.27547790
45.687210 0.00860281
45.787842 0.23256755
45.888475 0.45213018
45.989108 0.68811998
46.089740 0.89925879
46.190373 1.06239135
46.291005 1.18271472
46.391638 1.27115881
46.492271 1.33648409
46.592903 1.38482429
46.693536 1.42033043
46.794169 1.44567394
46.894801 1.46258317
46.995434 1.47197030
47.096066 1.47499781
47.196699 1.47494155
47.297332 1.47446692
47.397964 1.47387994
47.498597 1.47325171
47.599230 1.47260480
47.699862 1.47194838
47.800495 1.47128676
47.901127 1.47062216
48.001760 1.46995580
48.102393 1.46928837
48.203025 1.46862027
48.303658 1.46795176
48.404290 1.46728298
48.504923 1.46661403
48.605556 1.46594497
48.706188 1.46527583
48.806821 1.46460665
48.907454 1.46393774
49.008086 1.46327207
49.108719 1.46260995
49.209351 1.46195139
49.309984 1.46129639
49.410617 1.46064496
49.511249 1.45999708
49.611882 1.45935276
49.712515 1.45871201
49.813147 1.45807483
49.913780 1.45744120
50.014412 1.45681114
50.115045 1.45618465
50.215678 1.45556172
50.316310 1.45494235
50.416943 1.45432654
50.517576 1.45371430
50.618208 1.45310563
50.718841 1.45250052
50.819473 1.45189897
50.920106 1.45130098
51.020739 1.45070656
51.121371 1.45011571
51.222004 1.44952841
51.322636 1.44894468
51.423269 1.44836452
51.523902 1.44778792
51.624534 1.44721488
51.725167 1.44664540
51.825800 1.44607949
51.926432 1.44551715
52.027065 1.44495837
52.127697 1.44440315
52.228330 1.44385149
52.328963 1.44330340
52.429595 1.44275887
52.530228 1.44221791
52.630861 1.44168051
52.731493 1.44114667
52.832126 1.44061640
52.932758 1.44008969
53.033391 1.43956655
53.134024 1.43904697
53.234656 1.43853095
53.335289 1.43801850
53.435921 1.43750961
53.536554 1.43700429
53.637187 1.43650252
53.737819 1.43600433
53.838452 1.43550969
53.939085 1.43501862
54.039717 1.43453112
54.140350 1.43404718
54.240982 1.43356680
54.341615 1.43308999
54.442248 1.43261674
54.542880 1.43214705
54.643513 1.43168093
54.744146 1.43121837
54.844778 1.43075938
54.945411 1.43030395
55.046043 1.42985208
55.146676 1.42940378
55.247309 1.42895904
55.347941 1.42851787
55.448574 1.42808026
55.549207 1.42764622
55.649839 1.42721573
55.750472 1.42678882
55.851104 1.42636547
55.951737 1.42594568
56.052370 1.42552945
56.153002 1.42511679
56.253635 1.42470770
56.354267 1.42430216
56.454900 1.42390020
56.555533 1.42350179
56.656165 1.42310695
56.756798 1.42271568
56.857431 1.42232797
56.958063 1.42194382
57.058696 1.42156324
57.159328 1.42118622
57.259961 1.42081277
57.360594 1.42044288
57.461226 1.42007655
57.561859 1.41971379
57.662492 1.41935460
57.763124 1.41899897
57.863757 1.41864690
57.964389 1.41829840
58.065022 1.41795346
58.165655 1.41761208
58.266287 1.41727427
58.366920 1.41694003
58.467553 1.41660935
58.568185 1.41628223
58.668818 1.41595868
58.769450 1.41563869
58.870083 1.41532227
58.970716 1.41500941
59.071348 1.41470012
59.171981 1.41439439
59.272613 1.41409223
59.373246 1.41379363
59.473879 1.41349859
59.574511 1.41320712
59.675144 1.41291922
59.775777 1.41263488
59.876409 1.41235410
59.977042 1.41207689
60.077674 1.41180324
60.178307 1.41153316
60.278940 1.41126665
60.379572 1.41100369
60.480205 1.41074431
60.580838 1.41048848
60.681470 1.41023623
60.782103 1.40998753
60.882735 1.40974240
60.983368 1.40950084
61.084001 1.40926284
61.184633 1.40902841
61.285266 1.40879754
61.385899 1.40857023
61.486531 1.40834650
61.587164 1.40812632
61.687796 1.40790971
61.788429 1.40769667
61.889062 1.40748719
61.989694 1.40728127
62.090327 1.40707892
62.190959 1.40688014
62.291592 1.40668492
62.392225 1.40649327
62.492857 1.40630518
62.593490 1.40612065
62.694123 1.40593969
62.794755 1.40576230
62.895388 1.40558847
62.996020 1.40541820
63.096653 1.40525150
63.197286 1.40508837
63.297918 1.40492880
63.398551 1.40477280
63.499184 1.40462036
63.599816 1.40447148
63.700449 1.40432618
63.801081 1.40418443
63.901714 1.40404625
64.002347 1.40391164
64.102979 1.40378059
64.203612 1.40365311
64.304245 1.40352919
64.404877 1.40340884
64.505510 1.40329205
64.606142 1.40317883
64.706775 1.40306917
64.807408 1.40296308
64.908040 1.40286056
65.008673 1.40276160
65.109305 1.40266620
65.209938 1.40257437
65.310571 1.40248610
65.411203 1.40240140
65.511836 1.40232027
65.612469 1.40224270
65.713101 1.40216870
65.813734 1.40209826
65.914366 1.40203138
66.014999 1.40196808
66.115632 1.40190833
66.216264 1.40185216
66.316897 1.40179955
66.417530 1.40175050
66.518162 1.40170502
66.618795 1.40166310
66.719427 1.40162475
66.820060 1.40158997
66.920693 1.40155875
67.021325 1.40153109
67.121958 1.40150700
67.222591 1.40148648
67.323223 1.40146952
67.423856 1.40145613
67.524488 1.40144630
67.625121 1.40144004
67.725754 1.40143735
67.826386 1.40143822
67.927019 1.40144265
68.027651 1.40145065
68.128284 1.40146222
68.228917 1.40147735
68.329549 1.40149605
68.430182 1.40151831
68.530815 1.40154414
68.631447 1.40157353
68.732080 1.40160649
68.832712 1.40164301
68.933345 1.40168310
69.033978 1.40172676
69.134610 1.40177398
69.235243 1.40182477
69.335876 1.40187912
69.436508 1.40193704
69.537141 1.40199852
69.637773 1.40206357
69.738406 1.40213219
69.839039 1.40220437
69.939671 1.40227981
70.040304 1.40235555
70.140937 1.40243130
70.241569 1.40250705
70.342202 1.40258279
70.442834 1.40265854
70.543467 1.40273429
70.644100 1.40281010
70.744732 1.40288579
