0.100633 1.63833566
0.201265 1.63833581
0.301898 1.63833568
0.402530 1.63833568
0.503163 1.63833569
0.603796 1.63833570
0.704428 1.63833570
0.805061 1.63833571
0.905694 1.63833570
1.006326 1.63833569
1.106959 1.63833568
1.207591 1.63833566
1.308224 1.63833563
1.408857 1.63833560
1.509489 1.63833555
1.610122 1.63833550
1.710755 1.63833544
1.811387 1.63833537
1.912020 1.63833528
2.012652 1.63833519
2.113285 1.63833509
2.213918 1.63833497
2.314550 1.63833484
2.415183 1.63833470
2.515816 1.63833454
2.616448 1.63833436
2.717081 1.63833418
2.817713 1.63833397
2.918346 1.63833375
3.018979 1.63833352
3.119611 1.63833326
3.220244 1.63833299
3.320876 1.63833269
3.421509 1.63833238
3.522142 1.63833205
3.622774 1.63833170
3.723407 1.63833133
3.824040 1.63833093
3.924672 1.63833051
4.025305 1.63833007
4.125937 1.63832961
4.226570 1.63832912
4.327203 1.63832861
4.427835 1.63832807
4.528468 1.63832750
4.629101 1.63832691
4.729733 1.63832629
4.830366 1.63832565
4.930998 1.63832497
5.031631 1.63832427
5.132264 1.63832353
5.232896 1.63832277
5.333529 1.63832198
5.434162 1.63832115
5.534794 1.63832029
5.635427 1.63831940
5.736059 1.63831848
5.836692 1.63831752
5.937325 1.63831653
6.037957 1.63831550
6.138590 1.63831444
6.239222 1.63831334
6.339855 1.63831221
6.440488 1.63831103
6.541120 1.63830982
6.641753 1.63830857
6.742386 1.63830728
6.843018 1.63830595
6.943651 1.63830458
7.044283 1.63830317
7.144916 1.63830172
7.245549 1.63830023
7.346181 1.63829869
7.446814 1.63829711
7.547447 1.63829549
7.648079 1.63829382
7.748712 1.63829210
7.849344 1.63829034
7.949977 1.63828854
8.050610 1.63828669
8.151242 1.63828478
8.251875 1.63828284
8.352508 1.63828084
8.453140 1.63827879
8.553773 1.63827670
8.654405 1.63827455
8.755038 1.63827235
8.855671 1.63827011
8.956303 1.63826781
9.056936 1.63826545
9.157568 1.63826305
9.258201 1.63826059
9.358834 1.63825807
9.459466 1.63825550
9.560099 1.63825288
9.660732 1.63825020
9.761364 1.63824746
9.861997 1.63824467
9.962629 1.63824182
10.063262 1.63823891
10.163895 1.63823595
10.264527 1.63823292
10.365160 1.63822984
10.465793 1.63822669
10.566425 1.63822349
10.667058 1.63822022
10.767690 1.63821689
10.868323 1.63821351
10.968956 1.63821006
11.069588 1.63820654
11.170221 1.63820297
11.270853 1.63819932
11.371486 1.63819562
11.472119 1.63819185
11.572751 1.63818802
11.673384 1.63818412
11.774017 1.63818016
11.874649 1.63817613
11.975282 1.63817203
12.075914 1.63816787
12.176547 1.63816364
12.277180 1.63815934
12.377812 1.63815497
12.478445 1.63815054
12.579078 1.63814604
12.679710 1.63814146
12.780343 1.63813683
12.880975 1.63813211
12.981608 1.63812734
13.082241 1.63812248
13.182873 1.63811757
13.283506 1.63811257
13.384139 1.63810751
13.484771 1.63810238
13.585404 1.63809717
13.686036 1.63809189
13.786669 1.63808655
13.887302 1.63808112
13.987934 1.63807563
14.088567 1.63807006
14.189199 1.63806443
14.289832 1.63805871
14.390465 1.63805293
14.491097 1.63804707
14.591730 1.63804114
14.692363 1.63803513
14.792995 1.63802905
14.893628 1.63802289
14.994260 1.63801666
15.094893 1.63801035
15.195526 1.63800397
15.296158 1.63799750
15.396791 1.63799097
15.497424 1.63798435
15.598056 1.63797767
15.698689 1.63797089
15.799321 1.63796405
15.899954 1.63795712
16.000587 1.63795012
16.101219 1.63794302
16.201852 1.63793585
16.302485 1.63792858
16.403117 1.63792124
16.503750 1.63791380
16.604382 1.63790628
16.705015 1.63789865
16.805648 1.63789094
16.906280 1.63788311
17.006913 1.63787520
17.107545 1.63786715
17.208178 1.63785901
17.308811 1.63785072
17.409443 1.63784232
17.510076 1.63783375
17.610709 1.63782505
17.711341 1.63781617
17.811974 1.63780712
17.912606 1.63779785
18.013239 1.63778838
18.113872 1.63777864
18.214504 1.63776865
18.315137 1.63775832
18.415770 1.63774768
18.516402 1.63773660
18.617035 1.63772511
18.717667 1.63771307
18.818300 1.63770048
18.918933 1.63768718
19.019565 1.63767314
19.120198 1.63765818
19.220831 1.63764221
19.321463 1.63762502
19.422096 1.63760647
19.522728 1.63758627
19.623361 1.63756424
19.723994 1.63753999
19.824626 1.63751323
19.925259 1.63748346
20.025891 1.63745025
20.126524 1.63741294
20.227157 1.63737089
20.327789 1.63732323
20.428422 1.63726904
20.529055 1.63720710
20.629687 1.63713613
20.730320 1.63705443
20.830952 1.63696017
20.931585 1.63685100
21.032218 1.63672427
21.132850 1.63657665
21.233483 1.63640436
21.334116 1.63620266
21.434748 1.63596602
21.535381 1.63568760
21.636013 1.63535930
21.736646 1.63497110
21.837279 1.63451094
21.937911 1.63396387
22.038544 1.63331166
22.139177 1.63253154
22.239809 1.63159536
22.340442 1.63046764
22.441074 1.62910386
22.541707 1.62744727
22.642340 1.62542553
22.742972 1.62294514
22.843605 1.61988511
22.944237 1.61608672
23.044870 1.61134130
23.145503 1.60537112
23.246135 1.59780557
23.346768 1.58814447
23.447401 1.57571125
23.548033 1.55958140
23.648666 1.53848968
23.749298 1.51068901
23.849931 1.47376532
23.950564 1.42435943
24.051196 1.35779663
24.151829 1.26754860
24.252462 1.14450131
24.353094 0.97597826
24.453727 0.74430184
24.554359 0.42525177
24.654992 -0.01404928
24.755625 -0.60926403
24.856257 -1.34468920
24.956890 -2.01498641
25.057523 -2.31024992
25.158155 -2.33163079
25.258788 -2.52386965
25.359420 -3.17043455
25.460053 -4.37208513
25.560686 -6.16849658
25.661318 -8.51443097
25.761951 -11.10772311
25.862583 -13.18819330
25.963216 -13.78198910
26.063849 -12.55510528
26.164481 -10.19268624
26.265114 -7.68921211
26.365747 -5.65072116
26.466379 -4.28531702
26.567012 -3.63244558
26.667644 -3.69485186
26.768277 -4.47834970
26.868910 -5.96498051
26.969542 -7.99283411
27.070175 -10.02441182
27.170808 -11.11769779
27.271440 -10.57849621
27.372073 -8.69102940
27.472705 -6.39423035
27.573338 -4.43698037
27.673971 -3.11999384
27.774603 -2.49939930
27.875236 -2.57122464
27.975869 -3.33727662
28.076501 -4.79688278
28.177134 -6.87104713
28.277766 -9.19980628
28.378399 -10.96400881
28.479032 -11.26712377
28.579664 -9.99348763
28.680297 -7.93933196
28.780929 -6.00737349
28.881562 -4.66433510
28.982195 -4.03327457
29.082827 -4.12164560
29.183460 -4.92444765
29.284093 -6.43379261
29.384725 -8.59484586
29.485358 -11.15226285
29.585990 -13.41862388
29.686623 -14.38731016
29.787256 -13.51540659
29.887888 -11.30181262
29.988521 -8.75244358
30.089154 -6.57675417
30.189786 -5.04500665
30.290419 -4.21685592
30.391051 -4.10074124
30.491684 -4.70157070
30.592317 -6.01400047
30.692949 -7.92474252
30.793582 -9.98854194
30.894215 -11.31753920
30.994847 -11.09025150
31.095480 -9.37343126
31.196112 -7.04666603
31.296745 -4.94769119
31.397378 -3.45613528
31.498010 -2.65878553
31.598643 -2.55734324
31.699275 -3.14936614
31.799908 -4.43914954
31.900541 -6.37599513
32.001173 -8.67607312
32.101806 -10.61139268
32.202439 -11.23443959
32.303071 -10.21374161
32.403704 -8.20877928
32.504336 -6.16928796
32.604969 -4.65422977
32.705602 -3.83624363
32.806234 -3.73439380
32.906867 -4.34110052
33.007500 -5.65298118
33.108132 -7.63498585
33.208765 -10.09519018
33.309397 -12.45605250
33.410030 -13.73735080
33.510663 -13.22537923
33.611295 -11.21524863
33.711928 -8.68320142
33.812560 -6.42511344
33.913193 -4.78179243
34.013826 -3.83475733
34.114458 -3.59235601
34.215091 -4.06009240
34.315724 -5.23735459
34.416356 -7.04662604
34.516989 -9.13451855
34.617621 -10.68751815
34.718254 -10.79511721
34.818887 -9.30900036
34.919519 -7.00505751
35.020152 -4.78881429
35.120785 -3.13485541
35.221417 -2.16873579
35.322050 -1.89795686
35.422682 -2.32037279
35.523315 -3.43843095
35.623948 -5.22071130
35.724580 -7.45148354
35.825213 -9.49192682
35.925846 -10.37459953
36.026478 -9.56631970
36.127111 -7.53824601
36.227743 -5.23887811
36.328376 -3.30730524
36.429009 -1.94579937
36.529641 -1.15354201
36.630274 -0.87525226
36.730906 -0.98705018
36.831539 -1.16272994
36.932172 -0.97857250
37.032804 -0.43191730
37.133437 0.14886027
37.234070 0.59586941
37.334702 0.90830421
37.435335 1.11946468
37.535967 1.25733732
37.636600 1.34167586
37.737233 1.38569206
37.837865 1.39745218
37.938498 1.38126979
38.039131 1.34199085
38.139763 1.28590897
38.240396 1.22684191
38.341028 1.17926715
38.441661 1.15272379
38.542294 1.15301561
38.642926 1.18012781
38.743559 1.22846802
38.844192 1.28960117
38.944824 1.35554915
39.045457 1.42075175
39.146089 1.48224427
39.246722 1.53887557
39.347355 1.59041956
39.447987 1.63691335
39.548620 1.67847028
39.649252 1.71513689
39.749885 1.74694901
39.850518 1.77389801
39.951150 1.79596438
40.051783 1.81313940
40.152416 1.82550364
40.253048 1.83350225
40.353681 1.83847536
40.454313 1.84233715
40.554946 1.84606510
40.655579 1.84963324
40.756211 1.85231132
40.856844 1.85269575
40.957477 1.84856779
41.058109 1.83657143
41.158742 1.81163592
41.259374 1.76640742
41.360007 1.69003482
41.460640 1.56831391
41.561272 1.38982203
41.661905 1.16341025
41.762538 0.94501336
41.863170 0.82971929
41.963803 0.87462940
42.064435 1.03742468
42.165068 1.22140234
42.265701 1.35616558
42.366333 1.41798728
42.466966 1.40762141
42.567598 1.33121478
42.668231 1.19352418
42.768864 1.00106944
42.869496 0.77538496
42.970129 0.57089314
43.070762 0.46250470
43.171394 0.47765023
43.272027 0.55271150
43.372659 0.58277971
43.473292 0.48839076
43.573925 0.24235007
43.674557 -0.10400325
43.775190 -0.39436210
43.875823 -0.43897579
43.976455 -0.18556953
44.077088 0.22960954
44.177720 0.62728363
44.278353 0.91341733
44.378986 1.07407060
44.479618 1.12377697
44.580251 1.07737419
44.680884 0.94185183
44.781516 0.71668922
44.882149 0.39910864
44.982781 0.00128250
45.083414 -0.41196085
45.184047 -0.70637004
45.284679 -0.76375517
45.385312 -0.59840746
45.485944 -0.31168752
45.586577 0.01129198
45.687210 0.29562550
45.787842 0.51971111
45.888475 0.73920889
45.989108 0.97492628
46.089740 1.18559391
46.190373 1.34808768
46.291005 1.46764670
46.391638 1.55525017
46.492271 1.61970977
46.592903 1.66721051
46.693536 1.70195620
46.794169 1.72667490
46.894801 1.74315062
46.995434 1.75234268
47.096066 1.75541690
47.196699 1.75553135
47.297332 1.75524603
47.397964 1.75485298
47.498597 1.75442002
47.599230 1.75396876
47.699862 1.75350805
47.800495 1.75304212
47.901127 1.75257314
48.001760 1.75210233
48.102393 1.75163040
48.203025 1.75115776
48.303658 1.75068467
48.404290 1.75021129
48.504923 1.74973772
48.605556 1.74926403
48.706188 1.74879026
48.806821 1.74831643
48.907454 1.74784280
49.008086 1.74737148
49.108719 1.74690271
49.209351 1.74643651
49.309984 1.74597286
49.410617 1.74551178
49.511249 1.74505326
49.611882 1.74459730
49.712515 1.74414391
49.813147 1.74369309
49.913780 1.74324483
50.014412 1.74279914
50.115045 1.74235601
50.215678 1.74191545
50.316310 1.74147746
50.416943 1.74104203
50.517576 1.74060917
50.618208 1.74017888
50.718841 1.73975115
50.819473 1.73932599
50.920106 1.73890340
51.020739 1.73848337
51.121371 1.73806591
51.222004 1.73765101
51.322636 1.73723868
51.423269 1.73682892
51.523902 1.73642172
51.624534 1.73601709
51.725167 1.73561503
51.825800 1.73521553
51.926432 1.73481859
52.027065 1.73442423
52.127697 1.73403242
52.228330 1.73364319
52.328963 1.73325652
52.429595 1.73287241
52.530228 1.73249088
52.630861 1.73211190
52.731493 1.73173550
52.832126 1.73136166
52.932758 1.73099038
53.033391 1.73062167
53.134024 1.73025553
53.234656 1.72989195
53.335289 1.72953093
53.435921 1.72917249
53.536554 1.72881660
53.637187 1.72846329
53.737819 1.72811253
53.838452 1.72776435
53.939085 1.72741873
54.039717 1.72707567
54.140350 1.72673518
54.240982 1.72639726
54.341615 1.72606190
54.442248 1.72572910
54.542880 1.72539888
54.643513 1.72507121
54.744146 1.72474611
54.844778 1.72442358
54.945411 1.72410361
55.046043 1.72378621
55.146676 1.72347137
55.247309 1.72315910
55.347941 1.72284939
55.448574 1.72254225
55.549207 1.72223767
55.649839 1.72193566
55.750472 1.72163621
55.851104 1.72133933
55.951737 1.72104501
56.052370 1.72075326
56.153002 1.72046407
56.253635 1.72017745
56.354267 1.71989339
56.454900 1.71961190
56.555533 1.71933297
56.656165 1.71905661
56.756798 1.71878281
56.857431 1.71851158
56.958063 1.71824291
57.058696 1.71797680
57.159328 1.71771326
57.259961 1.71745229
57.360594 1.71719388
57.461226 1.71693804
57.561859 1.71668476
57.662492 1.71643404
57.763124 1.71618589
57.863757 1.71594030
57.964389 1.71569728
58.065022 1.71545683
58.165655 1.71521893
58.266287 1.71498361
58.366920 1.71475084
58.467553 1.71452065
58.568185 1.71429301
58.668818 1.71406794
58.769450 1.71384544
58.870083 1.71362550
58.970716 1.71340812
59.071348 1.71319331
59.171981 1.71298107
59.272613 1.71277139
59.373246 1.71256427
59.473879 1.71235972
59.574511 1.71215773
59.675144 1.71195830
59.775777 1.71176144
59.876409 1.71156715
59.977042 1.71137542
60.077674 1.71118625
60.178307 1.71099965
60.278940 1.71081562
60.379572 1.71063414
60.480205 1.71045524
60.580838 1.71027889
60.681470 1.71010511
60.782103 1.70993390
60.882735 1.70976525
60.983368 1.70959916
61.084001 1.70943564
61.184633 1.70927468
61.285266 1.70911629
61.385899 1.70896046
61.486531 1.70880720
61.587164 1.70865650
61.687796 1.70850837
61.788429 1.70836280
61.889062 1.70821979
61.989694 1.70807935
62.090327 1.70794147
62.190959 1.70780616
62.291592 1.70767341
62.392225 1.70754322
62.492857 1.70741560
62.593490 1.70729055
62.694123 1.70716806
62.794755 1.70704813
62.895388 1.70693077
62.996020 1.70681597
63.096653 1.70670374
63.197286 1.70659407
63.297918 1.70648696
63.398551 1.70638242
63.499184 1.70628044
63.599816 1.70618103
63.700449 1.70608418
63.801081 1.70598990
63.901714 1.70589818
64.002347 1.70580903
64.102979 1.70572244
64.203612 1.70563841
64.304245 1.70555695
64.404877 1.70547805
64.505510 1.70540172
64.606142 1.70532795
64.706775 1.70525675
64.807408 1.70518811
64.908040 1.70512203
65.008673 1.70505852
65.109305 1.70499758
65.209938 1.70493920
65.310571 1.70488338
65.411203 1.70483013
65.511836 1.70477944
65.612469 1.70473131
65.713101 1.70468575
65.813734 1.70464276
65.914366 1.70460233
66.014999 1.70456446
66.115632 1.70452916
66.216264 1.70449642
66.316897 1.70446625
66.417530 1.70443864
66.518162 1.70441360
66.618795 1.70439112
66.719427 1.70437120
66.820060 1.70435385
66.920693 1.70433906
67.021325 1.70432684
67.121958 1.70431718
67.222591 1.70431009
67.323223 1.70430556
67.423856 1.70430360
67.524488 1.70430420
67.625121 1.70430737
67.725754 1.70431310
67.826386 1.70432139
67.927019 1.70433225
68.027651 1.70434567
68.128284 1.70436166
68.228917 1.70438021
68.329549 1.70440133
68.430182 1.70442501
68.530815 1.70445126
68.631447 1.70448007
68.732080 1.70451145
68.832712 1.70454539
68.933345 1.70458189
69.033978 1.70462096
69.134610 1.70466260
69.235243 1.70470680
69.335876 1.70475356
69.436508 1.70480289
69.537141 1.70485478
69.637773 1.70490924
69.738406 1.70496626
69.839039 1.70502585
69.939671 1.70508778
70.040304 1.70514994
70.140937 1.70521209
70.241569 1.70527424
70.342202 1.70533639
70.442834 1.70539854
70.543467 1.70546070
70.644100 1.70552290
70.744732 1.70558501
