0.100633 1.63972959
0.201265 1.63972971
0.301898 1.63972957
0.402530 1.63972956
0.503163 1.63972956
0.603796 1.63972957
0.704428 1.63972957
0.805061 1.63972957
0.905694 1.63972957
1.006326 1.63972957
1.106959 1.63972957
1.207591 1.63972956
1.308224 1.63972956
1.408857 1.63972955
1.509489 1.63972954
1.610122 1.63972953
1.710755 1.63972951
1.811387 1.63972950
1.912020 1.63972948
2.012652 1.63972945
2.113285 1.63972943
2.213918 1.63972940
2.314550 1.63972937
2.415183 1.63972933
2.515816 1.63972929
2.616448 1.63972925
2.717081 1.63972920
2.817713 1.63972915
2.918346 1.63972909
3.018979 1.63972903
3.119611 1.63972896
3.220244 1.63972889
3.320876 1.63972881
3.421509 1.63972873
3.522142 1.63972864
3.622774 1.63972855
3.723407 1.63972845
3.824040 1.63972834
3.924672 1.63972823
4.025305 1.63972811
4.125937 1.63972798
4.226570 1.63972785
4.327203 1.63972770
4.427835 1.63972756
4.528468 1.63972740
4.629101 1.63972723
4.729733 1.63972705
4.830366 1.63972687
4.930998 1.63972668
5.031631 1.63972648
5.132264 1.63972626
5.232896 1.63972605
5.333529 1.63972581
5.434162 1.63972557
5.534794 1.63972531
5.635427 1.63972505
5.736059 1.63972477
5.836692 1.63972449
5.937325 1.63972419
6.037957 1.63972388
6.138590 1.63972355
6.239222 1.63972321
6.339855 1.63972286
6.440488 1.63972249
6.541120 1.63972211
6.641753 1.63972172
6.742386 1.63972130
6.843018 1.63972088
6.943651 1.63972044
7.044283 1.63971998
7.144916 1.63971950
7.245549 1.63971902
7.346181 1.63971850
7.446814 1.63971798
7.547447 1.63971743
7.648079 1.63971687
7.748712 1.63971629
7.849344 1.63971569
7.949977 1.63971506
8.050610 1.63971442
8.151242 1.63971375
8.251875 1.63971307
8.352508 1.63971235
8.453140 1.63971163
8.553773 1.63971087
8.654405 1.63971010
8.755038 1.63970929
8.855671 1.63970847
8.956303 1.63970761
9.056936 1.63970673
9.157568 1.63970582
9.258201 1.63970490
9.358834 1.63970393
9.459466 1.63970295
9.560099 1.63970193
9.660732 1.63970089
9.761364 1.63969981
9.861997 1.63969871
9.962629 1.63969756
10.063262 1.63969640
10.163895 1.63969519
10.264527 1.63969396
10.365160 1.63969268
10.465793 1.63969139
10.566425 1.63969004
10.667058 1.63968867
10.767690 1.63968725
10.868323 1.63968581
10.968956 1.63968432
11.069588 1.63968280
11.170221 1.63968123
11.270853 1.63967963
11.371486 1.63967798
11.472119 1.63967629
11.572751 1.63967456
11.673384 1.63967279
11.774017 1.63967097
11.874649 1.63966911
11.975282 1.63966719
12.075914 1.63966525
12.176547 1.63966324
12.277180 1.63966120
12.377812 1.63965909
12.478445 1.63965695
12.579078 1.63965474
12.679710 1.63965250
12.780343 1.63965019
12.880975 1.63964784
12.981608 1.63964543
13.082241 1.63964297
13.182873 1.63964045
13.283506 1.63963788
13.384139 1.63963524
13.484771 1.63963255
13.585404 1.63962980
13.686036 1.63962699
13.786669 1.63962411
13.887302 1.63962118
13.987934 1.63961818
14.088567 1.63961513
14.189199 1.63961200
14.289832 1.63960881
14.390465 1.63960555
14.491097 1.63960223
14.591730 1.63959883
14.692363 1.63959537
14.792995 1.63959182
14.893628 1.63958822
14.994260 1.63958453
15.094893 1.63958078
15.195526 1.63957695
15.296158 1.63957304
15.396791 1.63956905
15.497424 1.63956499
15.598056 1.63956084
15.698689 1.63955661
15.799321 1.63955229
15.899954 1.63954789
16.000587 1.63954340
16.101219 1.63953882
16.201852 1.63953414
16.302485 1.63952938
16.403117 1.63952451
16.503750 1.63951955
16.604382 1.63951447
16.705015 1.63950930
16.805648 1.63950401
16.906280 1.63949860
17.006913 1.63949307
17.107545 1.63948741
17.208178 1.63948161
17.308811 1.63947568
17.409443 1.63946959
17.510076 1.63946333
17.610709 1.63945690
17.711341 1.63945028
17.811974 1.63944346
17.912606 1.63943641
18.013239 1.63942911
18.113872 1.63942154
18.214504 1.63941367
18.315137 1.63940546
18.415770 1.63939688
18.516402 1.63938787
18.617035 1.63937839
18.717667 1.63936837
18.818300 1.63935774
18.918933 1.63934641
19.019565 1.63933428
19.120198 1.63932123
19.220831 1.63930713
19.321463 1.63929181
19.422096 1.63927509
19.522728 1.63925674
19.623361 1.63923651
19.723994 1.63921409
19.824626 1.63918912
19.925259 1.63916118
20.025891 1.63912977
20.126524 1.63909431
20.227157 1.63905411
20.327789 1.63900835
20.428422 1.63895609
20.529055 1.63889617
20.629687 1.63882725
20.730320 1.63874774
20.830952 1.63865573
20.931585 1.63854897
21.032218 1.63842478
21.132850 1.63827991
21.233483 1.63811055
21.334116 1.63791204
21.434748 1.63767884
21.535381 1.63740422
21.636013 1.63708005
21.736646 1.63669643
21.837279 1.63624129
21.937911 1.63569981
22.038544 1.63505374
22.139177 1.63428047
22.239809 1.63335186
22.340442 1.63223256
22.441074 1.63087811
22.541707 1.62923187
22.642340 1.62722157
22.742972 1.62475388
22.843605 1.62170783
22.944237 1.61792486
23.044870 1.61319637
23.145503 1.60724478
23.246135 1.59969951
23.346768 1.59006050
23.447401 1.57765122
23.548033 1.56154720
23.648666 1.54048320
23.749298 1.51271209
23.849931 1.47581976
23.950564 1.42644677
24.051196 1.35991830
24.151829 1.26970555
24.252462 1.14669424
24.353094 0.97820715
24.453727 0.74656626
24.554359 0.42755039
24.654992 -0.01171817
24.755625 -0.60690295
24.856257 -1.34230062
24.956890 -2.01257295
25.057523 -2.30781253
25.158155 -2.32916903
25.258788 -2.52138058
25.359420 -3.16791334
25.460053 -4.36952472
25.560686 -6.16588916
25.661318 -8.51176809
25.761951 -11.10499888
25.862583 -13.18540465
25.963216 -13.77913938
26.063849 -12.55219989
26.164481 -10.18973150
26.265114 -7.68621228
26.365747 -5.64768134
26.466379 -4.28224357
26.567012 -3.62934767
26.667644 -3.69174252
26.768277 -4.47524628
26.868910 -5.96190572
26.969542 -7.98981650
27.070175 -10.02148593
27.170808 -11.11490416
27.271440 -10.57587721
27.372073 -8.68862149
27.472705 -6.39205834
27.573338 -4.43505903
27.673971 -3.11832987
27.774603 -2.49799244
27.875236 -2.57006501
27.975869 -3.33634316
28.076501 -4.79614526
28.177134 -6.87046645
28.277766 -9.19933507
28.378399 -10.96359040
28.479032 -11.26669662
28.579664 -9.99299649
28.680297 -7.93873712
28.780929 -6.00665248
28.881562 -4.66348091
28.982195 -4.03229137
29.082827 -4.12054614
29.183460 -4.92324991
29.284093 -6.43251827
29.384725 -8.59351924
29.485358 -11.15091120
29.585990 -13.41727972
29.686623 -14.38601380
29.787256 -13.51420312
29.887888 -11.30074437
29.988521 -8.75154715
30.089154 -6.57606400
30.189786 -5.04455735
30.290419 -4.21668171
30.391051 -4.10087091
30.491684 -4.70202015
30.592317 -6.01476153
30.692949 -7.92577045
30.793582 -9.98973879
30.894215 -11.31874314
30.994847 -11.09124791
31.095480 -9.37399813
31.196112 -7.04662425
31.296745 -4.94691763
31.397378 -3.45455511
31.498010 -2.65637077
31.598643 -2.55411662
31.699275 -3.14540095
31.799908 -4.43456545
31.900541 -6.37096858
32.001173 -8.67086184
32.101806 -10.60636211
32.202439 -11.23007755
32.303071 -10.21060111
32.403704 -8.20737586
32.504336 -6.17007034
32.604969 -4.65762147
32.705602 -3.84268893
32.806234 -3.74440762
32.906867 -4.35532237
33.007500 -5.67223617
33.108132 -7.66037162
33.208765 -10.12819355
33.309397 -12.49850616
33.410030 -13.79107863
33.510663 -13.29220815
33.611295 -11.29695753
33.711928 -8.78147057
33.812560 -6.54158457
33.913193 -4.91818432
34.013826 -3.99300960
34.114458 -3.77478872
34.215091 -4.26958211
34.315724 -5.47754371
34.416356 -7.32209584
34.516989 -9.45077664
34.617621 -11.05053031
34.718254 -11.20981951
34.818887 -9.77650822
34.919519 -7.51943024
35.020152 -5.33520819
35.120785 -3.69073440
35.221417 -2.70829286
35.322050 -2.39791749
35.422682 -2.76444950
35.523315 -3.81862434
35.623948 -5.53560905
35.724580 -7.70361356
35.825213 -9.68559408
35.925846 -10.51461153
36.026478 -9.65745702
36.127111 -7.58519200
36.227743 -5.24627808
36.328376 -3.27964080
36.429009 -1.88701021
36.529641 -1.06650414
36.630274 -0.76089238
36.730906 -0.84386274
36.831539 -0.98917225
36.932172 -0.77274074
37.032804 -0.19168931
37.133437 0.42658795
37.234070 0.91507582
37.334702 1.27311751
37.435335 1.53384748
37.535967 1.72499589
37.636600 1.86591809
37.737233 1.96938996
37.837865 2.04300342
37.938498 2.09026816
38.039131 2.11519877
38.139763 2.12187619
38.240396 2.12112928
38.341028 2.11970658
38.441661 2.11815873
38.542294 2.11657483
38.642926 2.11497752
38.743559 2.11337394
38.844192 2.11176662
38.944824 2.11015666
39.045457 2.10854464
39.146089 2.10693094
39.246722 2.10531585
39.347355 2.10369956
39.447987 2.10208219
39.548620 2.10046384
39.649252 2.09884460
39.749885 2.09722466
39.850518 2.09560456
39.951150 2.09398582
40.051783 2.09237287
40.152416 2.09078027
40.253048 2.08926906
40.353681 2.08818472
40.454313 2.08826289
40.554946 2.08927208
40.655579 2.09058715
40.756211 2.09122742
40.856844 2.08969468
40.957477 2.08373718
41.058109 2.06998779
41.158742 2.04337197
41.259374 1.99653028
41.360007 1.91860131
41.460640 1.79536242
41.561272 1.61536911
41.661905 1.38745337
41.762538 1.16754921
41.863170 1.05077298
41.963803 1.09425750
42.064435 1.25568968
42.165068 1.43835075
42.265701 1.57181731
42.366333 1.63233311
42.466966 1.62062588
42.567598 1.54282095
42.668231 1.40366135
42.768864 1.20966426
42.869496 0.98237376
42.970129 0.77623412
43.070762 0.66618779
43.171394 0.67969711
43.272027 0.75316785
43.372659 0.78170450
43.473292 0.68584214
43.573925 0.43837107
43.674557 0.09060329
43.775190 -0.20118473
43.875823 -0.24726515
43.976455 0.00463394
44.077088 0.41828551
44.177720 0.81443272
44.278353 1.09904399
44.378986 1.25817230
44.479618 1.30634135
44.580251 1.25838005
44.680884 1.12127317
44.781516 0.89449955
44.882149 0.57528548
44.982781 0.17581392
45.083414 -0.23906819
45.184047 -0.53508777
45.284679 -0.59404007
45.385312 -0.43021757
45.485944 -0.14499847
45.586577 0.17648168
45.687210 0.45929549
45.787842 0.68182165
45.888475 0.89970681
45.989108 1.13375283
46.089740 1.34269374
46.190373 1.50341584
46.291005 1.62117313
46.391638 1.70696306
46.492271 1.76961742
46.592903 1.81534274
46.693536 1.84836640
46.794169 1.87144328
46.894801 1.88638392
46.995434 1.89417042
47.096066 1.89597256
47.196699 1.89489114
47.297332 1.89342947
47.397964 1.89186971
47.498597 1.89027588
47.599230 1.88866757
47.699862 1.88705237
47.800495 1.88543367
47.901127 1.88381313
48.001760 1.88219159
48.102393 1.88056949
48.203025 1.87894709
48.303658 1.87732453
48.404290 1.87570188
48.504923 1.87407918
48.605556 1.87245647
48.706188 1.87083375
48.806821 1.86921104
48.907454 1.86758903
49.008086 1.86597439
49.108719 1.86436781
49.209351 1.86276929
49.309984 1.86117883
49.410617 1.85959642
49.511249 1.85802208
49.611882 1.85645579
49.712515 1.85489755
49.813147 1.85334737
49.913780 1.85180524
50.014412 1.85027117
50.115045 1.84874515
50.215678 1.84722718
50.316310 1.84571726
50.416943 1.84421540
50.517576 1.84272158
50.618208 1.84123582
50.718841 1.83975811
50.819473 1.83828845
50.920106 1.83682684
51.020739 1.83537329
51.121371 1.83392778
51.222004 1.83249033
51.322636 1.83106092
51.423269 1.82963957
51.523902 1.82822627
51.624534 1.82682101
51.725167 1.82542381
51.825800 1.82403466
51.926432 1.82265356
52.027065 1.82128051
52.127697 1.81991551
52.228330 1.81855857
52.328963 1.81720967
52.429595 1.81586882
52.530228 1.81453602
52.630861 1.81321128
52.731493 1.81189458
52.832126 1.81058594
52.932758 1.80928534
53.033391 1.80799280
53.134024 1.80670830
53.234656 1.80543186
53.335289 1.80416347
53.435921 1.80290313
53.536554 1.80165083
53.637187 1.80040659
53.737819 1.79917040
53.838452 1.79794226
53.939085 1.79672217
54.039717 1.79551013
54.140350 1.79430614
54.240982 1.79311020
54.341615 1.79192231
54.442248 1.79074247
54.542880 1.78957069
54.643513 1.78840695
54.744146 1.78725126
54.844778 1.78610362
54.945411 1.78496404
55.046043 1.78383250
55.146676 1.78270901
55.247309 1.78159358
55.347941 1.78048619
55.448574 1.77938686
55.549207 1.77829557
55.649839 1.77721234
55.750472 1.77613715
55.851104 1.77507002
55.951737 1.77401094
56.052370 1.77295990
56.153002 1.77191692
56.253635 1.77088199
56.354267 1.76985511
56.454900 1.76883627
56.555533 1.76782549
56.656165 1.76682276
56.756798 1.76582808
56.857431 1.76484145
56.958063 1.76386287
57.058696 1.76289234
57.159328 1.76192986
57.259961 1.76097543
57.360594 1.76002905
57.461226 1.75909072
57.561859 1.75816045
57.662492 1.75723822
57.763124 1.75632404
57.863757 1.75541791
57.964389 1.75451984
58.065022 1.75362981
58.165655 1.75274784
58.266287 1.75187391
58.366920 1.75100804
58.467553 1.75015021
58.568185 1.74930044
58.668818 1.74845871
58.769450 1.74762504
58.870083 1.74679942
58.970716 1.74598184
59.071348 1.74517232
59.171981 1.74437085
59.272613 1.74357743
59.373246 1.74279206
59.473879 1.74201474
59.574511 1.74124547
59.675144 1.74048425
59.775777 1.73973108
59.876409 1.73898596
59.977042 1.73824889
60.077674 1.73751988
60.178307 1.73679891
60.278940 1.73608599
60.379572 1.73538113
60.480205 1.73468431
60.580838 1.73399555
60.681470 1.73331483
60.782103 1.73264217
60.882735 1.73197756
60.983368 1.73132099
61.084001 1.73067248
61.184633 1.73003202
61.285266 1.72939961
61.385899 1.72877525
61.486531 1.72815894
61.587164 1.72755068
61.687796 1.72695048
61.788429 1.72635832
61.889062 1.72577421
61.989694 1.72519816
62.090327 1.72463015
62.190959 1.72407020
62.291592 1.72351829
62.392225 1.72297444
62.492857 1.72243864
62.593490 1.72191089
62.694123 1.72139119
62.794755 1.72087954
62.895388 1.72037594
62.996020 1.71988039
63.096653 1.71939289
63.197286 1.71891344
63.297918 1.71844205
63.398551 1.71797870
63.499184 1.71752341
63.599816 1.71707617
63.700449 1.71663697
63.801081 1.71620583
63.901714 1.71578274
64.002347 1.71536770
64.102979 1.71496071
64.203612 1.71456178
64.304245 1.71417089
64.404877 1.71378805
64.505510 1.71341327
64.606142 1.71304653
64.706775 1.71268785
64.807408 1.71233722
64.908040 1.71199464
65.008673 1.71166011
65.109305 1.71133363
65.209938 1.71101520
65.310571 1.71070483
65.411203 1.71040250
65.511836 1.71010823
65.612469 1.70982201
65.713101 1.70954383
65.813734 1.70927371
65.914366 1.70901164
66.014999 1.70875762
66.115632 1.70851166
66.216264 1.70827374
66.316897 1.70804388
66.417530 1.70782206
66.518162 1.70760830
66.618795 1.70740259
66.719427 1.70720493
66.820060 1.70701532
66.920693 1.70683377
67.021325 1.70666026
67.121958 1.70649481
67.222591 1.70633740
67.323223 1.70618805
67.423856 1.70604675
67.524488 1.70591350
67.625121 1.70578831
67.725754 1.70567116
67.826386 1.70556207
67.927019 1.70546102
68.027651 1.70536803
68.128284 1.70528309
68.228917 1.70520620
68.329549 1.70513737
68.430182 1.70507658
68.530815 1.70502385
68.631447 1.70497916
68.732080 1.70494253
68.832712 1.70491395
68.933345 1.70489343
69.033978 1.70488095
69.134610 1.70487653
69.235243 1.70488015
69.335876 1.70489183
69.436508 1.70491156
69.537141 1.70493935
69.637773 1.70497518
69.738406 1.70501907
69.839039 1.70507101
69.939671 1.70513031
70.040304 1.70519031
70.140937 1.70525030
70.241569 1.70531029
70.342202 1.70537028
70.442834 1.70543027
70.543467 1.70549026
70.644100 1.70555030
70.744732 1.70561024
