0.100633 1.63145448
0.201265 1.63145789
0.301898 1.63145429
0.402530 1.63145394
0.503163 1.63145399
0.603796 1.63145405
0.704428 1.63145410
0.805061 1.63145415
0.905694 1.63145420
1.006326 1.63145425
1.106959 1.63145429
1.207591 1.63145432
1.308224 1.63145435
1.408857 1.63145437
1.509489 1.63145438
1.610122 1.63145439
1.710755 1.63145439
1.811387 1.63145439
1.912020 1.63145437
2.012652 1.63145434
2.113285 1.63145431
2.213918 1.63145427
2.314550 1.63145421
2.415183 1.63145415
2.515816 1.63145407
2.616448 1.63145398
2.717081 1.63145388
2.817713 1.63145377
2.918346 1.63145364
3.018979 1.63145350
3.119611 1.63145335
3.220244 1.63145318
3.320876 1.63145300
3.421509 1.63145280
3.522142 1.63145259
3.622774 1.63145236
3.723407 1.63145212
3.824040 1.63145186
3.924672 1.63145158
4.025305 1.63145128
4.125937 1.63145097
4.226570 1.63145063
4.327203 1.63145028
4.427835 1.63144991
4.528468 1.63144952
4.629101 1.63144911
4.729733 1.63144868
4.830366 1.63144823
4.930998 1.63144775
5.031631 1.63144726
5.132264 1.63144674
5.232896 1.63144620
5.333529 1.63144565
5.434162 1.63144506
5.534794 1.63144446
5.635427 1.63144382
5.736059 1.63144317
5.836692 1.63144249
5.937325 1.63144179
6.037957 1.63144106
6.138590 1.63144031
6.239222 1.63143954
6.339855 1.63143873
6.440488 1.63143790
6.541120 1.63143705
6.641753 1.63143617
6.742386 1.63143526
6.843018 1.63143433
6.943651 1.63143337
7.044283 1.63143238
7.144916 1.63143136
7.245549 1.63143031
7.346181 1.63142924
7.446814 1.63142814
7.547447 1.63142702
7.648079 1.63142585
7.748712 1.63142467
7.849344 1.63142345
7.949977 1.63142221
8.050610 1.63142093
8.151242 1.63141963
8.251875 1.63141830
8.352508 1.63141694
8.453140 1.63141554
8.553773 1.63141412
8.654405 1.63141266
8.755038 1.63141119
8.855671 1.63140967
8.956303 1.63140813
9.056936 1.63140655
9.157568 1.63140495
9.258201 1.63140331
9.358834 1.63140165
9.459466 1.63139995
9.560099 1.63139823
9.660732 1.63139647
9.761364 1.63139469
9.861997 1.63139286
9.962629 1.63139102
10.063262 1.63138914
10.163895 1.63138723
10.264527 1.63138529
10.365160 1.63138333
10.465793 1.63138132
10.566425 1.63137930
10.667058 1.63137723
10.767690 1.63137515
10.868323 1.63137302
10.968956 1.63137088
11.069588 1.63136869
11.170221 1.63136649
11.270853 1.63136425
11.371486 1.63136199
11.472119 1.63135968
11.572751 1.63135737
11.673384 1.63135501
11.774017 1.63135263
11.874649 1.63135022
11.975282 1.63134779
12.075914 1.63134532
12.176547 1.63134284
12.277180 1.63134031
12.377812 1.63133777
12.478445 1.63133519
12.579078 1.63133261
12.679710 1.63132998
12.780343 1.63132734
12.880975 1.63132466
12.981608 1.63132197
13.082241 1.63131924
13.182873 1.63131650
13.283506 1.63131372
13.384139 1.63131094
13.484771 1.63130812
13.585404 1.63130529
13.686036 1.63130242
13.786669 1.63129955
13.887302 1.63129664
13.987934 1.63129373
14.088567 1.63129077
14.189199 1.63128782
14.289832 1.63128483
14.390465 1.63128184
14.491097 1.63127881
14.591730 1.63127578
14.692363 1.63127271
14.792995 1.63126965
14.893628 1.63126655
14.994260 1.63126345
15.094893 1.63126032
15.195526 1.63125719
15.296158 1.63125402
15.396791 1.63125086
15.497424 1.63124766
15.598056 1.63124447
15.698689 1.63124124
15.799321 1.63123802
15.899954 1.63123475
16.000587 1.63123150
16.101219 1.63122820
16.201852 1.63122491
16.302485 1.63122158
16.403117 1.63121825
16.503750 1.63121487
16.604382 1.63121150
16.705015 1.63120807
16.805648 1.63120464
16.906280 1.63120116
17.006913 1.63119766
17.107545 1.63119410
17.208178 1.63119051
17.308811 1.63118685
17.409443 1.63118314
17.510076 1.63117934
17.610709 1.63117548
17.711341 1.63117151
17.811974 1.63116744
17.912606 1.63116323
18.013239 1.63115888
18.113872 1.63115433
18.214504 1.63114960
18.315137 1.63114461
18.415770 1.63113936
18.516402 1.63113376
18.617035 1.63112780
18.717667 1.63112137
18.818300 1.63111443
18.918933 1.63110687
19.019565 1.63109861
19.120198 1.63108950
19.220831 1.63107942
19.321463 1.63106818
19.422096 1.63105562
19.522728 1.63104147
19.623361 1.63102549
19.723994 1.63100735
19.824626 1.63098670
19.925259 1.63096308
20.025891 1.63093600
20.126524 1.63090483
20.227157 1.63086889
20.327789 1.63082732
20.428422 1.63077916
20.529055 1.63072321
20.629687 1.63065812
20.730320 1.63058224
20.830952 1.63049364
20.931585 1.63039000
21.032218 1.63026861
21.132850 1.63012616
21.233483 1.62995876
21.334116 1.62976171
21.434748 1.62952939
21.535381 1.62925498
21.636013 1.62893029
21.736646 1.62854529
21.837279 1.62808785
21.937911 1.62754303
22.038544 1.62689250
22.139177 1.62611353
22.239809 1.62517788
22.340442 1.62405012
22.441074 1.62268568
22.541707 1.62102788
22.642340 1.61900436
22.742972 1.61652180
22.843605 1.61345919
22.944237 1.60965812
23.044870 1.60491001
23.145503 1.59893758
23.246135 1.59137048
23.346768 1.58170915
23.447401 1.56927754
23.548033 1.55315204
23.648666 1.53206826
23.749298 1.50428043
23.849931 1.46737576
23.950564 1.41799687
24.051196 1.35147089
24.151829 1.26127197
24.252462 1.13828850
24.353094 0.96984717
24.453727 0.73827336
24.554359 0.41935056
24.654992 -0.01979520
24.755625 -0.61482260
24.856257 -1.35002514
24.956890 -2.02006134
25.057523 -2.31555972
25.158155 -2.33698658
25.258788 -2.52918964
25.359420 -3.17568558
25.460053 -4.37725158
25.560686 -6.17356804
25.661318 -8.51940183
25.761951 -11.11259909
25.862583 -13.19299568
25.963216 -13.78675973
26.063849 -12.55989868
26.164481 -10.19755934
26.265114 -7.69421545
26.365747 -5.65589810
26.466379 -4.29070303
26.567012 -3.63806860
26.667644 -3.70073546
26.768277 -4.48451805
26.868910 -5.97146212
26.969542 -7.99965539
27.070175 -10.03157681
27.170808 -11.12516009
27.271440 -10.58614278
27.372073 -8.69869216
27.472705 -6.40171023
27.573338 -4.44408817
27.673971 -3.12660985
27.774603 -2.50549954
27.875236 -2.57682684
27.975869 -3.34241764
28.076501 -4.80164893
28.177134 -6.87557088
28.277766 -9.20422441
28.378399 -10.96844087
28.479032 -11.27166511
28.579664 -9.99819904
28.680297 -7.94423783
28.780929 -6.01248085
28.881562 -4.66965636
28.982195 -4.03883650
29.082827 -4.12748778
29.183460 -4.93061673
29.284093 -6.44034164
29.384725 -8.60183511
29.485358 -11.15975992
29.585990 -13.42670264
29.686623 -14.39604674
29.787256 -13.52486695
29.887888 -11.31203475
29.988521 -8.76342572
30.089154 -6.58845821
30.189786 -5.05736928
30.290419 -4.22980248
30.391051 -4.11419942
30.491684 -4.71549050
30.592317 -6.02837338
30.692949 -7.93961320
30.793582 -10.00400661
30.894215 -11.33372969
30.994847 -11.10730976
31.095480 -9.39146872
31.196112 -7.06573131
31.296745 -4.96778352
31.397378 -3.47725682
31.498010 -2.68098247
31.598643 -2.58067174
31.699275 -3.17385810
31.799908 -4.46484357
31.900541 -6.40297337
32.001173 -8.70442700
32.101806 -10.64118299
32.202439 -11.26568216
32.303071 -10.24642415
32.403704 -8.24289901
32.504336 -6.20485903
32.604969 -4.69126071
32.705602 -3.87470758
32.806234 -3.77419590
32.906867 -4.38205172
33.007500 -5.69478515
33.108132 -7.67722723
33.208765 -10.13732829
33.309397 -12.49743751
33.410030 -13.77724046
33.510663 -13.26303081
33.611295 -11.25013314
33.711928 -8.71510577
33.812560 -6.45404880
33.913193 -4.80785282
34.013826 -3.85798583
34.114458 -3.61266280
34.215091 -4.07722347
34.315724 -5.25087036
34.416356 -7.05589993
34.516989 -9.13878324
34.617621 -10.68588430
34.718254 -10.78665669
34.818887 -9.29309203
34.919519 -6.98171845
35.020152 -4.75869225
35.120785 -3.09897397
35.221417 -2.12817114
35.322050 -1.85368366
35.422682 -2.27362376
35.523315 -3.39122232
35.623948 -5.17511331
35.724580 -7.40911697
35.825213 -9.45376553
35.925846 -10.34102922
36.026478 -9.53787293
36.127111 -7.51679329
36.227743 -5.22815801
36.328376 -3.31186033
36.429009 -1.96840639
36.529641 -1.19170392
36.630274 -0.91733191
36.730906 -1.01039502
36.831539 -1.13804653
36.932172 -0.87447432
37.032804 -0.22042488
37.133437 0.48828506
37.234070 1.07550461
37.334702 1.53390514
37.435335 1.89250204
37.535967 2.17687089
37.636600 2.40492863
37.737233 2.58804854
37.837865 2.73312165
37.938498 2.84347565
38.039131 2.92135902
38.139763 2.96803833
38.240396 2.99663143
38.341028 3.01838414
38.441661 3.03476434
38.542294 3.04622286
38.642926 3.05301274
38.743559 3.05602882
38.844192 3.05787322
38.944824 3.05941219
39.045457 3.06084481
39.146089 3.06222904
39.246722 3.06358760
39.347355 3.06493147
39.447987 3.06626666
39.548620 3.06759682
39.649252 3.06892444
39.749885 3.07025164
39.850518 3.07158083
39.951150 3.07291571
40.051783 3.07426353
40.152416 3.07564303
40.253048 3.07712317
40.353681 3.07907686
40.454313 3.08229563
40.554946 3.08654677
40.655579 3.09119241
40.756211 3.09523776
40.856844 3.09716964
40.957477 3.09472075
41.058109 3.08450753
41.158742 3.06143923
41.259374 3.01814177
41.360007 2.94374179
41.460640 2.82400922
41.561272 2.64749761
41.661905 2.42303925
41.762538 2.20656344
41.863170 2.09317353
41.963803 2.13999396
42.064435 2.30472066
42.165068 2.49065864
42.265701 2.62741578
42.366333 2.69126890
42.466966 2.68297634
42.567598 2.60868655
42.668231 2.47315335
42.768864 2.28289047
42.869496 2.05942468
42.970129 1.85717004
43.070762 1.75102779
43.171394 1.76841750
43.272027 1.84570811
43.372659 1.87798058
43.473292 1.78576735
43.573925 1.54187855
43.674557 1.19766762
43.775190 0.90946078
43.875823 0.86702551
43.976455 1.12263994
44.077088 1.54004165
44.177720 1.93993803
44.278353 2.22829408
44.378986 2.39117918
44.479618 2.44313830
44.580251 2.39901879
44.680884 2.26581513
44.781516 2.04300666
44.882149 1.72781080
44.982781 1.33238879
45.083414 0.92155017
45.184047 0.62952512
45.284679 0.57448900
45.385312 0.74215163
45.485944 1.03116878
45.586577 1.35645021
45.687210 1.64311280
45.787842 1.86957452
45.888475 2.09150968
45.989108 2.32973118
46.089740 2.54296568
46.190373 2.70807671
46.291005 2.83028582
46.391638 2.92055017
46.492271 2.98765707
46.592903 3.03776498
46.693536 3.07504822
46.794169 3.10220113
46.894801 3.12097386
46.995434 3.13229648
47.096066 3.13732865
47.196699 3.13930031
47.297332 3.14084411
47.397964 3.14226555
47.498597 3.14363801
47.599230 3.14498622
47.699862 3.14632101
47.800495 3.14764785
47.901127 3.14896981
48.001760 3.15028865
48.102393 3.15160547
48.203025 3.15292095
48.303658 3.15423553
48.404290 3.15554950
48.504923 3.15686305
48.605556 3.15817632
48.706188 3.15948938
48.806821 3.16080230
48.907454 3.16211459
49.008086 3.16342114
49.108719 3.16472145
49.209351 3.16601552
49.309984 3.16730338
49.410617 3.16858502
49.511249 3.16986046
49.611882 3.17112969
49.712515 3.17239272
49.813147 3.17364956
49.913780 3.17490020
50.014412 3.17614464
50.115045 3.17738289
50.215678 3.17861495
50.316310 3.17984082
50.416943 3.18106049
50.517576 3.18227397
50.618208 3.18348126
50.718841 3.18468236
50.819473 3.18587726
50.920106 3.18706597
51.020739 3.18824850
51.121371 3.18942483
51.222004 3.19059497
51.322636 3.19175891
51.423269 3.19291667
51.523902 3.19406824
51.624534 3.19521361
51.725167 3.19635279
51.825800 3.19748578
51.926432 3.19861258
52.027065 3.19973319
52.127697 3.20084761
52.228330 3.20195583
52.328963 3.20305787
52.429595 3.20415371
52.530228 3.20524336
52.630861 3.20632682
52.731493 3.20740409
52.832126 3.20847516
52.932758 3.20954005
53.033391 3.21059874
53.134024 3.21165124
53.234656 3.21269755
53.335289 3.21373767
53.435921 3.21477160
53.536554 3.21579933
53.637187 3.21682087
53.737819 3.21783622
53.838452 3.21884538
53.939085 3.21984835
54.039717 3.22084512
54.140350 3.22183571
54.240982 3.22282010
54.341615 3.22379830
54.442248 3.22477030
54.542880 3.22573612
54.643513 3.22669574
54.744146 3.22764917
54.844778 3.22859641
54.945411 3.22953746
55.046043 3.23047231
55.146676 3.23140097
55.247309 3.23232344
55.347941 3.23323972
55.448574 3.23414981
55.549207 3.23505370
55.649839 3.23595140
55.750472 3.23684291
55.851104 3.23772822
55.951737 3.23860735
56.052370 3.23948028
56.153002 3.24034702
56.253635 3.24120756
56.354267 3.24206191
56.454900 3.24291008
56.555533 3.24375204
56.656165 3.24458782
56.756798 3.24541740
56.857431 3.24624079
56.958063 3.24705799
57.058696 3.24786899
57.159328 3.24867381
57.259961 3.24947243
57.360594 3.25026485
57.461226 3.25105109
57.561859 3.25183113
57.662492 3.25260498
57.763124 3.25337263
57.863757 3.25413409
57.964389 3.25488936
58.065022 3.25563844
58.165655 3.25638132
58.266287 3.25711802
58.366920 3.25784851
58.467553 3.25857282
58.568185 3.25929093
58.668818 3.26000285
58.769450 3.26070857
58.870083 3.26140811
58.970716 3.26210145
59.071348 3.26278859
59.171981 3.26346955
59.272613 3.26414431
59.373246 3.26481287
59.473879 3.26547525
59.574511 3.26613143
59.675144 3.26678142
59.775777 3.26742521
59.876409 3.26806281
59.977042 3.26869422
60.077674 3.26931943
60.178307 3.26993845
60.278940 3.27055128
60.379572 3.27115792
60.480205 3.27175836
60.580838 3.27235260
60.681470 3.27294066
60.782103 3.27352252
60.882735 3.27409819
60.983368 3.27466766
61.084001 3.27523094
61.184633 3.27578803
61.285266 3.27633893
61.385899 3.27688363
61.486531 3.27742213
61.587164 3.27795445
61.687796 3.27848057
61.788429 3.27900049
61.889062 3.27951423
61.989694 3.28002177
62.090327 3.28052311
62.190959 3.28101827
62.291592 3.28150723
62.392225 3.28198999
62.492857 3.28246656
62.593490 3.28293694
62.694123 3.28340113
62.794755 3.28385912
62.895388 3.28431092
62.996020 3.28475652
63.096653 3.28519593
63.197286 3.28562915
63.297918 3.28605617
63.398551 3.28647700
63.499184 3.28689164
63.599816 3.28730008
63.700449 3.28770233
63.801081 3.28809839
63.901714 3.28848825
64.002347 3.28887192
64.102979 3.28924939
64.203612 3.28962067
64.304245 3.28998576
64.404877 3.29034465
64.505510 3.29069735
64.606142 3.29104386
64.706775 3.29138417
64.807408 3.29171829
64.908040 3.29204621
65.008673 3.29236795
65.109305 3.29268348
65.209938 3.29299283
65.310571 3.29329598
65.411203 3.29359293
65.511836 3.29388370
65.612469 3.29416827
65.713101 3.29444664
65.813734 3.29471882
65.914366 3.29498481
66.014999 3.29524461
66.115632 3.29549821
66.216264 3.29574562
66.316897 3.29598683
66.417530 3.29622185
66.518162 3.29645067
66.618795 3.29667331
66.719427 3.29688975
66.820060 3.29709999
66.920693 3.29730404
67.021325 3.29750190
67.121958 3.29769356
67.222591 3.29787903
67.323223 3.29805831
67.423856 3.29823139
67.524488 3.29839828
67.625121 3.29855898
67.725754 3.29871348
67.826386 3.29886178
67.927019 3.29900390
68.027651 3.29913982
68.128284 3.29926955
68.228917 3.29939308
68.329549 3.29951042
68.430182 3.29962156
68.530815 3.29972651
68.631447 3.29982527
68.732080 3.29991784
68.832712 3.30000421
68.933345 3.30008438
69.033978 3.30015837
69.134610 3.30022616
69.235243 3.30028775
69.335876 3.30034315
69.436508 3.30039236
69.537141 3.30043538
69.637773 3.30047220
69.738406 3.30050282
69.839039 3.30052725
69.939671 3.30054602
70.040304 3.30056426
70.140937 3.30058250
70.241569 3.30060074
70.342202 3.30061898
70.442834 3.30063722
70.543467 3.30065545
70.644100 3.30067366
70.744732 3.30069193
