0.100633 1.62964828
0.201265 1.62965249
0.301898 1.62964800
0.402530 1.62964755
0.503163 1.62964760
0.603796 1.62964767
0.704428 1.62964773
0.805061 1.62964780
0.905694 1.62964786
1.006326 1.62964793
1.106959 1.62964800
1.207591 1.62964808
1.308224 1.62964815
1.408857 1.62964823
1.509489 1.62964831
1.610122 1.62964840
1.710755 1.62964849
1.811387 1.62964858
1.912020 1.62964868
2.012652 1.62964878
2.113285 1.62964888
2.213918 1.62964899
2.314550 1.62964911
2.415183 1.62964922
2.515816 1.62964935
2.616448 1.62964948
2.717081 1.62964962
2.817713 1.62964976
2.918346 1.62964991
3.018979 1.62965006
3.119611 1.62965022
3.220244 1.62965039
3.320876 1.62965057
3.421509 1.62965075
3.522142 1.62965094
3.622774 1.62965114
3.723407 1.62965134
3.824040 1.62965156
3.924672 1.62965178
4.025305 1.62965201
4.125937 1.62965225
4.226570 1.62965250
4.327203 1.62965276
4.427835 1.62965303
4.528468 1.62965331
4.629101 1.62965360
4.729733 1.62965390
4.830366 1.62965420
4.930998 1.62965452
5.031631 1.62965485
5.132264 1.62965520
5.232896 1.62965555
5.333529 1.62965591
5.434162 1.62965629
5.534794 1.62965668
5.635427 1.62965708
5.736059 1.62965750
5.836692 1.62965792
5.937325 1.62965836
6.037957 1.62965881
6.138590 1.62965928
6.239222 1.62965976
6.339855 1.62966026
6.440488 1.62966076
6.541120 1.62966129
6.641753 1.62966182
6.742386 1.62966238
6.843018 1.62966294
6.943651 1.62966352
7.044283 1.62966412
7.144916 1.62966474
7.245549 1.62966537
7.346181 1.62966601
7.446814 1.62966667
7.547447 1.62966735
7.648079 1.62966805
7.748712 1.62966876
7.849344 1.62966949
7.949977 1.62967024
8.050610 1.62967100
8.151242 1.62967179
8.251875 1.62967259
8.352508 1.62967341
8.453140 1.62967424
8.553773 1.62967510
8.654405 1.62967597
8.755038 1.62967687
8.855671 1.62967778
8.956303 1.62967872
9.056936 1.62967967
9.157568 1.62968064
9.258201 1.62968163
9.358834 1.62968264
9.459466 1.62968368
9.560099 1.62968473
9.660732 1.62968580
9.761364 1.62968690
9.861997 1.62968801
9.962629 1.62968915
10.063262 1.62969030
10.163895 1.62969148
10.264527 1.62969268
10.365160 1.62969390
10.465793 1.62969514
10.566425 1.62969640
10.667058 1.62969769
10.767690 1.62969899
10.868323 1.62970032
10.968956 1.62970167
11.069588 1.62970304
11.170221 1.62970443
11.270853 1.62970584
11.371486 1.62970727
11.472119 1.62970873
11.572751 1.62971021
11.673384 1.62971171
11.774017 1.62971323
11.874649 1.62971477
11.975282 1.62971633
12.075914 1.62971792
12.176547 1.62971952
12.277180 1.62972115
12.377812 1.62972279
12.478445 1.62972446
12.579078 1.62972614
12.679710 1.62972785
12.780343 1.62972957
12.880975 1.62973131
12.981608 1.62973307
13.082241 1.62973485
13.182873 1.62973665
13.283506 1.62973846
13.384139 1.62974029
13.484771 1.62974214
13.585404 1.62974400
13.686036 1.62974587
13.786669 1.62974776
13.887302 1.62974967
13.987934 1.62975159
14.088567 1.62975352
14.189199 1.62975546
14.289832 1.62975742
14.390465 1.62975938
14.491097 1.62976136
14.591730 1.62976334
14.692363 1.62976534
14.792995 1.62976734
14.893628 1.62976934
14.994260 1.62977135
15.094893 1.62977337
15.195526 1.62977539
15.296158 1.62977741
15.396791 1.62977943
15.497424 1.62978145
15.598056 1.62978347
15.698689 1.62978549
15.799321 1.62978750
15.899954 1.62978950
16.000587 1.62979149
16.101219 1.62979348
16.201852 1.62979545
16.302485 1.62979740
16.403117 1.62979934
16.503750 1.62980126
16.604382 1.62980314
16.705015 1.62980500
16.805648 1.62980683
16.906280 1.62980862
17.006913 1.62981036
17.107545 1.62981205
17.208178 1.62981368
17.308811 1.62981524
17.409443 1.62981672
17.510076 1.62981812
17.610709 1.62981941
17.711341 1.62982058
17.811974 1.62982161
17.912606 1.62982249
18.013239 1.62982318
18.113872 1.62982367
18.214504 1.62982391
18.315137 1.62982387
18.415770 1.62982350
18.516402 1.62982277
18.617035 1.62982159
18.717667 1.62981991
18.818300 1.62981764
18.918933 1.62981470
19.019565 1.62981096
19.120198 1.62980631
19.220831 1.62980058
19.321463 1.62979362
19.422096 1.62978520
19.522728 1.62977509
19.623361 1.62976302
19.723994 1.62974865
19.824626 1.62973159
19.925259 1.62971141
20.025891 1.62968756
20.126524 1.62965944
20.227157 1.62962630
20.327789 1.62958729
20.428422 1.62954139
20.529055 1.62948743
20.629687 1.62942397
20.730320 1.62934936
20.830952 1.62926163
20.931585 1.62915844
21.032218 1.62903699
21.132850 1.62889398
21.233483 1.62872545
21.334116 1.62852665
21.434748 1.62829191
21.535381 1.62801437
21.636013 1.62768575
21.736646 1.62729602
21.837279 1.62683294
21.937911 1.62628154
22.038544 1.62562341
22.139177 1.62483579
22.239809 1.62389037
22.340442 1.62275171
22.441074 1.62137516
22.541707 1.61970404
22.642340 1.61766598
22.742972 1.61516766
22.843605 1.61208812
22.944237 1.60826899
23.044870 1.60350182
23.145503 1.59750944
23.246135 1.58992172
23.346768 1.58023934
23.447401 1.56778661
23.548033 1.55164032
23.648666 1.53053661
23.749298 1.50273033
23.849931 1.46580951
23.950564 1.41641764
24.051196 1.34988305
24.151829 1.25968111
24.252462 1.13670182
24.353094 0.96827346
24.453727 0.73672330
24.554359 0.41783641
24.654992 -0.02125951
24.755625 -0.61622227
24.856257 -1.35134467
24.956890 -2.02128615
25.057523 -2.31680970
25.158155 -2.33821421
25.258788 -2.53037698
25.359420 -3.17683077
25.460053 -4.37836028
25.560686 -6.17465052
25.661318 -8.52047194
25.761951 -11.11367485
25.862583 -13.19409934
25.963216 -13.78791761
26.063849 -12.56113907
26.164481 -10.19890865
26.265114 -7.69569538
26.365747 -5.65752523
26.466379 -4.29248825
26.567012 -3.64001766
26.667644 -3.70284946
26.768277 -4.48679505
26.868910 -5.97389813
26.969542 -8.00224226
27.070175 -10.03429751
27.170808 -11.12798140
27.271440 -10.58901415
27.372073 -8.70155313
27.472705 -6.40449949
27.573338 -4.44675359
27.673971 -3.12912210
27.774603 -2.50785749
27.875236 -2.57904241
27.975869 -3.34450957
28.076501 -4.80364957
28.177134 -6.87752473
28.277766 -9.20617755
28.378399 -10.97043492
28.479032 -11.27373517
28.579664 -10.00036914
28.680297 -7.94651957
28.780929 -6.01487845
28.881562 -4.67217274
28.982195 -4.04147707
29.082827 -4.13026025
29.183460 -4.93353083
29.284093 -6.44340913
29.384725 -8.60507001
29.485358 -11.16317800
29.585990 -13.43031962
29.686623 -14.39987588
29.787256 -13.52891619
29.887888 -11.31630439
29.988521 -8.76790650
30.089154 -6.59313099
30.189786 -5.06220722
30.290419 -4.23477404
30.391051 -4.11927320
30.491684 -4.72064161
30.592317 -6.03359080
30.692949 -7.94490571
30.793582 -10.00940588
30.894215 -11.33928941
30.994847 -11.11309880
31.095480 -9.39755552
31.196112 -7.07216830
31.296745 -4.97460719
31.397378 -3.48450055
31.498010 -2.68868531
31.598643 -2.58886920
31.699275 -3.18257114
31.799908 -4.47408534
31.900541 -6.41275728
32.001173 -8.71475336
32.101806 -10.65202366
32.202439 -11.27697269
32.303071 -10.25807969
32.403704 -8.25484644
32.504336 -6.21704611
32.604969 -4.70364262
32.705602 -3.88723107
32.806234 -3.78678486
32.906867 -4.39459669
33.007500 -5.70714000
33.108132 -7.68920805
33.208765 -10.14871570
33.309397 -12.50798834
33.410030 -13.78669838
33.510663 -13.27115795
33.611295 -11.25677783
33.711928 -8.72023412
33.812560 -6.45771058
33.913193 -4.81012929
34.013826 -3.85894047
34.114458 -3.61230860
34.215091 -4.07550733
34.315724 -5.24766171
34.416356 -7.05098566
34.516989 -9.13187756
34.617621 -10.67662635
34.718254 -10.77462494
34.818887 -9.27789755
34.919519 -6.96310511
35.020152 -4.73653744
35.120785 -3.07320717
35.221417 -2.09866741
35.322050 -1.82020643
35.422682 -2.23589418
35.523315 -3.34902445
35.623948 -5.12810669
35.724580 -7.35670520
35.825213 -9.39502455
35.925846 -10.27470581
36.026478 -9.46260722
36.127111 -7.43151990
36.227743 -5.13236572
36.328376 -3.20552763
36.429009 -1.85177578
36.529641 -1.06510135
36.630274 -0.78102748
36.730906 -0.86447398
36.831539 -0.98236946
36.932172 -0.70869855
37.032804 -0.04409265
37.133437 0.67560690
37.234070 1.27410659
37.334702 1.74387218
37.435335 2.11364329
37.535967 2.40871270
37.636600 2.64663605
37.737233 2.83836796
37.837865 2.99054091
37.938498 3.10642005
38.039131 3.18823491
38.139763 3.23725590
38.240396 3.26727318
38.341028 3.29017176
38.441661 3.30751696
38.542294 3.31979713
38.642926 3.32728745
38.743559 3.33091264
38.844192 3.33333445
38.944824 3.33543993
39.045457 3.33743390
39.146089 3.33937651
39.246722 3.34129161
39.347355 3.34319086
39.447987 3.34508069
39.548620 3.34696506
39.649252 3.34884669
39.749885 3.35072790
39.850518 3.35261133
39.951150 3.35450093
40.051783 3.35640432
40.152416 3.35834077
40.253048 3.36038034
40.353681 3.36289972
40.454313 3.36669911
40.554946 3.37154645
40.655579 3.37680275
40.756211 3.38147154
40.856844 3.38403766
40.957477 3.38223152
41.058109 3.37266703
41.158742 3.35025082
41.259374 3.30760633
41.360007 3.23385809
41.460640 3.11477449
41.561272 2.93890850
41.661905 2.71509211
41.762538 2.49925358
41.863170 2.38649385
41.963803 2.43393592
42.064435 2.59927734
42.165068 2.78582743
42.265701 2.92319973
42.366333 2.98767700
42.466966 2.98002306
42.567598 2.90639049
42.668231 2.77153495
42.768864 2.58196954
42.869496 2.35921785
42.970129 2.15768863
43.070762 2.05227575
43.171394 2.07039112
43.272027 2.14839686
43.372659 2.18136959
43.473292 2.08984102
43.573925 1.84662481
43.674557 1.50308182
43.775190 1.21554748
43.875823 1.17379668
43.976455 1.43010861
44.077088 1.84821408
44.177720 2.24881356
44.278353 2.53787140
44.378986 2.70146021
44.479618 2.75412907
44.580251 2.71072895
44.680884 2.57825626
44.781516 2.35619054
44.882149 2.04174759
44.982781 1.64708460
45.083414 1.23700396
45.184047 0.94572765
45.284679 0.89142542
45.385312 1.05980759
45.485944 1.34953642
45.586577 1.67553035
45.687210 1.96291448
45.787842 2.19011415
45.888475 2.41280872
45.989108 2.65181323
46.089740 2.86585300
46.190373 3.03178747
46.291005 3.15483216
46.391638 3.24593667
46.492271 3.31387993
46.592903 3.36481132
46.693536 3.40289513
46.794169 3.43081427
46.894801 3.45030768
46.995434 3.46229559
47.096066 3.46793594
47.196699 3.47048253
47.297332 3.47259227
47.397964 3.47457505
47.498597 3.47650604
47.599230 3.47841092
47.699862 3.48030114
47.800495 3.48218258
47.901127 3.48405854
48.001760 3.48593099
48.102393 3.48780114
48.203025 3.48966976
48.303658 3.49153733
48.404290 3.49340419
48.504923 3.49527056
48.605556 3.49713658
48.706188 3.49900237
48.806821 3.50086798
48.907454 3.50273270
49.008086 3.50458922
49.108719 3.50643679
49.209351 3.50827543
49.309984 3.51010515
49.410617 3.51192597
49.511249 3.51373789
49.611882 3.51554091
49.712515 3.51733504
49.813147 3.51912028
49.913780 3.52089664
50.014412 3.52266411
50.115045 3.52442270
50.215678 3.52617240
50.316310 3.52791323
50.416943 3.52964517
50.517576 3.53136823
50.618208 3.53308241
50.718841 3.53478771
50.819473 3.53648412
50.920106 3.53817166
51.020739 3.53985032
51.121371 3.54152010
51.222004 3.54318099
51.322636 3.54483301
51.423269 3.54647615
51.523902 3.54811040
51.624534 3.54973578
51.725167 3.55135228
51.825800 3.55295990
51.926432 3.55455863
52.027065 3.55614849
52.127697 3.55772947
52.228330 3.55930157
52.328963 3.56086479
52.429595 3.56241913
52.530228 3.56396459
52.630861 3.56550117
52.731493 3.56702887
52.832126 3.56854769
52.932758 3.57005763
53.033391 3.57155869
53.134024 3.57305087
53.234656 3.57453417
53.335289 3.57600859
53.435921 3.57747413
53.536554 3.57893080
53.637187 3.58037858
53.737819 3.58181748
53.838452 3.58324750
53.939085 3.58466865
54.039717 3.58608091
54.140350 3.58748429
54.240982 3.58887880
54.341615 3.59026442
54.442248 3.59164117
54.542880 3.59300903
54.643513 3.59436802
54.744146 3.59571812
54.844778 3.59705935
54.945411 3.59839170
55.046043 3.59971516
55.146676 3.60102975
55.247309 3.60233546
55.347941 3.60363229
55.448574 3.60492023
55.549207 3.60619930
55.649839 3.60746949
55.750472 3.60873080
55.851104 3.60998323
55.951737 3.61122678
56.052370 3.61246145
56.153002 3.61368724
56.253635 3.61490415
56.354267 3.61611218
56.454900 3.61731133
56.555533 3.61850160
56.656165 3.61968300
56.756798 3.62085551
56.857431 3.62201914
56.958063 3.62317389
57.058696 3.62431977
57.159328 3.62545676
57.259961 3.62658487
57.360594 3.62770411
57.461226 3.62881446
57.561859 3.62991594
57.662492 3.63100853
57.763124 3.63209225
57.863757 3.63316708
57.964389 3.63423304
58.065022 3.63529012
58.165655 3.63633831
58.266287 3.63737763
58.366920 3.63840807
58.467553 3.63942962
58.568185 3.64044230
58.668818 3.64144610
58.769450 3.64244102
58.870083 3.64342706
58.970716 3.64440422
59.071348 3.64537250
59.171981 3.64633190
59.272613 3.64728242
59.373246 3.64822406
59.473879 3.64915682
59.574511 3.65008070
59.675144 3.65099570
59.775777 3.65190182
59.876409 3.65279906
59.977042 3.65368742
60.077674 3.65456691
60.178307 3.65543751
60.278940 3.65629923
60.379572 3.65715207
60.480205 3.65799604
60.580838 3.65883112
60.681470 3.65965732
60.782103 3.66047465
60.882735 3.66128309
60.983368 3.66208266
61.084001 3.66287334
61.184633 3.66365515
61.285266 3.66442807
61.385899 3.66519212
61.486531 3.66594728
61.587164 3.66669357
61.687796 3.66743097
61.788429 3.66815950
61.889062 3.66887915
61.989694 3.66958991
62.090327 3.67029180
62.190959 3.67098481
62.291592 3.67166893
62.392225 3.67234418
62.492857 3.67301055
62.593490 3.67366803
62.694123 3.67431664
62.794755 3.67495637
62.895388 3.67558722
62.996020 3.67620919
63.096653 3.67682227
63.197286 3.67742648
63.297918 3.67802181
63.398551 3.67860826
63.499184 3.67918583
63.599816 3.67975452
63.700449 3.68031432
63.801081 3.68086525
63.901714 3.68140730
64.002347 3.68194047
64.102979 3.68246476
64.203612 3.68298017
64.304245 3.68348670
64.404877 3.68398435
64.505510 3.68447312
64.606142 3.68495301
64.706775 3.68542401
64.807408 3.68588614
64.908040 3.68633939
65.008673 3.68678376
65.109305 3.68721925
65.209938 3.68764586
65.310571 3.68806359
65.411203 3.68847244
65.511836 3.68887241
65.612469 3.68926350
65.713101 3.68964570
65.813734 3.69001903
65.914366 3.69038348
66.014999 3.69073905
66.115632 3.69108574
66.216264 3.69142355
66.316897 3.69175247
66.417530 3.69207252
66.518162 3.69238369
66.618795 3.69268598
66.719427 3.69297939
66.820060 3.69326391
66.920693 3.69353956
67.021325 3.69380633
67.121958 3.69406422
67.222591 3.69431322
67.323223 3.69455335
67.423856 3.69478460
67.524488 3.69500696
67.625121 3.69522045
67.725754 3.69542505
67.826386 3.69562078
67.927019 3.69580763
68.027651 3.69598559
68.128284 3.69615468
68.228917 3.69631488
68.329549 3.69646620
68.430182 3.69660865
68.530815 3.69674221
68.631447 3.69686690
68.732080 3.69698270
68.832712 3.69708962
68.933345 3.69718766
69.033978 3.69727683
69.134610 3.69735711
69.235243 3.69742851
69.335876 3.69749103
69.436508 3.69754467
69.537141 3.69758943
69.637773 3.69762531
69.738406 3.69765230
69.839039 3.69767042
69.939671 3.69768042
70.040304 3.69768966
70.140937 3.69769889
70.241569 3.69770813
70.342202 3.69771737
70.442834 3.69772660
70.543467 3.69773584
70.644100 3.69774503
70.744732 3.69775431
