0.100633 1.64050551
0.201265 1.64050419
0.301898 1.64050555
0.402530 1.64050570
0.503163 1.64050568
0.603796 1.64050566
0.704428 1.64050564
0.805061 1.64050562
0.905694 1.64050559
1.006326 1.64050558
1.106959 1.64050555
1.207591 1.64050554
1.308224 1.64050552
1.408857 1.64050550
1.509489 1.64050548
1.610122 1.64050546
1.710755 1.64050544
1.811387 1.64050542
1.912020 1.64050541
2.012652 1.64050539
2.113285 1.64050537
2.213918 1.64050536
2.314550 1.64050534
2.415183 1.64050533
2.515816 1.64050531
2.616448 1.64050530
2.717081 1.64050529
2.817713 1.64050527
2.918346 1.64050526
3.018979 1.64050525
3.119611 1.64050524
3.220244 1.64050523
3.320876 1.64050521
3.421509 1.64050520
3.522142 1.64050519
3.622774 1.64050518
3.723407 1.64050517
3.824040 1.64050517
3.924672 1.64050515
4.025305 1.64050515
4.125937 1.64050514
4.226570 1.64050513
4.327203 1.64050512
4.427835 1.64050511
4.528468 1.64050510
4.629101 1.64050509
4.729733 1.64050508
4.830366 1.64050508
4.930998 1.64050506
5.031631 1.64050505
5.132264 1.64050504
5.232896 1.64050503
5.333529 1.64050502
5.434162 1.64050501
5.534794 1.64050499
5.635427 1.64050498
5.736059 1.64050496
5.836692 1.64050494
5.937325 1.64050492
6.037957 1.64050490
6.138590 1.64050488
6.239222 1.64050486
6.339855 1.64050483
6.440488 1.64050480
6.541120 1.64050477
6.641753 1.64050474
6.742386 1.64050470
6.843018 1.64050466
6.943651 1.64050461
7.044283 1.64050457
7.144916 1.64050452
7.245549 1.64050447
7.346181 1.64050441
7.446814 1.64050435
7.547447 1.64050429
7.648079 1.64050422
7.748712 1.64050414
7.849344 1.64050407
7.949977 1.64050398
8.050610 1.64050389
8.151242 1.64050379
8.251875 1.64050370
8.352508 1.64050358
8.453140 1.64050347
8.553773 1.64050335
8.654405 1.64050322
8.755038 1.64050308
8.855671 1.64050294
8.956303 1.64050278
9.056936 1.64050263
9.157568 1.64050245
9.258201 1.64050228
9.358834 1.64050208
9.459466 1.64050189
9.560099 1.64050167
9.660732 1.64050146
9.761364 1.64050122
9.861997 1.64050098
9.962629 1.64050072
10.063262 1.64050046
10.163895 1.64050017
10.264527 1.64049988
10.365160 1.64049957
10.465793 1.64049925
10.566425 1.64049891
10.667058 1.64049857
10.767690 1.64049820
10.868323 1.64049782
10.968956 1.64049741
11.069588 1.64049700
11.170221 1.64049656
11.270853 1.64049611
11.371486 1.64049564
11.472119 1.64049515
11.572751 1.64049464
11.673384 1.64049411
11.774017 1.64049355
11.874649 1.64049299
11.975282 1.64049239
12.075914 1.64049177
12.176547 1.64049113
12.277180 1.64049047
12.377812 1.64048977
12.478445 1.64048906
12.579078 1.64048832
12.679710 1.64048756
12.780343 1.64048676
12.880975 1.64048594
12.981608 1.64048508
13.082241 1.64048421
13.182873 1.64048329
13.283506 1.64048236
13.384139 1.64048138
13.484771 1.64048038
13.585404 1.64047934
13.686036 1.64047827
13.786669 1.64047716
13.887302 1.64047603
13.987934 1.64047484
14.088567 1.64047364
14.189199 1.64047238
14.289832 1.64047110
14.390465 1.64046976
14.491097 1.64046840
14.591730 1.64046698
14.692363 1.64046553
14.792995 1.64046403
14.893628 1.64046249
14.994260 1.64046090
15.094893 1.64045927
15.195526 1.64045759
15.296158 1.64045586
15.396791 1.64045408
15.497424 1.64045225
15.598056 1.64045037
15.698689 1.64044843
15.799321 1.64044643
15.899954 1.64044439
16.000587 1.64044227
16.101219 1.64044010
16.201852 1.64043786
16.302485 1.64043556
16.403117 1.64043319
16.503750 1.64043075
16.604382 1.64042822
16.705015 1.64042563
16.805648 1.64042294
16.906280 1.64042017
17.006913 1.64041730
17.107545 1.64041434
17.208178 1.64041126
17.308811 1.64040807
17.409443 1.64040475
17.510076 1.64040131
17.610709 1.64039770
17.711341 1.64039394
17.811974 1.64039000
17.912606 1.64038586
18.013239 1.64038149
18.113872 1.64037689
18.214504 1.64037200
18.315137 1.64036681
18.415770 1.64036126
18.516402 1.64035532
18.617035 1.64034891
18.717667 1.64034200
18.818300 1.64033448
18.918933 1.64032630
19.019565 1.64031732
19.120198 1.64030745
19.220831 1.64029653
19.321463 1.64028441
19.422096 1.64027089
19.522728 1.64025576
19.623361 1.64023874
19.723994 1.64021953
19.824626 1.64019776
19.925259 1.64017303
20.025891 1.64014479
20.126524 1.64011250
20.227157 1.64007542
20.327789 1.64003276
20.428422 1.63998353
20.529055 1.63992660
20.629687 1.63986059
20.730320 1.63978391
20.830952 1.63969463
20.931585 1.63959048
21.032218 1.63946874
21.132850 1.63932618
21.233483 1.63915891
21.334116 1.63896229
21.434748 1.63873070
21.535381 1.63845741
21.636013 1.63813421
21.736646 1.63775117
21.837279 1.63729613
21.937911 1.63675424
22.038544 1.63610715
22.139177 1.63533219
22.239809 1.63440108
22.340442 1.63327841
22.441074 1.63191955
22.541707 1.63026778
22.642340 1.62825061
22.742972 1.62577459
22.843605 1.62271853
22.944237 1.61892370
23.044870 1.61418121
23.145503 1.60821328
23.246135 1.60064899
23.346768 1.59098804
23.447401 1.57855349
23.548033 1.56242057
23.648666 1.54132357
23.749298 1.51351501
23.849931 1.47658022
23.950564 1.42715935
24.051196 1.36057694
24.151829 1.27030375
24.252462 1.14722472
24.353094 0.97866218
24.453727 0.74693722
24.554359 0.42782807
24.654992 -0.01154399
24.755625 -0.60684329
24.856257 -1.34236761
24.956890 -2.01277943
25.057523 -2.30793770
25.158155 -2.32929119
25.258788 -2.52153033
25.359420 -3.16809905
25.460053 -4.36974621
25.560686 -6.16614399
25.661318 -8.51205147
25.761951 -11.10530190
25.862583 -13.18571130
25.963216 -13.77942633
26.063849 -12.55243969
26.164481 -10.18990117
26.265114 -7.68629606
26.365747 -5.64766961
26.466379 -4.28213078
26.567012 -3.62912984
26.667644 -3.69141402
26.768277 -4.47479577
26.868910 -5.96131305
26.969542 -7.98905419
27.070175 -10.02052731
27.170808 -11.11373555
27.271440 -10.57450739
27.372073 -8.68708538
27.472705 -6.39041171
27.573338 -4.43336091
27.673971 -3.11661531
27.774603 -2.49626003
27.875236 -2.56830429
27.975869 -3.33454593
28.076501 -4.79429157
28.177134 -6.86852501
28.277766 -9.19728157
28.378399 -10.96141860
28.479032 -11.26441716
28.579664 -9.99063297
28.680297 -7.93631753
28.780929 -6.00419918
28.881562 -4.66100177
28.982195 -4.02977827
29.082827 -4.11797868
29.183460 -4.92060002
29.284093 -6.42975295
29.384725 -8.59060123
29.485358 -11.14779989
29.585990 -13.41393053
29.686623 -14.38237851
29.787256 -13.51023546
29.887888 -11.29641021
29.988521 -8.74682922
30.089154 -6.57095835
30.189786 -5.03906646
30.290419 -4.21081101
30.391051 -4.09462626
30.491684 -4.69540677
30.592317 -6.00778427
30.692949 -7.91843927
30.793582 -9.98208281
30.894215 -11.31082575
30.994847 -11.08317087
31.095480 -9.36588464
31.196112 -7.03859500
31.296745 -4.93907316
31.397378 -3.44695562
31.498010 -2.64901716
31.598643 -2.54695861
31.699275 -3.13835130
31.799908 -4.42749057
31.900541 -6.36366381
32.001173 -8.66304736
32.101806 -10.59767845
32.202439 -11.22008310
32.303071 -10.19881387
32.403704 -8.19334845
32.504336 -6.15340855
32.604969 -4.63795471
32.705602 -3.81963801
32.806234 -3.71755123
32.906867 -4.32415690
33.007500 -5.63612288
33.108132 -7.61845785
33.208765 -10.07930197
33.309397 -12.44117373
33.410030 -13.72390605
33.510663 -13.21380377
33.611295 -11.20588478
33.711928 -8.67624424
33.812560 -6.42064616
33.913193 -4.77984615
34.013826 -3.83536735
34.114458 -3.59559839
34.215091 -4.06609968
34.315724 -5.24632937
34.416356 -7.05884696
34.516989 -9.15033864
34.617621 -10.70737465
34.718254 -10.81953335
34.818887 -9.33850828
34.919519 -7.04010796
35.020152 -4.82976727
35.120785 -3.18204916
35.221417 -2.22257622
35.322050 -1.95895867
35.422682 -2.38902949
35.523315 -3.51503672
35.623948 -5.30563302
35.724580 -7.54538365
35.825213 -9.59588703
35.925846 -10.49013776
36.026478 -9.69510412
36.127111 -7.68156072
36.227743 -5.39722021
36.328376 -3.48033023
36.429009 -2.13240660
36.529641 -1.35180201
36.630274 -1.08190862
36.730906 -1.19742976
36.831539 -1.37323055
36.932172 -1.18609656
37.032804 -0.63333900
37.133437 -0.04306941
37.234070 0.41718056
37.334702 0.74697486
37.435335 0.98003839
37.535967 1.14476554
37.636600 1.26144979
37.737233 1.34399541
37.837865 1.40077846
37.938498 1.43559587
38.039131 1.45227152
38.139763 1.45439102
38.240396 1.45053690
38.341028 1.44494203
38.441661 1.43550306
38.542294 1.42166154
38.642926 1.40338672
38.743559 1.38066881
38.844192 1.35348868
38.944824 1.32182438
39.045457 1.28565036
39.146089 1.24494665
39.246722 1.19966988
39.347355 1.14973715
39.447987 1.09506709
39.548620 1.03568277
39.649252 0.97205980
39.749885 0.90589425
39.850518 0.84102147
39.951150 0.78400854
40.051783 0.74343121
40.152416 0.72731756
40.253048 0.73976394
40.353681 0.77888736
40.454313 0.83762152
40.554946 0.90670776
40.655579 0.97772362
40.756211 1.04449900
40.856844 1.10281263
40.957477 1.14930106
41.058109 1.18030726
41.158742 1.19084352
41.259374 1.17390712
41.360007 1.11930875
41.460640 1.01376892
41.561272 0.84691420
41.661905 0.62871326
41.762538 0.41597297
41.863170 0.30421287
41.963803 0.35083302
42.064435 0.51394540
42.165068 0.69736431
42.265701 0.83119644
42.366333 0.89214556
42.466966 0.88132013
42.567598 0.80515050
42.668231 0.66856909
42.768864 0.47809026
42.869496 0.25501019
42.970129 0.05327872
43.070762 -0.05283660
43.171394 -0.03641699
43.272027 0.03879084
43.372659 0.06802004
43.473292 -0.02791231
43.573925 -0.27585831
43.674557 -0.62416785
43.775190 -0.91633034
43.875823 -0.96255249
43.976455 -0.71061679
44.077088 -0.29684706
44.177720 0.09941555
44.278353 0.38411158
44.378986 0.54330535
44.479618 0.59154441
44.580251 0.54368637
44.680884 0.40674160
44.781516 0.18020606
44.882149 -0.13868870
44.982781 -0.53777708
45.083414 -0.95226115
45.184047 -1.24793479
45.284679 -1.30664821
45.385312 -1.14270217
45.485944 -0.85743511
45.586577 -0.53593166
45.687210 -0.25307424
45.787842 -0.03044448
45.888475 0.18763274
45.989108 0.42197211
46.089740 0.63130494
46.190373 0.79250334
46.291005 0.91080112
46.391638 0.99717162
46.492271 1.06042112
46.592903 1.10673049
46.693536 1.14030042
46.794169 1.16385695
46.894801 1.17918125
46.995434 1.18722890
47.096066 1.18916379
47.196699 1.18814667
47.297332 1.18673836
47.397964 1.18522876
47.498597 1.18368381
47.599230 1.18212376
47.699862 1.18055647
47.800495 1.17898547
47.901127 1.17741248
48.001760 1.17583840
48.102393 1.17426370
48.203025 1.17268864
48.303658 1.17111338
48.404290 1.16953801
48.504923 1.16796256
48.605556 1.16638708
48.706188 1.16481158
48.806821 1.16323607
48.907454 1.16166123
49.008086 1.16009367
49.108719 1.15853406
49.209351 1.15698241
49.309984 1.15543871
49.410617 1.15390297
49.511249 1.15237519
49.611882 1.15085536
49.712515 1.14934349
49.813147 1.14783957
49.913780 1.14634360
50.014412 1.14485559
50.115045 1.14337553
50.215678 1.14190343
50.316310 1.14043928
50.416943 1.13898308
50.517576 1.13753484
50.618208 1.13609455
50.718841 1.13466222
50.819473 1.13323784
50.920106 1.13182141
51.020739 1.13041294
51.121371 1.12901242
51.222004 1.12761985
51.322636 1.12623524
51.423269 1.12485858
51.523902 1.12348987
51.624534 1.12212912
51.725167 1.12077633
51.825800 1.11943148
51.926432 1.11809459
52.027065 1.11676566
52.127697 1.11544468
52.228330 1.11413165
52.328963 1.11282657
52.429595 1.11152945
52.530228 1.11024029
52.630861 1.10895908
52.731493 1.10768582
52.832126 1.10642051
52.932758 1.10516316
53.033391 1.10391377
53.134024 1.10267233
53.234656 1.10143884
53.335289 1.10021330
53.435921 1.09899572
53.536554 1.09778610
53.637187 1.09658442
53.737819 1.09539070
53.838452 1.09420494
53.939085 1.09302713
54.039717 1.09185727
54.140350 1.09069537
54.240982 1.08954142
54.341615 1.08839543
54.442248 1.08725739
54.542880 1.08612730
54.643513 1.08500517
54.744146 1.08389099
54.844778 1.08278476
54.945411 1.08168649
55.046043 1.08059618
55.146676 1.07951381
55.247309 1.07843940
55.347941 1.07737295
55.448574 1.07631445
55.549207 1.07526390
55.649839 1.07422131
55.750472 1.07318667
55.851104 1.07215999
55.951737 1.07114126
56.052370 1.07013048
56.153002 1.06912766
56.253635 1.06813279
56.354267 1.06714587
56.454900 1.06616691
56.555533 1.06519591
56.656165 1.06423285
56.756798 1.06327776
56.857431 1.06233061
56.958063 1.06139142
57.058696 1.06046019
57.159328 1.05953690
57.259961 1.05862158
57.360594 1.05771420
57.461226 1.05681478
57.561859 1.05592332
57.662492 1.05503980
57.763124 1.05416425
57.863757 1.05329664
57.964389 1.05243699
58.065022 1.05158530
58.165655 1.05074156
58.266287 1.04990577
58.366920 1.04907794
58.467553 1.04825806
58.568185 1.04744614
58.668818 1.04664217
58.769450 1.04584615
58.870083 1.04505809
58.970716 1.04427798
59.071348 1.04350583
59.171981 1.04274163
59.272613 1.04198538
59.373246 1.04123709
59.473879 1.04049676
59.574511 1.03976437
59.675144 1.03903995
59.775777 1.03832347
59.876409 1.03761495
59.977042 1.03691439
60.077674 1.03622178
60.178307 1.03553712
60.278940 1.03486042
60.379572 1.03419167
60.480205 1.03353088
60.580838 1.03287804
60.681470 1.03223316
60.782103 1.03159623
60.882735 1.03096725
60.983368 1.03034623
61.084001 1.02973316
61.184633 1.02912805
61.285266 1.02853089
61.385899 1.02794169
61.486531 1.02736044
61.587164 1.02678714
61.687796 1.02622180
61.788429 1.02566442
61.889062 1.02511499
61.989694 1.02457351
62.090327 1.02403999
62.190959 1.02351442
62.291592 1.02299681
62.392225 1.02248715
62.492857 1.02198545
62.593490 1.02149170
62.694123 1.02100591
62.794755 1.02052807
62.895388 1.02005818
62.996020 1.01959625
63.096653 1.01914228
63.197286 1.01869626
63.297918 1.01825819
63.398551 1.01782808
63.499184 1.01740593
63.599816 1.01699173
63.700449 1.01658548
63.801081 1.01618719
63.901714 1.01579685
64.002347 1.01541447
64.102979 1.01504005
64.203612 1.01467357
64.304245 1.01431506
64.404877 1.01396450
64.505510 1.01362189
64.606142 1.01328724
64.706775 1.01296054
64.807408 1.01264180
64.908040 1.01233101
65.008673 1.01202818
65.109305 1.01173331
65.209938 1.01144638
65.310571 1.01116742
65.411203 1.01089641
65.511836 1.01063335
65.612469 1.01037825
65.713101 1.01013111
65.813734 1.00989192
65.914366 1.00966068
66.014999 1.00943740
66.115632 1.00922208
66.216264 1.00901471
66.316897 1.00881530
66.417530 1.00862384
66.518162 1.00844034
66.618795 1.00826479
66.719427 1.00809720
66.820060 1.00793756
66.920693 1.00778588
67.021325 1.00764216
67.121958 1.00750639
67.222591 1.00737857
67.323223 1.00725871
67.423856 1.00714681
67.524488 1.00704286
67.625121 1.00694687
67.725754 1.00685884
67.826386 1.00677876
67.927019 1.00670663
68.027651 1.00664246
68.128284 1.00658625
68.228917 1.00653799
68.329549 1.00649769
68.430182 1.00646535
68.530815 1.00644096
68.631447 1.00642452
68.732080 1.00641605
68.832712 1.00641552
68.933345 1.00642296
69.033978 1.00643835
69.134610 1.00646169
69.235243 1.00649299
69.335876 1.00653225
69.436508 1.00657947
69.537141 1.00663464
69.637773 1.00669776
69.738406 1.00676885
69.839039 1.00684789
69.939671 1.00693421
70.040304 1.00702120
70.140937 1.00710820
70.241569 1.00719520
70.342202 1.00728219
70.442834 1.00736919
70.543467 1.00745619
70.644100 1.00754327
70.744732 1.00763018
