0.100633 1.62678973
0.201265 1.62679398
0.301898 1.62678948
0.402530 1.62678905
0.503163 1.62678911
0.603796 1.62678919
0.704428 1.62678926
0.805061 1.62678932
0.905694 1.62678938
1.006326 1.62678944
1.106959 1.62678948
1.207591 1.62678952
1.308224 1.62678956
1.408857 1.62678958
1.509489 1.62678960
1.610122 1.62678961
1.710755 1.62678960
1.811387 1.62678959
1.912020 1.62678957
2.012652 1.62678953
2.113285 1.62678948
2.213918 1.62678942
2.314550 1.62678934
2.415183 1.62678925
2.515816 1.62678915
2.616448 1.62678903
2.717081 1.62678889
2.817713 1.62678874
2.918346 1.62678856
3.018979 1.62678837
3.119611 1.62678817
3.220244 1.62678794
3.320876 1.62678769
3.421509 1.62678742
3.522142 1.62678713
3.622774 1.62678682
3.723407 1.62678648
3.824040 1.62678613
3.924672 1.62678575
4.025305 1.62678534
4.125937 1.62678491
4.226570 1.62678445
4.327203 1.62678397
4.427835 1.62678346
4.528468 1.62678292
4.629101 1.62678235
4.729733 1.62678176
4.830366 1.62678113
4.930998 1.62678047
5.031631 1.62677979
5.132264 1.62677907
5.232896 1.62677832
5.333529 1.62677753
5.434162 1.62677672
5.534794 1.62677587
5.635427 1.62677498
5.736059 1.62677406
5.836692 1.62677310
5.937325 1.62677210
6.037957 1.62677107
6.138590 1.62677000
6.239222 1.62676889
6.339855 1.62676774
6.440488 1.62676655
6.541120 1.62676532
6.641753 1.62676405
6.742386 1.62676274
6.843018 1.62676138
6.943651 1.62675998
7.044283 1.62675853
7.144916 1.62675704
7.245549 1.62675551
7.346181 1.62675393
7.446814 1.62675230
7.547447 1.62675062
7.648079 1.62674890
7.748712 1.62674713
7.849344 1.62674531
7.949977 1.62674344
8.050610 1.62674151
8.151242 1.62673954
8.251875 1.62673751
8.352508 1.62673543
8.453140 1.62673330
8.553773 1.62673111
8.654405 1.62672887
8.755038 1.62672657
8.855671 1.62672422
8.956303 1.62672181
9.056936 1.62671934
9.157568 1.62671682
9.258201 1.62671423
9.358834 1.62671159
9.459466 1.62670888
9.560099 1.62670612
9.660732 1.62670329
9.761364 1.62670040
9.861997 1.62669745
9.962629 1.62669443
10.063262 1.62669136
10.163895 1.62668821
10.264527 1.62668500
10.365160 1.62668173
10.465793 1.62667838
10.566425 1.62667497
10.667058 1.62667150
10.767690 1.62666795
10.868323 1.62666433
10.968956 1.62666065
11.069588 1.62665689
11.170221 1.62665307
11.270853 1.62664917
11.371486 1.62664520
11.472119 1.62664115
11.572751 1.62663703
11.673384 1.62663284
11.774017 1.62662857
11.874649 1.62662423
11.975282 1.62661981
12.075914 1.62661531
12.176547 1.62661074
12.277180 1.62660609
12.377812 1.62660136
12.478445 1.62659655
12.579078 1.62659166
12.679710 1.62658669
12.780343 1.62658165
12.880975 1.62657651
12.981608 1.62657130
13.082241 1.62656600
13.182873 1.62656063
13.283506 1.62655516
13.384139 1.62654962
13.484771 1.62654398
13.585404 1.62653827
13.686036 1.62653246
13.786669 1.62652657
13.887302 1.62652059
13.987934 1.62651453
14.088567 1.62650837
14.189199 1.62650213
14.289832 1.62649580
14.390465 1.62648938
14.491097 1.62648286
14.591730 1.62647626
14.692363 1.62646956
14.792995 1.62646277
14.893628 1.62645589
14.994260 1.62644892
15.094893 1.62644184
15.195526 1.62643468
15.296158 1.62642741
15.396791 1.62642006
15.497424 1.62641260
15.598056 1.62640505
15.698689 1.62639739
15.799321 1.62638963
15.899954 1.62638177
16.000587 1.62637381
16.101219 1.62636574
16.201852 1.62635756
16.302485 1.62634927
16.403117 1.62634088
16.503750 1.62633236
16.604382 1.62632374
16.705015 1.62631498
16.805648 1.62630611
16.906280 1.62629710
17.006913 1.62628796
17.107545 1.62627868
17.208178 1.62626925
17.308811 1.62625966
17.409443 1.62624991
17.510076 1.62623998
17.610709 1.62622987
17.711341 1.62621955
17.811974 1.62620901
17.912606 1.62619823
18.013239 1.62618719
18.113872 1.62617585
18.214504 1.62616420
18.315137 1.62615219
18.415770 1.62613979
18.516402 1.62612692
18.617035 1.62611357
18.717667 1.62609963
18.818300 1.62608505
18.918933 1.62606971
19.019565 1.62605354
19.120198 1.62603639
19.220831 1.62601813
19.321463 1.62599857
19.422096 1.62597753
19.522728 1.62595476
19.623361 1.62593001
19.723994 1.62590292
19.824626 1.62587316
19.925259 1.62584025
20.025891 1.62580371
20.126524 1.62576288
20.227157 1.62571709
20.327789 1.62566545
20.428422 1.62560701
20.529055 1.62554055
20.629687 1.62546470
20.730320 1.62537780
20.830952 1.62527792
20.931585 1.62516270
21.032218 1.62502942
21.132850 1.62487476
21.233483 1.62469480
21.334116 1.62448482
21.434748 1.62423918
21.535381 1.62395104
21.636013 1.62361217
21.736646 1.62321253
21.837279 1.62273997
21.937911 1.62217951
22.038544 1.62151283
22.139177 1.62071714
22.239809 1.61976423
22.340442 1.61861864
22.441074 1.61723582
22.541707 1.61555907
22.642340 1.61351611
22.742972 1.61101360
22.843605 1.60793068
22.944237 1.60410895
23.044870 1.59934005
23.145503 1.59334678
23.246135 1.58575909
23.346768 1.57607761
23.447401 1.56362674
23.548033 1.54748317
23.648666 1.52638315
23.749298 1.49858139
23.849931 1.46166599
23.950564 1.41228025
24.051196 1.34575252
24.151829 1.25555783
24.252462 1.13258617
24.353094 0.96416532
24.453727 0.73262256
24.554359 0.41374255
24.654992 -0.02534673
24.755625 -0.62030318
24.856257 -1.35541902
24.956890 -2.02535337
25.057523 -2.32087299
25.158155 -2.34227270
25.258788 -2.53443230
25.359420 -3.18088728
25.460053 -4.38242521
25.560686 -6.17873402
25.661318 -8.52458739
25.761951 -11.11783840
25.862583 -13.19832993
25.963216 -13.79223619
26.063849 -12.56556638
26.164481 -10.20346189
26.265114 -7.70038662
26.365747 -5.66236123
26.466379 -4.29747178
26.567012 -3.64514701
26.667644 -3.70811893
26.768277 -4.49219363
26.868910 -5.97940874
26.969542 -8.00783938
27.070175 -10.03994574
27.170808 -11.13363354
27.271440 -10.59461554
27.372073 -8.70705277
27.472705 -6.40985701
27.573338 -4.45193951
27.673971 -3.13411668
27.774603 -2.51264963
27.875236 -2.58363040
27.975869 -3.34890194
28.076501 -4.80786618
28.177134 -6.88159818
28.277766 -9.21015552
28.378399 -10.97438460
28.479032 -11.27774121
28.579664 -10.00451746
28.680297 -7.95087988
28.780929 -6.01949988
28.881562 -4.67708882
28.982195 -4.04671204
29.082827 -4.13583336
29.183460 -4.93945784
29.284093 -6.44970247
29.384725 -8.61173643
29.485358 -11.17021415
29.585990 -13.43770456
29.686623 -14.40756598
29.787256 -13.53684935
29.887888 -11.32441053
29.988521 -8.77611502
30.089154 -6.60137161
30.189786 -5.07041089
30.290419 -4.24287653
30.391051 -4.12721916
30.491684 -4.72839109
30.592317 -6.04112680
30.692949 -7.95224323
30.793582 -10.01660310
30.894215 -11.34645603
30.994847 -11.12039072
31.095480 -9.40514293
31.196112 -7.08019896
31.296745 -4.98319690
31.397378 -3.49374084
31.498010 -2.69864880
31.598643 -2.59960996
31.699275 -3.19412158
31.799908 -4.48645686
31.900541 -6.42594316
32.001173 -8.72871851
32.101806 -10.66668728
32.202439 -11.29219491
32.303071 -10.27368344
32.403704 -8.27066597
32.504336 -6.23293979
32.604969 -4.71947594
32.705602 -3.90285972
32.806234 -3.80204055
32.906867 -4.40927818
33.007500 -5.72101088
33.108132 -7.70199610
33.208765 -10.16011552
33.309397 -12.51767123
33.410030 -13.79432313
33.510663 -13.27640522
33.611295 -11.25942824
33.711928 -8.72020762
33.812560 -6.45503839
33.913193 -4.80490434
34.013826 -3.85126881
34.114458 -3.60227336
34.215091 -4.06314558
34.315724 -5.23294547
34.416356 -7.03380753
34.516989 -9.11203661
34.617621 -10.65379988
34.718254 -10.74832556
34.818887 -9.24745561
34.919519 -6.92768314
35.020152 -4.69513427
35.120785 -3.02460924
35.221417 -2.04138092
35.322050 -1.75240214
35.422682 -2.15531708
35.523315 -3.25287860
35.623948 -5.01308511
35.724580 -7.21898070
35.825213 -9.23015966
35.925846 -10.07757359
36.026478 -9.22748977
36.127111 -7.15243063
36.227743 -4.80353709
36.328376 -2.82228590
36.429009 -1.41231691
36.529641 -0.57336080
36.630274 -0.25003622
36.730906 -0.31766245
36.831539 -0.44892696
36.932172 -0.21910973
37.032804 0.37510752
37.133437 1.00539945
37.234070 1.50338170
37.334702 1.86745674
37.435335 2.12976248
37.535967 2.31706048
37.636600 2.44742792
37.737233 2.53203656
37.837865 2.57764629
37.938498 2.58831554
38.039131 2.56908687
38.139763 2.52671401
38.240396 2.47770594
38.341028 2.43911098
38.441661 2.42094113
38.542294 2.42919000
38.642926 2.46394434
38.743559 2.51966529
38.844192 2.58793870
38.944824 2.66078827
39.045457 2.73264716
39.146089 2.80054201
39.246722 2.86331628
39.347355 2.92074286
39.447987 2.97285520
39.548620 3.01976528
39.649252 3.06151576
39.749885 3.09814073
39.850518 3.12962922
39.951150 3.15596096
40.051783 3.17712953
40.152416 3.19322510
40.253048 3.20472360
40.353681 3.21304099
40.454313 3.22019288
40.554946 3.22721823
40.655579 3.23411937
40.756211 3.24017832
40.856844 3.24399327
40.957477 3.24334031
41.058109 3.23485357
41.158742 3.21344993
41.259374 3.17176313
41.360007 3.09893106
41.460640 2.98074216
41.561272 2.80577119
41.661905 2.58286842
41.762538 2.36796267
41.863170 2.25612770
41.963803 2.30445524
42.064435 2.47063369
42.165068 2.65798238
42.265701 2.79613410
42.366333 2.86139332
42.466966 2.85454348
42.567598 2.78175377
42.668231 2.64779139
42.768864 2.45917280
42.869496 2.23741529
42.970129 2.03691157
43.070762 1.93253172
43.171394 1.95166429
43.272027 2.03065492
43.372659 2.06457164
43.473292 1.97394765
43.573925 1.73160768
43.674557 1.38893164
43.775190 1.10227570
43.875823 1.06142958
43.976455 1.31867398
44.077088 1.73772619
44.177720 2.13927264
44.278353 2.42927469
44.378986 2.59380896
44.479618 2.64743056
44.580251 2.60499602
44.680884 2.47350493
44.781516 2.25243732
44.882149 1.93900662
44.982781 1.54536343
45.083414 1.13629823
45.184047 0.84601911
45.284679 0.79268610
45.385312 0.96201035
45.485944 1.25266552
45.586577 1.57958477
45.687210 1.86790744
45.787842 2.09607120
45.888475 2.31976419
45.989108 2.55980477
46.089740 2.77491608
46.190373 2.94195065
46.291005 3.06611447
46.391638 3.15834551
46.492271 3.22740999
46.592903 3.27944377
46.693536 3.31859633
46.794169 3.34753381
46.894801 3.36797826
46.995434 3.38083565
47.096066 3.38726125
47.196699 3.39054537
47.297332 3.39338046
47.397964 3.39608262
47.498597 3.39872935
47.599230 3.40134763
47.699862 3.40394967
47.800495 3.40654186
47.901127 3.40912784
48.001760 3.41170981
48.102393 3.41428912
48.203025 3.41686664
48.303658 3.41944295
48.404290 3.42201843
48.504923 3.42459332
48.605556 3.42716781
48.706188 3.42974201
48.806821 3.43231601
48.907454 3.43488880
49.008086 3.43745029
49.108719 3.43999947
49.209351 3.44253634
49.309984 3.44506092
49.410617 3.44757323
49.511249 3.45007328
49.611882 3.45256106
49.712515 3.45503659
49.813147 3.45749987
49.913780 3.45995090
50.014412 3.46238969
50.115045 3.46481622
50.215678 3.46723052
50.316310 3.46963257
50.416943 3.47202238
50.517576 3.47439994
50.618208 3.47676526
50.718841 3.47911835
50.819473 3.48145919
50.920106 3.48378778
51.020739 3.48610414
51.121371 3.48840826
51.222004 3.49070013
51.322636 3.49297977
51.423269 3.49524716
51.523902 3.49750231
51.624534 3.49974522
51.725167 3.50197589
51.825800 3.50419432
51.926432 3.50640051
52.027065 3.50859446
52.127697 3.51077616
52.228330 3.51294563
52.328963 3.51510285
52.429595 3.51724784
52.530228 3.51938058
52.630861 3.52150108
52.731493 3.52360934
52.832126 3.52570536
52.932758 3.52778914
53.033391 3.52986067
53.134024 3.53191997
53.234656 3.53396702
53.335289 3.53600184
53.435921 3.53802441
53.536554 3.54003474
53.637187 3.54203283
53.737819 3.54401868
53.838452 3.54599228
53.939085 3.54795365
54.039717 3.54990277
54.140350 3.55183965
54.240982 3.55376429
54.341615 3.55567669
54.442248 3.55757685
54.542880 3.55946476
54.643513 3.56134044
54.744146 3.56320387
54.844778 3.56505506
54.945411 3.56689401
55.046043 3.56872071
55.146676 3.57053518
55.247309 3.57233740
55.347941 3.57412738
55.448574 3.57590512
55.549207 3.57767062
55.649839 3.57942388
55.750472 3.58116489
55.851104 3.58289366
55.951737 3.58461019
56.052370 3.58631448
56.153002 3.58800653
56.253635 3.58968633
56.354267 3.59135389
56.454900 3.59300921
56.555533 3.59465229
56.656165 3.59628312
56.756798 3.59790171
56.857431 3.59950806
56.958063 3.60110217
57.058696 3.60268404
57.159328 3.60425366
57.259961 3.60581104
57.360594 3.60735618
57.461226 3.60888908
57.561859 3.61040973
57.662492 3.61191814
57.763124 3.61341431
57.863757 3.61489824
57.964389 3.61636992
58.065022 3.61782936
58.165655 3.61927656
58.266287 3.62071152
58.366920 3.62213423
58.467553 3.62354470
58.568185 3.62494293
58.668818 3.62632891
58.769450 3.62770266
58.870083 3.62906416
58.970716 3.63041341
59.071348 3.63175043
59.171981 3.63307520
59.272613 3.63438773
59.373246 3.63568801
59.473879 3.63697606
59.574511 3.63825186
59.675144 3.63951541
59.775777 3.64076673
59.876409 3.64200580
59.977042 3.64323263
60.077674 3.64444721
60.178307 3.64564955
60.278940 3.64683965
60.379572 3.64801751
60.480205 3.64918312
60.580838 3.65033649
60.681470 3.65147762
60.782103 3.65260650
60.882735 3.65372314
60.983368 3.65482754
61.084001 3.65591970
61.184633 3.65699961
61.285266 3.65806728
61.385899 3.65912270
61.486531 3.66016588
61.587164 3.66119682
61.687796 3.66221551
61.788429 3.66322197
61.889062 3.66421617
61.989694 3.66519814
62.090327 3.66616786
62.190959 3.66712534
62.291592 3.66807057
62.392225 3.66900357
62.492857 3.66992431
62.593490 3.67083282
62.694123 3.67172908
62.794755 3.67261310
62.895388 3.67348487
62.996020 3.67434440
63.096653 3.67519169
63.197286 3.67602673
63.297918 3.67684953
63.398551 3.67766009
63.499184 3.67845841
63.599816 3.67924447
63.700449 3.68001830
63.801081 3.68077988
63.901714 3.68152922
64.002347 3.68226632
64.102979 3.68299117
64.203612 3.68370378
64.304245 3.68440414
64.404877 3.68509226
64.505510 3.68576814
64.606142 3.68643178
64.706775 3.68708317
64.807408 3.68772231
64.908040 3.68834921
65.008673 3.68896387
65.109305 3.68956629
65.209938 3.69015646
65.310571 3.69073439
65.411203 3.69130007
65.511836 3.69185351
65.612469 3.69239471
65.713101 3.69292366
65.813734 3.69344037
65.914366 3.69394483
66.014999 3.69443706
66.115632 3.69491703
66.216264 3.69538477
66.316897 3.69584026
66.417530 3.69628350
66.518162 3.69671450
66.618795 3.69713326
66.719427 3.69753978
66.820060 3.69793405
66.920693 3.69831607
67.021325 3.69868586
67.121958 3.69904339
67.222591 3.69938869
67.323223 3.69972174
67.423856 3.70004255
67.524488 3.70035111
67.625121 3.70064743
67.725754 3.70093150
67.826386 3.70120333
67.927019 3.70146292
68.027651 3.70171027
68.128284 3.70194536
68.228917 3.70216822
68.329549 3.70237883
68.430182 3.70257720
68.530815 3.70276332
68.631447 3.70293720
68.732080 3.70309884
68.832712 3.70324823
68.933345 3.70338537
69.033978 3.70351028
69.134610 3.70362294
69.235243 3.70372335
69.335876 3.70381152
69.436508 3.70388745
69.537141 3.70395113
69.637773 3.70400257
69.738406 3.70404175
69.839039 3.70406870
69.939671 3.70408445
70.040304 3.70409916
70.140937 3.70411385
70.241569 3.70412856
70.342202 3.70414327
70.442834 3.70415797
70.543467 3.70417267
70.644100 3.70418733
70.744732 3.70420208
