0.100633 1.62432083
0.201265 1.62432284
0.301898 1.62432071
0.402530 1.62432049
0.503163 1.62432052
0.603796 1.62432055
0.704428 1.62432058
0.805061 1.62432061
0.905694 1.62432064
1.006326 1.62432068
1.106959 1.62432071
1.207591 1.62432075
1.308224 1.62432079
1.408857 1.62432083
1.509489 1.62432087
1.610122 1.62432092
1.710755 1.62432097
1.811387 1.62432102
1.912020 1.62432107
2.012652 1.62432113
2.113285 1.62432119
2.213918 1.62432125
2.314550 1.62432132
2.415183 1.62432139
2.515816 1.62432146
2.616448 1.62432154
2.717081 1.62432162
2.817713 1.62432171
2.918346 1.62432180
3.018979 1.62432190
3.119611 1.62432200
3.220244 1.62432210
3.320876 1.62432221
3.421509 1.62432233
3.522142 1.62432245
3.622774 1.62432258
3.723407 1.62432272
3.824040 1.62432285
3.924672 1.62432300
4.025305 1.62432315
4.125937 1.62432332
4.226570 1.62432348
4.327203 1.62432366
4.427835 1.62432384
4.528468 1.62432403
4.629101 1.62432422
4.729733 1.62432443
4.830366 1.62432464
4.930998 1.62432486
5.031631 1.62432509
5.132264 1.62432533
5.232896 1.62432558
5.333529 1.62432584
5.434162 1.62432610
5.534794 1.62432638
5.635427 1.62432667
5.736059 1.62432696
5.836692 1.62432727
5.937325 1.62432759
6.037957 1.62432792
6.138590 1.62432826
6.239222 1.62432861
6.339855 1.62432898
6.440488 1.62432935
6.541120 1.62432974
6.641753 1.62433014
6.742386 1.62433055
6.843018 1.62433098
6.943651 1.62433142
7.044283 1.62433187
7.144916 1.62433234
7.245549 1.62433282
7.346181 1.62433332
7.446814 1.62433383
7.547447 1.62433436
7.648079 1.62433489
7.748712 1.62433545
7.849344 1.62433602
7.949977 1.62433662
8.050610 1.62433722
8.151242 1.62433784
8.251875 1.62433848
8.352508 1.62433914
8.453140 1.62433981
8.553773 1.62434051
8.654405 1.62434122
8.755038 1.62434195
8.855671 1.62434269
8.956303 1.62434347
9.056936 1.62434425
9.157568 1.62434506
9.258201 1.62434589
9.358834 1.62434674
9.459466 1.62434761
9.560099 1.62434850
9.660732 1.62434942
9.761364 1.62435036
9.861997 1.62435131
9.962629 1.62435230
10.063262 1.62435330
10.163895 1.62435433
10.264527 1.62435538
10.365160 1.62435646
10.465793 1.62435756
10.566425 1.62435869
10.667058 1.62435984
10.767690 1.62436102
10.868323 1.62436223
10.968956 1.62436346
11.069588 1.62436472
11.170221 1.62436601
11.270853 1.62436732
11.371486 1.62436866
11.472119 1.62437003
11.572751 1.62437144
11.673384 1.62437286
11.774017 1.62437433
11.874649 1.62437581
11.975282 1.62437734
12.075914 1.62437889
12.176547 1.62438047
12.277180 1.62438209
12.377812 1.62438374
12.478445 1.62438541
12.579078 1.62438713
12.679710 1.62438888
12.780343 1.62439066
12.880975 1.62439247
12.981608 1.62439432
13.082241 1.62439621
13.182873 1.62439813
13.283506 1.62440009
13.384139 1.62440208
13.484771 1.62440411
13.585404 1.62440618
13.686036 1.62440828
13.786669 1.62441043
13.887302 1.62441261
13.987934 1.62441483
14.088567 1.62441708
14.189199 1.62441938
14.289832 1.62442172
14.390465 1.62442410
14.491097 1.62442651
14.591730 1.62442897
14.692363 1.62443147
14.792995 1.62443401
14.893628 1.62443659
14.994260 1.62443921
15.094893 1.62444187
15.195526 1.62444458
15.296158 1.62444732
15.396791 1.62445011
15.497424 1.62445294
15.598056 1.62445580
15.698689 1.62445871
15.799321 1.62446166
15.899954 1.62446465
16.000587 1.62446768
16.101219 1.62447074
16.201852 1.62447384
16.302485 1.62447698
16.403117 1.62448015
16.503750 1.62448335
16.604382 1.62448659
16.705015 1.62448985
16.805648 1.62449313
16.906280 1.62449643
17.006913 1.62449975
17.107545 1.62450308
17.208178 1.62450641
17.308811 1.62450974
17.409443 1.62451305
17.510076 1.62451634
17.610709 1.62451960
17.711341 1.62452281
17.811974 1.62452596
17.912606 1.62452902
18.013239 1.62453198
18.113872 1.62453481
18.214504 1.62453747
18.315137 1.62453994
18.415770 1.62454217
18.516402 1.62454413
18.617035 1.62454573
18.717667 1.62454693
18.818300 1.62454765
18.918933 1.62454780
19.019565 1.62454727
19.120198 1.62454594
19.220831 1.62454366
19.321463 1.62454028
19.422096 1.62453558
19.522728 1.62452935
19.623361 1.62452131
19.723994 1.62451114
19.824626 1.62449847
19.925259 1.62448288
20.025891 1.62446382
20.126524 1.62444072
20.227157 1.62441285
20.327789 1.62437937
20.428422 1.62433930
20.529055 1.62429146
20.629687 1.62423448
20.730320 1.62416670
20.830952 1.62408620
20.931585 1.62399066
21.032218 1.62387734
21.132850 1.62374296
21.233483 1.62358360
21.334116 1.62339456
21.434748 1.62317022
21.535381 1.62290376
21.636013 1.62258698
21.736646 1.62220987
21.837279 1.62176028
21.937911 1.62122328
22.038544 1.62058057
22.139177 1.61980940
22.239809 1.61888158
22.340442 1.61776171
22.441074 1.61640526
22.541707 1.61475559
22.642340 1.61274044
22.742972 1.61026655
22.843605 1.60721310
22.944237 1.60342174
23.044870 1.59868417
23.145503 1.59272327
23.246135 1.58516902
23.346768 1.57552216
23.447401 1.56310708
23.548033 1.54700061
23.648666 1.52593889
23.749298 1.49817678
23.849931 1.46130210
23.950564 1.41195825
24.051196 1.34547295
24.151829 1.25532115
24.252462 1.13239157
24.353094 0.96401157
24.453727 0.73250628
24.554359 0.41365949
24.654992 -0.02540367
24.755625 -0.62034174
24.856257 -1.35544863
24.956890 -2.02538064
25.057523 -2.32053290
25.158155 -2.34164994
25.258788 -2.53352378
25.359420 -3.17964257
25.460053 -4.38077280
25.560686 -6.17659506
25.661318 -8.52188243
25.761951 -11.11449328
25.862583 -13.19427787
25.963216 -13.78741959
26.063849 -12.55993807
26.164481 -10.19699249
26.265114 -7.69306881
26.365747 -5.65420938
26.466379 -4.28851470
26.567012 -3.63542544
26.667644 -3.69767792
26.768277 -4.48107895
26.868910 -5.96766306
26.969542 -7.99551107
27.070175 -10.02710468
27.170808 -11.12039421
27.271440 -10.58113638
27.372073 -8.69350563
27.472705 -6.39639993
27.573338 -4.43869504
27.673971 -3.12113778
27.774603 -2.49991081
27.875236 -2.57107068
27.975869 -3.33644810
28.076501 -4.79541740
28.177134 -6.86903108
28.277766 -9.19735986
28.378399 -10.96129191
28.479032 -11.26433679
28.579664 -9.99082994
28.680297 -7.93696106
28.780929 -6.00540834
28.881562 -4.66288380
28.982195 -4.03245829
29.082827 -4.12160377
29.183460 -4.92533387
29.284093 -6.43576866
29.384725 -8.59807109
29.485358 -11.15687812
29.585990 -13.42473290
29.686623 -14.39496943
29.787256 -13.52461334
29.887888 -11.31250067
29.988521 -8.76449798
30.089154 -6.59005381
30.189786 -5.05947758
30.290419 -4.23251201
30.391051 -4.11770826
30.491684 -4.72011072
30.592317 -6.03453018
30.692949 -7.94784343
30.793582 -10.01497152
30.894215 -11.34822582
30.994847 -11.12622034
31.095480 -9.41561698
31.196112 -7.09573934
31.296745 -5.00411232
31.397378 -3.52037420
31.498010 -2.73151801
31.598643 -2.63945210
31.699275 -3.24181956
31.799908 -4.54313155
31.900541 -6.49320151
32.001173 -8.80886758
32.101806 -10.76289829
32.202439 -11.40858719
32.303071 -10.41510105
32.403704 -8.44221192
32.504336 -6.43975794
32.604969 -4.96681401
32.705602 -4.19614363
32.806234 -4.14681745
32.906867 -4.81078742
33.007500 -6.18304756
33.108132 -8.22486566
33.208765 -10.73802741
33.309397 -13.13683703
33.410030 -14.43351945
33.510663 -13.91055579
33.611295 -11.86481632
33.711928 -9.27910389
33.812560 -6.95773177
33.913193 -5.24878658
34.013826 -4.23840124
34.114458 -3.93701625
34.215091 -4.35064076
34.315724 -5.47844401
34.416356 -7.24248833
34.516989 -9.28903911
34.617621 -10.80433919
34.718254 -10.87763426
34.818887 -9.36037021
34.919519 -7.02825653
35.020152 -4.78657735
35.120785 -3.10945426
35.221417 -2.12168932
35.322050 -1.82992452
35.422682 -2.23153710
35.523315 -3.32887369
35.623948 -5.08969116
35.724580 -7.29714319
35.825213 -9.31124947
35.925846 -10.16352199
36.026478 -9.32051437
36.127111 -7.25446299
36.227743 -4.91579595
36.328376 -2.94520208
36.429009 -1.54555858
36.529641 -0.71568377
36.630274 -0.39872078
36.730906 -0.46843206
36.831539 -0.59852609
36.932172 -0.36470897
37.032804 0.23639894
37.133437 0.87669908
37.234070 1.38807208
37.334702 1.76918762
37.435335 2.05248066
37.535967 2.26504083
37.636600 2.42540719
37.737233 2.54544192
37.837865 2.63214726
37.938498 2.68888270
38.039131 2.71987749
38.139763 2.72962084
38.240396 2.73055156
38.341028 2.73059396
38.441661 2.73043297
38.542294 2.73019679
38.642926 2.72992572
38.743559 2.72963615
38.844192 2.72933573
38.944824 2.72902851
39.045457 2.72871679
39.146089 2.72840197
39.246722 2.72808496
39.347355 2.72776637
39.447987 2.72744658
39.548620 2.72712593
39.649252 2.72680471
39.749885 2.72648336
39.850518 2.72616275
39.951150 2.72584489
40.051783 2.72553493
40.152416 2.72524862
40.253048 2.72504935
40.353681 2.72529123
40.454313 2.72672944
40.554946 2.72913430
40.655579 2.73187811
40.756211 2.73397649
40.856844 2.73392668
40.957477 2.72947173
41.058109 2.71723860
41.158742 2.69214672
41.259374 2.64683090
41.360007 2.57042490
41.460640 2.44870274
41.561272 2.27021874
41.661905 2.04380446
41.762538 1.82539160
41.863170 1.71009121
41.963803 1.75503286
42.064435 1.91790717
42.165068 2.10200509
42.265701 2.23691594
42.366333 2.29889706
42.466966 2.28868874
42.567598 2.21242579
42.668231 2.07485560
42.768864 1.88249370
42.869496 1.65687689
42.970129 1.45243676
43.070762 1.34409858
43.171394 1.35930681
43.272027 1.43445169
43.372659 1.46462780
43.473292 1.37036891
43.573925 1.12447358
43.674557 0.77827116
43.775190 0.48805905
43.875823 0.44358196
43.976455 0.69711428
44.077088 1.11241394
44.177720 1.51020885
44.278353 1.79646614
44.378986 1.95724602
44.479618 2.00708140
44.580251 1.96080924
44.680884 1.82541846
44.781516 1.60038814
44.882149 1.28294071
44.982781 0.88524973
45.083414 0.47214593
45.184047 0.17788388
45.284679 0.12065565
45.385312 0.28616971
45.485944 0.57306258
45.586577 0.89621820
45.687210 1.18072841
45.787842 1.40498883
45.888475 1.62465812
45.989108 1.86054285
46.089740 2.07137378
46.190373 2.23402732
46.291005 2.35374329
46.391638 2.44150169
46.492271 2.50611490
46.592903 2.55376859
46.693536 2.58866701
46.794169 2.61353870
46.894801 2.63016787
46.995434 2.63951393
47.096066 2.64274216
47.196699 2.64300949
47.297332 2.64287558
47.397964 2.64263284
47.498597 2.64234941
47.599230 2.64204717
47.699862 2.64173514
47.800495 2.64141764
47.901127 2.64109695
48.001760 2.64077431
48.102393 2.64045047
48.203025 2.64012586
48.303658 2.63980076
48.404290 2.63947533
48.504923 2.63914970
48.605556 2.63882392
48.706188 2.63849804
48.806821 2.63817210
48.907454 2.63784627
49.008086 2.63752201
49.108719 2.63719949
49.209351 2.63687872
49.309984 2.63655969
49.410617 2.63624241
49.511249 2.63592688
49.611882 2.63561311
49.712515 2.63530109
49.813147 2.63499083
49.913780 2.63468232
50.014412 2.63437556
50.115045 2.63407056
50.215678 2.63376732
50.316310 2.63346583
50.416943 2.63316610
50.517576 2.63286813
50.618208 2.63257191
50.718841 2.63227744
50.819473 2.63198474
50.920106 2.63169379
51.020739 2.63140459
51.121371 2.63111715
51.222004 2.63083147
51.322636 2.63054754
51.423269 2.63026537
51.523902 2.62998496
51.624534 2.62970630
51.725167 2.62942940
51.825800 2.62915425
51.926432 2.62888086
52.027065 2.62860923
52.127697 2.62833936
52.228330 2.62807124
52.328963 2.62780487
52.429595 2.62754027
52.530228 2.62727742
52.630861 2.62701632
52.731493 2.62675699
52.832126 2.62649941
52.932758 2.62624358
53.033391 2.62598952
53.134024 2.62573721
53.234656 2.62548665
53.335289 2.62523786
53.435921 2.62499082
53.536554 2.62474553
53.637187 2.62450201
53.737819 2.62426024
53.838452 2.62402022
53.939085 2.62378197
54.039717 2.62354547
54.140350 2.62331073
54.240982 2.62307774
54.341615 2.62284651
54.442248 2.62261704
54.542880 2.62238933
54.643513 2.62216337
54.744146 2.62193917
54.844778 2.62171673
54.945411 2.62149604
55.046043 2.62127712
55.146676 2.62105994
55.247309 2.62084453
55.347941 2.62063087
55.448574 2.62041897
55.549207 2.62020883
55.649839 2.62000045
55.750472 2.61979382
55.851104 2.61958895
55.951737 2.61938584
56.052370 2.61918448
56.153002 2.61898488
56.253635 2.61878704
56.354267 2.61859096
56.454900 2.61839663
56.555533 2.61820407
56.656165 2.61801326
56.756798 2.61782420
56.857431 2.61763691
56.958063 2.61745137
57.058696 2.61726759
57.159328 2.61708557
57.259961 2.61690530
57.360594 2.61672679
57.461226 2.61655004
57.561859 2.61637505
57.662492 2.61620182
57.763124 2.61603034
57.863757 2.61586062
57.964389 2.61569266
58.065022 2.61552646
58.165655 2.61536201
58.266287 2.61519933
58.366920 2.61503840
58.467553 2.61487922
58.568185 2.61472181
58.668818 2.61456615
58.769450 2.61441226
58.870083 2.61426012
58.970716 2.61410973
59.071348 2.61396111
59.171981 2.61381424
59.272613 2.61366913
59.373246 2.61352578
59.473879 2.61338419
59.574511 2.61324436
59.675144 2.61310628
59.775777 2.61296996
59.876409 2.61283540
59.977042 2.61270260
60.077674 2.61257156
60.178307 2.61244227
60.278940 2.61231474
60.379572 2.61218897
60.480205 2.61206496
60.580838 2.61194271
60.681470 2.61182222
60.782103 2.61170348
60.882735 2.61158650
60.983368 2.61147128
61.084001 2.61135782
61.184633 2.61124611
61.285266 2.61113617
61.385899 2.61102798
61.486531 2.61092155
61.587164 2.61081688
61.687796 2.61071397
61.788429 2.61061282
61.889062 2.61051342
61.989694 2.61041578
62.090327 2.61031990
62.190959 2.61022578
62.291592 2.61013342
62.392225 2.61004282
62.492857 2.60995397
62.593490 2.60986688
62.694123 2.60978156
62.794755 2.60969799
62.895388 2.60961617
62.996020 2.60953612
63.096653 2.60945783
63.197286 2.60938129
63.297918 2.60930651
63.398551 2.60923349
63.499184 2.60916223
63.599816 2.60909273
63.700449 2.60902499
63.801081 2.60895900
63.901714 2.60889477
64.002347 2.60883231
64.102979 2.60877160
64.203612 2.60871264
64.304245 2.60865545
64.404877 2.60860002
64.505510 2.60854634
64.606142 2.60849443
64.706775 2.60844427
64.807408 2.60839587
64.908040 2.60834923
65.008673 2.60830434
65.109305 2.60826122
65.209938 2.60821986
65.310571 2.60818025
65.411203 2.60814240
65.511836 2.60810631
65.612469 2.60807198
65.713101 2.60803941
65.813734 2.60800860
65.914366 2.60797954
66.014999 2.60795225
66.115632 2.60792671
66.216264 2.60790293
66.316897 2.60788091
66.417530 2.60786065
66.518162 2.60784215
66.618795 2.60782540
66.719427 2.60781042
66.820060 2.60779719
66.920693 2.60778573
67.021325 2.60777602
67.121958 2.60776807
67.222591 2.60776188
67.323223 2.60775744
67.423856 2.60775477
67.524488 2.60775386
67.625121 2.60775470
67.725754 2.60775730
67.826386 2.60776167
67.927019 2.60776779
68.027651 2.60777567
68.128284 2.60778530
68.228917 2.60779670
68.329549 2.60780986
68.430182 2.60782477
68.530815 2.60784144
68.631447 2.60785988
68.732080 2.60788007
68.832712 2.60790202
68.933345 2.60792573
69.033978 2.60795119
69.134610 2.60797842
69.235243 2.60800741
69.335876 2.60803815
69.436508 2.60807065
69.537141 2.60810492
69.637773 2.60814094
69.738406 2.60817872
69.839039 2.60821826
69.939671 2.60825940
70.040304 2.60830070
70.140937 2.60834200
70.241569 2.60838330
70.342202 2.60842460
70.442834 2.60846589
70.543467 2.60850719
70.644100 2.60854849
70.744732 2.60858979
