0.100633 1.62811208
0.201265 1.62811629
0.301898 1.62811183
0.402530 1.62811139
0.503163 1.62811145
0.603796 1.62811153
0.704428 1.62811160
0.805061 1.62811167
0.905694 1.62811174
1.006326 1.62811181
1.106959 1.62811189
1.207591 1.62811196
1.308224 1.62811203
1.408857 1.62811211
1.509489 1.62811218
1.610122 1.62811226
1.710755 1.62811233
1.811387 1.62811241
1.912020 1.62811248
2.012652 1.62811256
2.113285 1.62811264
2.213918 1.62811272
2.314550 1.62811280
2.415183 1.62811288
2.515816 1.62811296
2.616448 1.62811305
2.717081 1.62811313
2.817713 1.62811322
2.918346 1.62811330
3.018979 1.62811339
3.119611 1.62811348
3.220244 1.62811357
3.320876 1.62811366
3.421509 1.62811375
3.522142 1.62811385
3.622774 1.62811394
3.723407 1.62811404
3.824040 1.62811414
3.924672 1.62811424
4.025305 1.62811434
4.125937 1.62811445
4.226570 1.62811456
4.327203 1.62811466
4.427835 1.62811477
4.528468 1.62811489
4.629101 1.62811500
4.729733 1.62811512
4.830366 1.62811524
4.930998 1.62811536
5.031631 1.62811548
5.132264 1.62811561
5.232896 1.62811574
5.333529 1.62811587
5.434162 1.62811601
5.534794 1.62811615
5.635427 1.62811629
5.736059 1.62811643
5.836692 1.62811658
5.937325 1.62811673
6.037957 1.62811688
6.138590 1.62811704
6.239222 1.62811720
6.339855 1.62811736
6.440488 1.62811753
6.541120 1.62811770
6.641753 1.62811788
6.742386 1.62811806
6.843018 1.62811824
6.943651 1.62811843
7.044283 1.62811862
7.144916 1.62811882
7.245549 1.62811902
7.346181 1.62811923
7.446814 1.62811944
7.547447 1.62811966
7.648079 1.62811988
7.748712 1.62812011
7.849344 1.62812034
7.949977 1.62812058
8.050610 1.62812082
8.151242 1.62812107
8.251875 1.62812132
8.352508 1.62812159
8.453140 1.62812185
8.553773 1.62812213
8.654405 1.62812241
8.755038 1.62812270
8.855671 1.62812299
8.956303 1.62812329
9.056936 1.62812360
9.157568 1.62812391
9.258201 1.62812424
9.358834 1.62812457
9.459466 1.62812490
9.560099 1.62812525
9.660732 1.62812561
9.761364 1.62812597
9.861997 1.62812634
9.962629 1.62812672
10.063262 1.62812711
10.163895 1.62812751
10.264527 1.62812791
10.365160 1.62812833
10.465793 1.62812875
10.566425 1.62812919
10.667058 1.62812963
10.767690 1.62813009
10.868323 1.62813055
10.968956 1.62813103
11.069588 1.62813151
11.170221 1.62813201
11.270853 1.62813252
11.371486 1.62813304
11.472119 1.62813357
11.572751 1.62813411
11.673384 1.62813466
11.774017 1.62813523
11.874649 1.62813580
11.975282 1.62813639
12.075914 1.62813699
12.176547 1.62813761
12.277180 1.62813823
12.377812 1.62813887
12.478445 1.62813952
12.579078 1.62814019
12.679710 1.62814087
12.780343 1.62814156
12.880975 1.62814227
12.981608 1.62814299
13.082241 1.62814373
13.182873 1.62814448
13.283506 1.62814524
13.384139 1.62814602
13.484771 1.62814681
13.585404 1.62814762
13.686036 1.62814844
13.786669 1.62814928
13.887302 1.62815013
13.987934 1.62815100
14.088567 1.62815189
14.189199 1.62815279
14.289832 1.62815370
14.390465 1.62815464
14.491097 1.62815558
14.591730 1.62815655
14.692363 1.62815753
14.792995 1.62815852
14.893628 1.62815953
14.994260 1.62816056
15.094893 1.62816160
15.195526 1.62816266
15.296158 1.62816373
15.396791 1.62816482
15.497424 1.62816592
15.598056 1.62816704
15.698689 1.62816817
15.799321 1.62816931
15.899954 1.62817047
16.000587 1.62817164
16.101219 1.62817281
16.201852 1.62817400
16.302485 1.62817519
16.403117 1.62817639
16.503750 1.62817759
16.604382 1.62817879
16.705015 1.62817999
16.805648 1.62818118
16.906280 1.62818236
17.006913 1.62818353
17.107545 1.62818467
17.208178 1.62818579
17.308811 1.62818688
17.409443 1.62818792
17.510076 1.62818890
17.610709 1.62818982
17.711341 1.62819066
17.811974 1.62819140
17.912606 1.62819202
18.013239 1.62819251
18.113872 1.62819283
18.214504 1.62819295
18.315137 1.62819284
18.415770 1.62819246
18.516402 1.62819175
18.617035 1.62819066
18.717667 1.62818913
18.818300 1.62818708
18.918933 1.62818441
19.019565 1.62818102
19.120198 1.62817679
19.220831 1.62817157
19.321463 1.62816520
19.422096 1.62815747
19.522728 1.62814815
19.623361 1.62813697
19.723994 1.62812361
19.824626 1.62810770
19.925259 1.62808880
20.025891 1.62806638
20.126524 1.62803986
20.227157 1.62800850
20.327789 1.62797148
20.428422 1.62792778
20.529055 1.62787625
20.629687 1.62781549
20.730320 1.62774388
20.830952 1.62765944
20.931585 1.62755990
21.032218 1.62744246
21.132850 1.62730390
21.233483 1.62714023
21.334116 1.62694683
21.434748 1.62671798
21.535381 1.62644696
21.636013 1.62612545
21.736646 1.62574356
21.837279 1.62528901
21.937911 1.62474701
22.038544 1.62409909
22.139177 1.62332268
22.239809 1.62238939
22.340442 1.62126400
22.441074 1.61990177
22.541707 1.61824627
22.642340 1.61622497
22.742972 1.61374485
22.843605 1.61068476
22.944237 1.60688661
23.044870 1.60214173
23.145503 1.59617320
23.246135 1.58861064
23.346768 1.57895493
23.447401 1.56653004
23.548033 1.55041289
23.648666 1.52933922
23.749298 1.50156386
23.849931 1.46467433
23.950564 1.41531390
24.051196 1.34881030
24.151829 1.25863830
24.252462 1.13568725
24.353094 0.96728442
24.453727 0.73575650
24.554359 0.41688725
24.654992 -0.02219576
24.755625 -0.61715161
24.856257 -1.35227225
24.956890 -2.02221754
25.057523 -2.31774570
25.158155 -2.33915740
25.258788 -2.53132635
25.359420 -3.17778275
25.460053 -4.37930827
25.560686 -6.17558485
25.661318 -8.52138038
25.761951 -11.11454174
25.862583 -13.19490683
25.963216 -13.78864473
26.063849 -12.56176510
26.164481 -10.19941649
26.265114 -7.69607427
26.365747 -5.65777146
26.466379 -4.29260427
26.567012 -3.64001242
26.667644 -3.70273745
26.768277 -4.48659626
26.868910 -5.97363794
26.969542 -8.00195137
27.070175 -10.03401179
27.170808 -11.12774044
27.271440 -10.58885642
27.372073 -8.70150617
27.472705 -6.40457471
27.573338 -4.44694767
27.673971 -3.12941965
27.774603 -2.50823531
27.875236 -2.57947235
27.975869 -3.34496144
28.076501 -4.80409601
28.177134 -6.87794825
28.277766 -9.20657651
28.378399 -10.97083106
28.479032 -11.27417682
28.579664 -10.00091968
28.680297 -7.94724207
28.780929 -6.01582916
28.881562 -4.67340289
28.982195 -4.04303700
29.082827 -4.13219953
29.183460 -4.93589719
29.284093 -6.44624512
29.384725 -8.60840859
29.485358 -11.16703650
29.585990 -13.43469219
29.686623 -14.40473146
29.787256 -13.53420391
29.887888 -11.32196531
29.988521 -8.77388250
30.089154 -6.59936971
30.189786 -5.06866466
30.290419 -4.24141576
30.391051 -4.12607292
30.491684 -4.72757765
30.592317 -6.04064194
30.692949 -7.95204587
30.793582 -10.01659810
30.894215 -11.34648361
30.994847 -11.12023722
31.095480 -9.40458791
31.196112 -7.07906498
31.296745 -4.98136311
31.397378 -3.49113500
31.498010 -2.69524483
31.598643 -2.59543151
31.699275 -3.18924161
31.799908 -4.48099465
31.900541 -6.42007541
32.001173 -8.72270610
32.101806 -10.66090450
32.202439 -11.28714595
32.303071 -10.26994613
32.403704 -8.26878674
32.504336 -6.23340322
32.604969 -4.72274252
32.705602 -3.90940787
32.806234 -3.81240947
32.906867 -4.42411177
33.007500 -5.74110853
33.108132 -7.72839754
33.208765 -10.19423712
33.309397 -12.56127579
33.410030 -13.84914463
33.510663 -13.34417471
33.611295 -11.34184781
33.711928 -8.81890986
33.812560 -6.57163463
33.913193 -4.94108265
34.013826 -4.00892360
34.114458 -3.78365766
34.215091 -4.27105202
34.315724 -5.47092708
34.416356 -7.30637065
34.516989 -9.42465231
34.617621 -11.01245727
34.718254 -11.15804968
34.818887 -9.70950198
34.919519 -7.43628278
35.020152 -5.23562015
35.120785 -3.57459731
35.221417 -2.57515134
35.322050 -2.24666093
35.422682 -2.59361738
35.523315 -3.62689560
35.623948 -5.32090108
35.724580 -7.46243812
35.825213 -9.41269543
35.925846 -10.20295929
36.026478 -9.29941249
36.127111 -7.17459776
36.227743 -4.77983330
36.328376 -2.75660750
36.429009 -1.30810120
36.529641 -0.43301229
36.630274 -0.07403392
36.730906 -0.10418322
36.831539 -0.19645415
36.932172 0.07362145
37.032804 0.70825687
37.133437 1.37996333
37.234070 1.92189993
37.334702 2.33279439
37.435335 2.64464470
37.535967 2.88397968
37.636600 3.06849827
37.737233 3.20903160
37.837865 3.31192051
37.938498 3.38037677
38.039131 3.41891315
38.139763 3.43253196
38.240396 3.43563173
38.341028 3.43757539
38.441661 3.43921406
38.542294 3.44072535
38.642926 3.44217233
38.743559 3.44358349
38.844192 3.44497336
38.944824 3.44634998
39.045457 3.44771808
39.146089 3.44908059
39.246722 3.45043939
39.347355 3.45179572
39.447987 3.45315051
39.548620 3.45450447
39.649252 3.45585836
39.749885 3.45721312
39.850518 3.45857029
39.951150 3.45993284
40.051783 3.46130729
40.152416 3.46271150
40.253048 3.46421296
40.353681 3.46618029
40.454313 3.46939936
40.554946 3.47363997
40.655579 3.47826778
40.756211 3.48229100
40.856844 3.48419899
40.957477 3.48172649
41.058109 3.47149161
41.158742 3.44840493
41.259374 3.40509321
41.360007 3.33068357
41.460640 3.21094581
41.561272 3.03443313
41.661905 2.80997716
41.762538 2.59350709
41.863170 2.48012691
41.963803 2.52696166
42.064435 2.69170702
42.165068 2.87766699
42.265701 3.01444825
42.366333 3.07832648
42.466966 3.07005904
42.567598 2.99579364
42.668231 2.86028361
42.768864 2.67004257
42.869496 2.44659754
42.970129 2.24436321
43.070762 2.13824174
43.171394 2.15565362
43.272027 2.23296842
43.372659 2.26526747
43.473292 2.17308300
43.573925 1.92922470
43.674557 1.58504520
43.775190 1.29687000
43.875823 1.25446614
43.976455 1.51011152
44.077088 1.92754402
44.177720 2.32747128
44.278353 2.61585842
44.378986 2.77877490
44.479618 2.83076566
44.580251 2.78667810
44.680884 2.65350670
44.781516 2.43073089
44.882149 2.11556814
44.982781 1.72017979
45.083414 1.30937558
45.184047 1.01738588
45.284679 0.96238626
45.385312 1.13008639
45.485944 1.41914174
45.586577 1.74446175
45.687210 2.03116294
45.787842 2.25766316
45.888475 2.47963648
45.989108 2.71789585
46.089740 2.93116790
46.190373 3.09631629
46.291005 3.21856259
46.391638 3.30886403
46.492271 3.37600794
46.592903 3.42615275
46.693536 3.46347279
46.794169 3.49066230
46.894801 3.50947143
46.995434 3.52083008
47.096066 3.52589785
47.196699 3.52790454
47.297332 3.52948291
47.397964 3.53093859
47.498597 3.53234508
47.599230 3.53372719
47.699862 3.53509578
47.800495 3.53645638
47.901127 3.53781205
48.001760 3.53916458
48.102393 3.54051508
48.203025 3.54186422
48.303658 3.54321247
48.404290 3.54456009
48.504923 3.54590730
48.605556 3.54725422
48.706188 3.54860094
48.806821 3.54994752
48.907454 3.55129345
49.008086 3.55263347
49.108719 3.55396707
49.209351 3.55529424
49.309984 3.55661501
49.410617 3.55792938
49.511249 3.55923736
49.611882 3.56053895
49.712515 3.56183416
49.813147 3.56312298
49.913780 3.56440542
50.014412 3.56568147
50.115045 3.56695115
50.215678 3.56821445
50.316310 3.56947137
50.416943 3.57072191
50.517576 3.57196608
50.618208 3.57320386
50.718841 3.57443527
50.819473 3.57566030
50.920106 3.57687896
51.020739 3.57809123
51.121371 3.57929713
51.222004 3.58049665
51.322636 3.58168980
51.423269 3.58287657
51.523902 3.58405695
51.624534 3.58523097
51.725167 3.58639860
51.825800 3.58755986
51.926432 3.58871474
52.027065 3.58986324
52.127697 3.59100537
52.228330 3.59214112
52.328963 3.59327049
52.429595 3.59439348
52.530228 3.59551010
52.630861 3.59662034
52.731493 3.59772420
52.832126 3.59882168
52.932758 3.59991279
53.033391 3.60099751
53.134024 3.60207586
53.234656 3.60314784
53.335289 3.60421343
53.435921 3.60527265
53.536554 3.60632549
53.637187 3.60737195
53.737819 3.60841204
53.838452 3.60944574
53.939085 3.61047307
54.039717 3.61149402
54.140350 3.61250859
54.240982 3.61351679
54.341615 3.61451860
54.442248 3.61551404
54.542880 3.61650310
54.643513 3.61748579
54.744146 3.61846209
54.844778 3.61943202
54.945411 3.62039556
55.046043 3.62135273
55.146676 3.62230353
55.247309 3.62324794
55.347941 3.62418598
55.448574 3.62511763
55.549207 3.62604291
55.649839 3.62696181
55.750472 3.62787433
55.851104 3.62878048
55.951737 3.62968024
56.052370 3.63057363
56.153002 3.63146064
56.253635 3.63234127
56.354267 3.63321552
56.454900 3.63408339
56.555533 3.63494489
56.656165 3.63580000
56.756798 3.63664874
56.857431 3.63749110
56.958063 3.63832708
57.058696 3.63915668
57.159328 3.63997990
57.259961 3.64079674
57.360594 3.64160721
57.461226 3.64241129
57.561859 3.64320900
57.662492 3.64400033
57.763124 3.64478528
57.863757 3.64556385
57.964389 3.64633604
58.065022 3.64710185
58.165655 3.64786129
58.266287 3.64861434
58.366920 3.64936102
58.467553 3.65010131
58.568185 3.65083523
58.668818 3.65156277
58.769450 3.65228393
58.870083 3.65299871
58.970716 3.65370711
59.071348 3.65440913
59.171981 3.65510477
59.272613 3.65579404
59.373246 3.65647692
59.473879 3.65715342
59.574511 3.65782355
59.675144 3.65848730
59.775777 3.65914466
59.876409 3.65979565
59.977042 3.66044026
60.077674 3.66107848
60.178307 3.66171033
60.278940 3.66233580
60.379572 3.66295489
60.480205 3.66356760
60.580838 3.66417393
60.681470 3.66477388
60.782103 3.66536745
60.882735 3.66595464
60.983368 3.66653546
61.084001 3.66710989
61.184633 3.66767794
61.285266 3.66823961
61.385899 3.66879491
61.486531 3.66934382
61.587164 3.66988635
61.687796 3.67042251
61.788429 3.67095228
61.889062 3.67147567
61.989694 3.67199269
62.090327 3.67250332
62.190959 3.67300757
62.291592 3.67350545
62.392225 3.67399694
62.492857 3.67448205
62.593490 3.67496079
62.694123 3.67543314
62.794755 3.67589911
62.895388 3.67635870
62.996020 3.67681192
63.096653 3.67725875
63.197286 3.67769920
63.297918 3.67813327
63.398551 3.67856097
63.499184 3.67898228
63.599816 3.67939721
63.700449 3.67980576
63.801081 3.68020793
63.901714 3.68060372
64.002347 3.68099313
64.102979 3.68137616
64.203612 3.68175281
64.304245 3.68212307
64.404877 3.68248696
64.505510 3.68284447
64.606142 3.68319559
64.706775 3.68354034
64.807408 3.68387870
64.908040 3.68421069
65.008673 3.68453629
65.109305 3.68485551
65.209938 3.68516836
65.310571 3.68547482
65.411203 3.68577490
65.511836 3.68606860
65.612469 3.68635592
65.713101 3.68663686
65.813734 3.68691141
65.914366 3.68717959
66.014999 3.68744139
66.115632 3.68769680
66.216264 3.68794583
66.316897 3.68818849
66.417530 3.68842476
66.518162 3.68865465
66.618795 3.68887816
66.719427 3.68909529
66.820060 3.68930603
66.920693 3.68951040
67.021325 3.68970838
67.121958 3.68989999
67.222591 3.69008521
67.323223 3.69026405
67.423856 3.69043651
67.524488 3.69060259
67.625121 3.69076229
67.725754 3.69091560
67.826386 3.69106254
67.927019 3.69120309
68.027651 3.69133726
68.128284 3.69146505
68.228917 3.69158646
68.329549 3.69170149
68.430182 3.69181013
68.530815 3.69191240
68.631447 3.69200828
68.732080 3.69209778
68.832712 3.69218090
68.933345 3.69225764
69.033978 3.69232800
69.134610 3.69239197
69.235243 3.69244956
69.335876 3.69250078
69.436508 3.69254561
69.537141 3.69258405
69.637773 3.69261612
69.738406 3.69264180
69.839039 3.69266110
69.939671 3.69267456
70.040304 3.69268748
70.140937 3.69270040
70.241569 3.69271332
70.342202 3.69272624
70.442834 3.69273916
70.543467 3.69275208
70.644100 3.69276495
70.744732 3.69277792
