0.100633 1.62702088
0.201265 1.62702428
0.301898 1.62702062
0.402530 1.62702025
0.503163 1.62702028
0.603796 1.62702033
0.704428 1.62702038
0.805061 1.62702043
0.905694 1.62702049
1.006326 1.62702055
1.106959 1.62702062
1.207591 1.62702069
1.308224 1.62702077
1.408857 1.62702085
1.509489 1.62702095
1.610122 1.62702105
1.710755 1.62702116
1.811387 1.62702127
1.912020 1.62702140
2.012652 1.62702154
2.113285 1.62702169
2.213918 1.62702185
2.314550 1.62702202
2.415183 1.62702220
2.515816 1.62702240
2.616448 1.62702261
2.717081 1.62702283
2.817713 1.62702307
2.918346 1.62702332
3.018979 1.62702358
3.119611 1.62702387
3.220244 1.62702417
3.320876 1.62702448
3.421509 1.62702482
3.522142 1.62702517
3.622774 1.62702554
3.723407 1.62702593
3.824040 1.62702634
3.924672 1.62702677
4.025305 1.62702722
4.125937 1.62702769
4.226570 1.62702819
4.327203 1.62702870
4.427835 1.62702924
4.528468 1.62702980
4.629101 1.62703039
4.729733 1.62703100
4.830366 1.62703164
4.930998 1.62703230
5.031631 1.62703299
5.132264 1.62703370
5.232896 1.62703444
5.333529 1.62703521
5.434162 1.62703601
5.534794 1.62703684
5.635427 1.62703769
5.736059 1.62703858
5.836692 1.62703950
5.937325 1.62704045
6.037957 1.62704143
6.138590 1.62704244
6.239222 1.62704348
6.339855 1.62704456
6.440488 1.62704567
6.541120 1.62704682
6.641753 1.62704800
6.742386 1.62704922
6.843018 1.62705047
6.943651 1.62705176
7.044283 1.62705309
7.144916 1.62705446
7.245549 1.62705586
7.346181 1.62705730
7.446814 1.62705878
7.547447 1.62706030
7.648079 1.62706186
7.748712 1.62706347
7.849344 1.62706511
7.949977 1.62706680
8.050610 1.62706853
8.151242 1.62707030
8.251875 1.62707211
8.352508 1.62707397
8.453140 1.62707588
8.553773 1.62707783
8.654405 1.62707982
8.755038 1.62708187
8.855671 1.62708395
8.956303 1.62708609
9.056936 1.62708827
9.157568 1.62709051
9.258201 1.62709279
9.358834 1.62709512
9.459466 1.62709750
9.560099 1.62709993
9.660732 1.62710241
9.761364 1.62710495
9.861997 1.62710753
9.962629 1.62711017
10.063262 1.62711286
10.163895 1.62711560
10.264527 1.62711840
10.365160 1.62712125
10.465793 1.62712416
10.566425 1.62712712
10.667058 1.62713014
10.767690 1.62713321
10.868323 1.62713634
10.968956 1.62713953
11.069588 1.62714278
11.170221 1.62714608
11.270853 1.62714944
11.371486 1.62715286
11.472119 1.62715634
11.572751 1.62715988
11.673384 1.62716348
11.774017 1.62716714
11.874649 1.62717086
11.975282 1.62717464
12.075914 1.62717848
12.176547 1.62718238
12.277180 1.62718635
12.377812 1.62719038
12.478445 1.62719447
12.579078 1.62719862
12.679710 1.62720284
12.780343 1.62720712
12.880975 1.62721147
12.981608 1.62721588
13.082241 1.62722036
13.182873 1.62722490
13.283506 1.62722950
13.384139 1.62723417
13.484771 1.62723891
13.585404 1.62724371
13.686036 1.62724858
13.786669 1.62725352
13.887302 1.62725852
13.987934 1.62726359
14.088567 1.62726873
14.189199 1.62727393
14.289832 1.62727920
14.390465 1.62728453
14.491097 1.62728994
14.591730 1.62729541
14.692363 1.62730095
14.792995 1.62730655
14.893628 1.62731223
14.994260 1.62731796
15.094893 1.62732377
15.195526 1.62732964
15.296158 1.62733559
15.396791 1.62734159
15.497424 1.62734766
15.598056 1.62735379
15.698689 1.62736000
15.799321 1.62736626
15.899954 1.62737259
16.000587 1.62737897
16.101219 1.62738543
16.201852 1.62739193
16.302485 1.62739850
16.403117 1.62740511
16.503750 1.62741179
16.604382 1.62741850
16.705015 1.62742528
16.805648 1.62743209
16.906280 1.62743895
17.006913 1.62744583
17.107545 1.62745275
17.208178 1.62745968
17.308811 1.62746664
17.409443 1.62747358
17.510076 1.62748054
17.610709 1.62748746
17.711341 1.62749437
17.811974 1.62750121
17.912606 1.62750800
18.013239 1.62751468
18.113872 1.62752126
18.214504 1.62752767
18.315137 1.62753392
18.415770 1.62753991
18.516402 1.62754566
18.617035 1.62755104
18.717667 1.62755606
18.818300 1.62756057
18.918933 1.62756454
19.019565 1.62756781
19.120198 1.62757030
19.220831 1.62757183
19.321463 1.62757227
19.422096 1.62757137
19.522728 1.62756896
19.623361 1.62756470
19.723994 1.62755834
19.824626 1.62754943
19.925259 1.62753761
20.025891 1.62752228
20.126524 1.62750291
20.227157 1.62747871
20.327789 1.62744891
20.428422 1.62741244
20.529055 1.62736820
20.629687 1.62731472
20.730320 1.62725044
20.830952 1.62717333
20.931585 1.62708114
21.032218 1.62697105
21.132850 1.62683983
21.233483 1.62668350
21.334116 1.62649740
21.434748 1.62627581
21.535381 1.62601200
21.636013 1.62569762
21.736646 1.62532276
21.837279 1.62487513
21.937911 1.62433988
22.038544 1.62369854
22.139177 1.62292845
22.239809 1.62200125
22.340442 1.62088159
22.441074 1.61952474
22.541707 1.61787412
22.642340 1.61585724
22.742972 1.61338085
22.843605 1.61032386
22.944237 1.60652791
23.044870 1.60178438
23.145503 1.59581606
23.246135 1.58825256
23.346768 1.57859446
23.447401 1.56616572
23.548033 1.55004290
23.648666 1.52896168
23.749298 1.50117650
23.849931 1.46427478
23.950564 1.41489938
24.051196 1.34837779
24.151829 1.25818440
24.252462 1.13520816
24.353094 0.96677600
24.453727 0.73521401
24.554359 0.41630584
24.654992 -0.02282175
24.755625 -0.61782762
24.856257 -1.35300480
24.956890 -2.02301280
25.057523 -2.31848308
25.158155 -2.33988052
25.258788 -2.53205520
25.359420 -3.17852743
25.460053 -4.38007695
25.560686 -6.17638788
25.661318 -8.52222951
25.761951 -11.11545076
25.862583 -13.19588860
25.963216 -13.78971209
26.063849 -12.56292754
26.164481 -10.20068010
26.265114 -7.69743975
26.365747 -5.65923479
26.466379 -4.29415690
26.567012 -3.64164122
26.667644 -3.70442378
26.768277 -4.48831438
26.868910 -5.97535281
26.969542 -8.00361960
27.070175 -10.03558553
27.170808 -11.12917488
27.271440 -10.59011924
27.372073 -8.70258791
27.472705 -6.40549042
27.573338 -4.44772620
27.673971 -3.13008619
27.774603 -2.50880200
27.875236 -2.57995105
27.975869 -3.34536869
28.076501 -4.80444283
28.177134 -6.87823684
28.277766 -9.20680832
28.378399 -10.97100990
28.479032 -11.27430678
28.579664 -10.00100331
28.680297 -7.94727911
28.780929 -6.01581296
28.881562 -4.67331704
28.982195 -4.04285493
29.082827 -4.13188785
29.183460 -4.93541916
29.284093 -6.44556341
29.384725 -8.60748676
29.485358 -11.16584078
29.585990 -13.43319245
29.686623 -14.40290099
29.787256 -13.53202079
29.887888 -11.31941540
29.988521 -8.77096000
30.089154 -6.59607381
30.189786 -5.06499579
30.290419 -4.23737444
30.391051 -4.12166061
30.491684 -4.72279987
30.592317 -6.03551249
30.692949 -7.94659517
30.793582 -10.01088664
30.894215 -11.34061406
30.994847 -11.11434981
31.095480 -9.39883092
31.196112 -7.07356019
31.296745 -4.97619299
31.397378 -3.48633795
31.498010 -2.69080849
31.598643 -2.59129863
31.699275 -3.18532082
31.799908 -4.47715703
31.900541 -6.41613587
32.001173 -8.71841069
32.101806 -10.65591751
32.202439 -11.28104094
32.303071 -10.26224508
32.403704 -8.25902894
32.504336 -6.22116581
32.604969 -4.70761688
32.705602 -3.89097420
32.806234 -3.79020939
32.906867 -4.39761475
33.007500 -5.70966446
33.108132 -7.69115216
33.208765 -10.14999210
33.309397 -12.50850644
33.410030 -13.78636238
33.510663 -13.26987145
33.611295 -11.25445555
33.711928 -8.71681285
33.812560 -6.45315582
33.913193 -4.80443877
34.013826 -3.85214597
34.114458 -3.60447320
34.215091 -4.06671936
34.315724 -5.23802880
34.416356 -7.04062723
34.516989 -9.12090352
34.617621 -10.66511294
34.718254 -10.76255843
34.818887 -9.26505231
34.919519 -6.94894865
35.020152 -4.72022711
35.120785 -3.05362438
35.221417 -2.07445714
35.322050 -1.78977986
35.422682 -2.19726807
35.523315 -3.29960159
35.623948 -5.06489467
35.724580 -7.27643821
35.825213 -9.29414016
35.925846 -10.14926706
36.026478 -9.30818185
36.127111 -7.24311463
36.227743 -4.90465574
36.328376 -2.93379198
36.429009 -1.53389275
36.529641 -0.70459513
36.630274 -0.39057166
36.730906 -0.46733179
36.831539 -0.60777435
36.932172 -0.38737528
37.032804 0.19705790
37.133437 0.81720346
37.234070 1.30479052
37.334702 1.65839415
37.435335 1.91039407
37.535967 2.08780227
37.636600 2.20902992
37.737233 2.28565058
37.837865 2.32467263
37.938498 2.33019016
38.039131 2.30718871
38.139763 2.26231035
38.240396 2.21151773
38.341028 2.17135639
38.441661 2.15174579
38.542294 2.15864242
38.642926 2.19211280
38.743559 2.24660638
38.844192 2.31370259
38.944824 2.38542186
39.045457 2.45619569
39.146089 2.52304987
39.246722 2.58482689
39.347355 2.64129840
39.447987 2.69249702
39.548620 2.73853373
39.649252 2.77945047
39.749885 2.81528047
39.850518 2.84601196
39.951150 2.87162379
40.051783 2.89210814
40.152416 2.90755281
40.253048 2.91842878
40.353681 2.92614196
40.454313 2.93269480
40.554946 2.93911748
40.655579 2.94540810
40.756211 2.95084705
40.856844 2.95403262
40.957477 2.95274200
41.058109 2.94361113
41.158742 2.92155912
41.259374 2.87922187
41.360007 2.80573923
41.460640 2.68690099
41.561272 2.51128244
41.661905 2.28773410
41.762538 2.07218588
41.863170 1.95971399
41.963803 2.00741170
42.064435 2.17296602
42.165068 2.35969232
42.265701 2.49721803
42.366333 2.56184191
42.466966 2.55434204
42.567598 2.48088359
42.668231 2.34623200
42.768864 2.15690443
42.869496 1.93442146
42.970129 1.73318129
43.070762 1.62806148
43.171394 1.64645825
43.272027 1.72472380
43.372659 1.75793039
43.473292 1.66661157
43.573925 1.42358851
43.674557 1.08023353
43.775190 0.79289373
43.875823 0.75135162
43.976455 1.00788679
44.077088 1.42622317
44.177720 1.82705386
44.278353 2.11634081
44.378986 2.28015757
44.479618 2.33305531
44.580251 2.28988711
44.680884 2.15765079
44.781516 1.93582630
44.882149 1.62162874
44.982781 1.22721272
45.083414 0.81737568
45.184047 0.52633354
45.284679 0.47225174
45.385312 0.64084090
45.485944 0.93076836
45.586577 1.25695891
45.687210 1.54454360
45.787842 1.77195295
45.888475 1.99486993
45.989108 2.23411102
46.089740 2.44840073
46.190373 2.61459597
46.291005 2.73790883
46.391638 2.82928485
46.492271 2.89749865
46.592903 2.94869507
46.693536 2.98703361
46.794169 3.01519172
46.894801 3.03490292
46.995434 3.04708289
47.096066 3.05288890
47.196699 3.05558688
47.297332 3.05784495
47.397964 3.05997473
47.498597 3.06205196
47.599230 3.06410262
47.699862 3.06613829
47.800495 3.06816496
47.901127 3.07018601
48.001760 3.07220344
48.102393 3.07421849
48.203025 3.07623196
48.303658 3.07824435
48.404290 3.08025600
48.504923 3.08226714
48.605556 3.08427792
48.706188 3.08628845
48.806821 3.08829880
48.907454 3.09030820
49.008086 3.09230882
49.108719 3.09429988
49.209351 3.09628138
49.309984 3.09825333
49.410617 3.10021576
49.511249 3.10216867
49.611882 3.10411206
49.712515 3.10604594
49.813147 3.10797030
49.913780 3.10988516
50.014412 3.11179051
50.115045 3.11368636
50.215678 3.11557270
50.316310 3.11744954
50.416943 3.11931687
50.517576 3.12117471
50.618208 3.12302304
50.718841 3.12486186
50.819473 3.12669119
50.920106 3.12851101
51.020739 3.13032134
51.121371 3.13212216
51.222004 3.13391348
51.322636 3.13569529
51.423269 3.13746761
51.523902 3.13923042
51.624534 3.14098374
51.725167 3.14272755
51.825800 3.14446186
51.926432 3.14618667
52.027065 3.14790198
52.127697 3.14960779
52.228330 3.15130409
52.328963 3.15299090
52.429595 3.15466820
52.530228 3.15633600
52.630861 3.15799430
52.731493 3.15964310
52.832126 3.16128240
52.932758 3.16291220
53.033391 3.16453249
53.134024 3.16614329
53.234656 3.16774458
53.335289 3.16933637
53.435921 3.17091867
53.536554 3.17249146
53.637187 3.17405474
53.737819 3.17560853
53.838452 3.17715282
53.939085 3.17868760
54.039717 3.18021288
54.140350 3.18172867
54.240982 3.18323495
54.341615 3.18473173
54.442248 3.18621900
54.542880 3.18769678
54.643513 3.18916505
54.744146 3.19062383
54.844778 3.19207310
54.945411 3.19351287
55.046043 3.19494314
55.146676 3.19636391
55.247309 3.19777518
55.347941 3.19917694
55.448574 3.20056921
55.549207 3.20195197
55.649839 3.20332523
55.750472 3.20468899
55.851104 3.20604325
55.951737 3.20738801
56.052370 3.20872327
56.153002 3.21004902
56.253635 3.21136528
56.354267 3.21267203
56.454900 3.21396928
56.555533 3.21525703
56.656165 3.21653528
56.756798 3.21780402
56.857431 3.21906327
56.958063 3.22031301
57.058696 3.22155325
57.159328 3.22278399
57.259961 3.22400523
57.360594 3.22521697
57.461226 3.22641921
57.561859 3.22761194
57.662492 3.22879518
57.763124 3.22996891
57.863757 3.23113314
57.964389 3.23228787
58.065022 3.23343310
58.165655 3.23456882
58.266287 3.23569505
58.366920 3.23681177
58.467553 3.23791899
58.568185 3.23901671
58.668818 3.24010493
58.769450 3.24118365
58.870083 3.24225287
58.970716 3.24331258
59.071348 3.24436280
59.171981 3.24540351
59.272613 3.24643472
59.373246 3.24745643
59.473879 3.24846863
59.574511 3.24947134
59.675144 3.25046454
59.775777 3.25144825
59.876409 3.25242245
59.977042 3.25338715
60.077674 3.25434234
60.178307 3.25528804
60.278940 3.25622424
60.379572 3.25715093
60.480205 3.25806812
60.580838 3.25897581
60.681470 3.25987400
60.782103 3.26076269
60.882735 3.26164187
60.983368 3.26251156
61.084001 3.26337174
61.184633 3.26422242
61.285266 3.26506360
61.385899 3.26589528
61.486531 3.26671746
61.587164 3.26753013
61.687796 3.26833330
61.788429 3.26912698
61.889062 3.26991115
61.989694 3.27068582
62.090327 3.27145098
62.190959 3.27220665
62.291592 3.27295281
62.392225 3.27368947
62.492857 3.27441664
62.593490 3.27513430
62.694123 3.27584245
62.794755 3.27654111
62.895388 3.27723026
62.996020 3.27790992
63.096653 3.27858007
63.197286 3.27924072
63.297918 3.27989187
63.398551 3.28053351
63.499184 3.28116566
63.599816 3.28178830
63.700449 3.28240144
63.801081 3.28300508
63.901714 3.28359922
64.002347 3.28418386
64.102979 3.28475899
64.203612 3.28532463
64.304245 3.28588076
64.404877 3.28642739
64.505510 3.28696452
64.606142 3.28749215
64.706775 3.28801027
64.807408 3.28851890
64.908040 3.28901802
65.008673 3.28950764
65.109305 3.28998776
65.209938 3.29045838
65.310571 3.29091949
65.411203 3.29137111
65.511836 3.29181322
65.612469 3.29224583
65.713101 3.29266894
65.813734 3.29308255
65.914366 3.29348666
66.014999 3.29388126
66.115632 3.29426637
66.216264 3.29464197
66.316897 3.29500807
66.417530 3.29536467
66.518162 3.29571176
66.618795 3.29604936
66.719427 3.29637745
66.820060 3.29669604
66.920693 3.29700513
67.021325 3.29730472
67.121958 3.29759481
67.222591 3.29787540
67.323223 3.29814648
67.423856 3.29840806
67.524488 3.29866014
67.625121 3.29890272
67.725754 3.29913580
67.826386 3.29935938
67.927019 3.29957345
68.027651 3.29977802
68.128284 3.29997309
68.228917 3.30015866
68.329549 3.30033473
68.430182 3.30050130
68.530815 3.30065836
68.631447 3.30080592
68.732080 3.30094399
68.832712 3.30107254
68.933345 3.30119160
69.033978 3.30130116
69.134610 3.30140121
69.235243 3.30149177
69.335876 3.30157282
69.436508 3.30164437
69.537141 3.30170642
69.637773 3.30175896
69.738406 3.30180200
69.839039 3.30183554
69.939671 3.30186040
70.040304 3.30188444
70.140937 3.30190847
70.241569 3.30193251
70.342202 3.30195656
70.442834 3.30198060
70.543467 3.30200464
70.644100 3.30202865
70.744732 3.30205272
