0.100633 1.62759638
0.201265 1.62759963
0.301898 1.62759623
0.402530 1.62759589
0.503163 1.62759593
0.603796 1.62759599
0.704428 1.62759604
0.805061 1.62759609
0.905694 1.62759614
1.006326 1.62759618
1.106959 1.62759623
1.207591 1.62759626
1.308224 1.62759630
1.408857 1.62759633
1.509489 1.62759636
1.610122 1.62759638
1.710755 1.62759640
1.811387 1.62759641
1.912020 1.62759642
2.012652 1.62759642
2.113285 1.62759642
2.213918 1.62759641
2.314550 1.62759639
2.415183 1.62759637
2.515816 1.62759634
2.616448 1.62759631
2.717081 1.62759626
2.817713 1.62759621
2.918346 1.62759615
3.018979 1.62759609
3.119611 1.62759601
3.220244 1.62759593
3.320876 1.62759584
3.421509 1.62759573
3.522142 1.62759562
3.622774 1.62759550
3.723407 1.62759537
3.824040 1.62759523
3.924672 1.62759508
4.025305 1.62759492
4.125937 1.62759475
4.226570 1.62759457
4.327203 1.62759438
4.427835 1.62759417
4.528468 1.62759396
4.629101 1.62759373
4.729733 1.62759350
4.830366 1.62759324
4.930998 1.62759299
5.031631 1.62759271
5.132264 1.62759243
5.232896 1.62759213
5.333529 1.62759182
5.434162 1.62759150
5.534794 1.62759116
5.635427 1.62759081
5.736059 1.62759046
5.836692 1.62759008
5.937325 1.62758970
6.037957 1.62758930
6.138590 1.62758889
6.239222 1.62758846
6.339855 1.62758802
6.440488 1.62758757
6.541120 1.62758711
6.641753 1.62758663
6.742386 1.62758614
6.843018 1.62758563
6.943651 1.62758512
7.044283 1.62758458
7.144916 1.62758404
7.245549 1.62758348
7.346181 1.62758291
7.446814 1.62758233
7.547447 1.62758173
7.648079 1.62758112
7.748712 1.62758050
7.849344 1.62757986
7.949977 1.62757922
8.050610 1.62757855
8.151242 1.62757789
8.251875 1.62757720
8.352508 1.62757650
8.453140 1.62757579
8.553773 1.62757507
8.654405 1.62757434
8.755038 1.62757360
8.855671 1.62757284
8.956303 1.62757207
9.056936 1.62757129
9.157568 1.62757051
9.258201 1.62756970
9.358834 1.62756890
9.459466 1.62756808
9.560099 1.62756726
9.660732 1.62756641
9.761364 1.62756557
9.861997 1.62756471
9.962629 1.62756386
10.063262 1.62756298
10.163895 1.62756211
10.264527 1.62756122
10.365160 1.62756033
10.465793 1.62755943
10.566425 1.62755853
10.667058 1.62755761
10.767690 1.62755670
10.868323 1.62755578
10.968956 1.62755486
11.069588 1.62755392
11.170221 1.62755300
11.270853 1.62755206
11.371486 1.62755113
11.472119 1.62755018
11.572751 1.62754925
11.673384 1.62754830
11.774017 1.62754737
11.874649 1.62754642
11.975282 1.62754549
12.075914 1.62754455
12.176547 1.62754362
12.277180 1.62754268
12.377812 1.62754176
12.478445 1.62754083
12.579078 1.62753992
12.679710 1.62753899
12.780343 1.62753809
12.880975 1.62753719
12.981608 1.62753630
13.082241 1.62753541
13.182873 1.62753454
13.283506 1.62753367
13.384139 1.62753282
13.484771 1.62753197
13.585404 1.62753114
13.686036 1.62753032
13.786669 1.62752952
13.887302 1.62752872
13.987934 1.62752795
14.088567 1.62752719
14.189199 1.62752645
14.289832 1.62752572
14.390465 1.62752502
14.491097 1.62752432
14.591730 1.62752366
14.692363 1.62752301
14.792995 1.62752239
14.893628 1.62752178
14.994260 1.62752120
15.094893 1.62752064
15.195526 1.62752011
15.296158 1.62751959
15.396791 1.62751912
15.497424 1.62751865
15.598056 1.62751823
15.698689 1.62751782
15.799321 1.62751745
15.899954 1.62751709
16.000587 1.62751677
16.101219 1.62751646
16.201852 1.62751620
16.302485 1.62751594
16.403117 1.62751573
16.503750 1.62751552
16.604382 1.62751535
16.705015 1.62751519
16.805648 1.62751506
16.906280 1.62751492
17.006913 1.62751481
17.107545 1.62751469
17.208178 1.62751459
17.308811 1.62751447
17.409443 1.62751434
17.510076 1.62751418
17.610709 1.62751400
17.711341 1.62751375
17.811974 1.62751346
17.912606 1.62751307
18.013239 1.62751260
18.113872 1.62751197
18.214504 1.62751121
18.315137 1.62751024
18.415770 1.62750906
18.516402 1.62750758
18.617035 1.62750578
18.717667 1.62750357
18.818300 1.62750089
18.918933 1.62749764
19.019565 1.62749373
19.120198 1.62748901
19.220831 1.62748338
19.321463 1.62747662
19.422096 1.62746859
19.522728 1.62745901
19.623361 1.62744764
19.723994 1.62743414
19.824626 1.62741817
19.925259 1.62739925
20.025891 1.62737690
20.126524 1.62735049
20.227157 1.62731933
20.327789 1.62728255
20.428422 1.62723919
20.529055 1.62718805
20.629687 1.62712777
20.730320 1.62705667
20.830952 1.62697285
20.931585 1.62687396
21.032218 1.62675727
21.132850 1.62661948
21.233483 1.62645668
21.334116 1.62626415
21.434748 1.62603626
21.535381 1.62576618
21.636013 1.62544568
21.736646 1.62506475
21.837279 1.62461121
21.937911 1.62407011
22.038544 1.62342311
22.139177 1.62264743
22.239809 1.62171484
22.340442 1.62058987
22.441074 1.61922794
22.541707 1.61757233
22.642340 1.61555069
22.742972 1.61306966
22.843605 1.61000825
22.944237 1.60620802
23.044870 1.60146042
23.145503 1.59548815
23.246135 1.58792091
23.346768 1.57825918
23.447401 1.56582696
23.548033 1.54970073
23.648666 1.52861618
23.749298 1.50082771
23.849931 1.46392264
23.950564 1.41454383
24.051196 1.34801862
24.151829 1.25782142
24.252462 1.13484089
24.353094 0.96640408
24.453727 0.73483665
24.554359 0.41592244
24.654992 -0.02321237
24.755625 -0.61822635
24.856257 -1.35341324
24.956890 -2.02343196
25.057523 -2.31888093
25.158155 -2.34026703
25.258788 -2.53243385
25.359420 -3.17889767
25.460053 -4.38043733
25.560686 -6.17673556
25.661318 -8.52256146
25.761951 -11.11576201
25.862583 -13.19617308
25.963216 -13.78996109
26.063849 -12.56313248
26.164481 -10.20083308
26.265114 -7.69753613
26.365747 -5.65927151
26.466379 -4.29413320
26.567012 -3.64155723
26.667644 -3.70428071
26.768277 -4.48811380
26.868910 -5.97509659
26.969542 -8.00331060
27.070175 -10.03522883
27.170808 -11.12877985
27.271440 -10.58969967
27.372073 -8.70216004
27.472705 -6.40507079
27.573338 -4.44732891
27.673971 -3.12971965
27.774603 -2.50846715
27.875236 -2.57964550
27.975869 -3.34508819
28.076501 -4.80417930
28.177134 -6.87797888
28.277766 -9.20654355
28.378399 -10.97072681
28.479032 -11.27399520
28.579664 -10.00065615
28.680297 -7.94689331
28.780929 -6.01538812
28.881562 -4.67285376
28.982195 -4.04235301
29.082827 -4.13134625
29.183460 -4.93483579
29.284093 -6.44493518
29.384725 -8.60680966
29.485358 -11.16510995
29.585990 -13.43240294
29.686623 -14.40204810
29.787256 -13.53110126
29.887888 -11.31842829
29.988521 -8.76990768
30.089154 -6.59496182
30.189786 -5.06383197
30.290419 -4.23616779
30.391051 -4.12041997
30.491684 -4.72153195
30.592317 -6.03422017
30.692949 -7.94527560
30.793582 -10.00953091
30.894215 -11.33920705
30.994847 -11.11287262
31.095480 -9.39726491
31.196112 -7.07189176
31.296745 -4.97441335
31.397378 -3.48443939
31.498010 -2.68878190
31.598643 -2.58913551
31.699275 -3.18301622
31.799908 -4.47470780
31.900541 -6.41353850
32.001173 -8.71566478
32.101806 -10.65302978
32.202439 -11.27802727
32.303071 -10.25912665
32.403704 -8.25582424
32.504336 -6.21788857
32.604969 -4.70427921
32.705602 -3.88759060
32.806234 -3.78679997
32.906867 -4.39420791
33.007500 -5.70629743
33.108132 -7.68787129
33.208765 -10.14685222
33.309397 -12.50556796
33.410030 -13.78368896
33.510663 -13.26752188
33.611295 -11.25246710
33.711928 -8.71519335
33.812560 -6.45189217
33.913193 -4.80351017
34.013826 -3.85153587
34.114458 -3.60417783
34.215091 -4.06675155
34.315724 -5.23842112
34.416356 -7.04143377
34.516989 -9.12219743
34.617621 -10.66698821
34.718254 -10.76512568
34.818887 -9.26841523
34.919519 -6.95317700
35.020152 -4.72535626
35.120785 -3.05967535
35.221417 -2.08146321
35.322050 -1.79780073
35.422682 -2.20637271
35.523315 -3.30984161
35.623948 -5.07635148
35.724580 -7.28925487
35.825213 -9.30853980
35.925846 -10.16555129
36.026478 -9.32667855
36.127111 -7.26407766
36.227743 -4.92820228
36.328376 -2.95991607
36.429009 -1.56252021
36.529641 -0.73562809
36.630274 -0.42392393
36.730906 -0.50296452
36.831539 -0.64570219
36.932172 -0.42766264
37.032804 0.15431501
37.133437 0.77191014
37.234070 1.25688017
37.334702 1.60784371
37.435335 1.85724156
37.535967 2.03214902
37.636600 2.15106215
37.737233 2.22565594
37.837865 2.26300312
37.938498 2.26720687
38.039131 2.24324014
38.139763 2.19771704
38.240396 2.14646285
38.341028 2.10589517
38.441661 2.08591005
38.542294 2.09245453
38.642926 2.12559004
38.743559 2.17976308
38.844192 2.24655156
38.944824 2.31797516
39.045457 2.38846512
39.146089 2.45504704
39.246722 2.51656326
39.347355 2.57278515
39.447987 2.62374517
39.548620 2.66955401
39.649252 2.71025351
39.749885 2.74587663
39.850518 2.77641147
39.951150 2.80183661
40.051783 2.82214392
40.152416 2.83742059
40.253048 2.84813628
40.353681 2.85569420
40.454313 2.86209329
40.554946 2.86836141
40.655579 2.87449557
40.756211 2.87977572
40.856844 2.88280010
40.957477 2.88134619
41.058109 2.87205036
41.158742 2.84983223
41.259374 2.80732826
41.360007 2.73367877
41.460640 2.61467389
41.561272 2.43888909
41.661905 2.21517496
41.762538 1.99946177
41.863170 1.88682638
41.963803 1.93436251
42.064435 2.09975677
42.165068 2.28632344
42.265701 2.42368860
42.366333 2.48814951
42.466966 2.48048293
42.567598 2.40685302
42.668231 2.27202476
42.768864 2.08251554
42.869496 1.85984673
42.970129 1.65841793
43.070762 1.55310858
43.171394 1.57131683
43.272027 1.64939653
43.372659 1.68242096
43.473292 1.59092380
43.573925 1.34772531
43.674557 1.00419595
43.775190 0.71668057
43.875823 0.67495992
43.976455 0.93131334
44.077088 1.34946638
44.177720 1.75011374
44.278353 2.03921751
44.378986 2.20285044
44.479618 2.25556268
44.580251 2.21220646
44.680884 2.07977912
44.781516 1.85776060
44.882149 1.54336645
44.982781 1.14875233
45.083414 0.73871748
45.184047 0.44747988
45.284679 0.39320638
45.385312 0.56160745
45.485944 0.85134877
45.586577 1.17735287
45.687210 1.46474866
45.787842 1.69196476
45.888475 1.91468279
45.989108 2.15371873
46.089740 2.36779746
46.190373 2.53377705
46.291005 2.65687117
46.391638 2.74802738
46.492271 2.81602243
46.592903 2.86700357
46.693536 2.90513286
46.794169 2.93309071
46.894801 2.95261358
46.995434 2.96461965
47.096066 2.97026674
47.196699 2.97281445
47.297332 2.97492459
47.397964 2.97690764
47.498597 2.97883889
47.599230 2.98074404
47.699862 2.98263453
47.800495 2.98451625
47.901127 2.98639249
48.001760 2.98826522
48.102393 2.99013565
48.203025 2.99200455
48.303658 2.99387240
48.404290 2.99573955
48.504923 2.99760621
48.605556 2.99947252
48.706188 3.00133860
48.806821 3.00320450
48.907454 3.00506952
49.008086 3.00692641
49.108719 3.00877444
49.209351 3.01061361
49.309984 3.01244395
49.410617 3.01426546
49.511249 3.01607816
49.611882 3.01788204
49.712515 3.01967711
49.813147 3.02146338
49.913780 3.02324084
50.014412 3.02500949
50.115045 3.02676934
50.215678 3.02852039
50.316310 3.03026264
50.416943 3.03199609
50.517576 3.03372074
50.618208 3.03543659
50.718841 3.03714364
50.819473 3.03884189
50.920106 3.04053134
51.020739 3.04221199
51.121371 3.04388385
51.222004 3.04554690
51.322636 3.04720116
51.423269 3.04884661
51.523902 3.05048327
51.624534 3.05211113
51.725167 3.05373019
51.825800 3.05534045
51.926432 3.05694191
52.027065 3.05853458
52.127697 3.06011844
52.228330 3.06169351
52.328963 3.06325978
52.429595 3.06481725
52.530228 3.06636592
52.630861 3.06790579
52.731493 3.06943686
52.832126 3.07095914
52.932758 3.07247262
53.033391 3.07397729
53.134024 3.07547317
53.234656 3.07696025
53.335289 3.07843854
53.435921 3.07990802
53.536554 3.08136870
53.637187 3.08282059
53.737819 3.08426368
53.838452 3.08569797
53.939085 3.08712346
54.039717 3.08854015
54.140350 3.08994804
54.240982 3.09134714
54.341615 3.09273743
54.442248 3.09411893
54.542880 3.09549163
54.643513 3.09685553
54.744146 3.09821063
54.844778 3.09955693
54.945411 3.10089444
55.046043 3.10222314
55.146676 3.10354305
55.247309 3.10485416
55.347941 3.10615646
55.448574 3.10744997
55.549207 3.10873469
55.649839 3.11001060
55.750472 3.11127771
55.851104 3.11253603
55.951737 3.11378554
56.052370 3.11502626
56.153002 3.11625818
56.253635 3.11748130
56.354267 3.11869562
56.454900 3.11990114
56.555533 3.12109787
56.656165 3.12228579
56.756798 3.12346491
56.857431 3.12463524
56.958063 3.12579677
57.058696 3.12694950
57.159328 3.12809343
57.259961 3.12922856
57.360594 3.13035489
57.461226 3.13147242
57.561859 3.13258116
57.662492 3.13368109
57.763124 3.13477223
57.863757 3.13585456
57.964389 3.13692810
58.065022 3.13799284
58.165655 3.13904878
58.266287 3.14009592
58.366920 3.14113426
58.467553 3.14216380
58.568185 3.14318454
58.668818 3.14419649
58.769450 3.14519963
58.870083 3.14619398
58.970716 3.14717952
59.071348 3.14815627
59.171981 3.14912422
59.272613 3.15008336
59.373246 3.15103371
59.473879 3.15197526
59.574511 3.15290801
59.675144 3.15383196
59.775777 3.15474712
59.876409 3.15565347
59.977042 3.15655102
60.077674 3.15743977
60.178307 3.15831973
60.278940 3.15919088
60.379572 3.16005324
60.480205 3.16090679
60.580838 3.16175155
60.681470 3.16258751
60.782103 3.16341466
60.882735 3.16423302
60.983368 3.16504258
61.084001 3.16584334
61.184633 3.16663530
61.285266 3.16741846
61.385899 3.16819282
61.486531 3.16895838
61.587164 3.16971514
61.687796 3.17046310
61.788429 3.17120226
61.889062 3.17193262
61.989694 3.17265418
62.090327 3.17336694
62.190959 3.17407091
62.291592 3.17476607
62.392225 3.17545243
62.492857 3.17612999
62.593490 3.17679876
62.694123 3.17745872
62.794755 3.17810988
62.895388 3.17875225
62.996020 3.17938581
63.096653 3.18001057
63.197286 3.18062654
63.297918 3.18123370
63.398551 3.18183206
63.499184 3.18242163
63.599816 3.18300239
63.700449 3.18357435
63.801081 3.18413752
63.901714 3.18469188
64.002347 3.18523744
64.102979 3.18577421
64.203612 3.18630217
64.304245 3.18682133
64.404877 3.18733169
64.505510 3.18783326
64.606142 3.18832602
64.706775 3.18880998
64.807408 3.18928514
64.908040 3.18975150
65.008673 3.19020907
65.109305 3.19065783
65.209938 3.19109779
65.310571 3.19152895
65.411203 3.19195131
65.511836 3.19236487
65.612469 3.19276963
65.713101 3.19316558
65.813734 3.19355274
65.914366 3.19393110
66.014999 3.19430066
66.115632 3.19466141
66.216264 3.19501337
66.316897 3.19535653
66.417530 3.19569088
66.518162 3.19601644
66.618795 3.19633319
66.719427 3.19664115
66.820060 3.19694030
66.920693 3.19723065
67.021325 3.19751220
67.121958 3.19778495
67.222591 3.19804890
67.323223 3.19830405
67.423856 3.19855040
67.524488 3.19878795
67.625121 3.19901670
67.725754 3.19923665
67.826386 3.19944779
67.927019 3.19965014
68.027651 3.19984368
68.128284 3.20002842
68.228917 3.20020437
68.329549 3.20037151
68.430182 3.20052985
68.530815 3.20067939
68.631447 3.20082013
68.732080 3.20095207
68.832712 3.20107520
68.933345 3.20118954
69.033978 3.20129507
69.134610 3.20139181
69.235243 3.20147974
69.335876 3.20155887
69.436508 3.20162920
69.537141 3.20169073
69.637773 3.20174346
69.738406 3.20178738
69.839039 3.20182250
69.939671 3.20184958
70.040304 3.20187591
70.140937 3.20190222
70.241569 3.20192855
70.342202 3.20195487
70.442834 3.20198120
70.543467 3.20200752
70.644100 3.20203382
70.744732 3.20206017
