0.100633 1.63337631
0.201265 1.63337866
0.301898 1.63337613
0.402530 1.63337587
0.503163 1.63337589
0.603796 1.63337591
0.704428 1.63337592
0.805061 1.63337594
0.905694 1.63337595
1.006326 1.63337596
1.106959 1.63337596
1.207591 1.63337596
1.308224 1.63337595
1.408857 1.63337594
1.509489 1.63337591
1.610122 1.63337589
1.710755 1.63337585
1.811387 1.63337581
1.912020 1.63337576
2.012652 1.63337570
2.113285 1.63337563
2.213918 1.63337555
2.314550 1.63337547
2.415183 1.63337537
2.515816 1.63337526
2.616448 1.63337514
2.717081 1.63337500
2.817713 1.63337486
2.918346 1.63337470
3.018979 1.63337453
3.119611 1.63337434
3.220244 1.63337414
3.320876 1.63337393
3.421509 1.63337370
3.522142 1.63337345
3.622774 1.63337319
3.723407 1.63337291
3.824040 1.63337262
3.924672 1.63337230
4.025305 1.63337197
4.125937 1.63337162
4.226570 1.63337126
4.327203 1.63337087
4.427835 1.63337046
4.528468 1.63337003
4.629101 1.63336958
4.729733 1.63336911
4.830366 1.63336862
4.930998 1.63336811
5.031631 1.63336757
5.132264 1.63336701
5.232896 1.63336643
5.333529 1.63336582
5.434162 1.63336518
5.534794 1.63336452
5.635427 1.63336384
5.736059 1.63336313
5.836692 1.63336239
5.937325 1.63336163
6.037957 1.63336084
6.138590 1.63336002
6.239222 1.63335917
6.339855 1.63335829
6.440488 1.63335738
6.541120 1.63335644
6.641753 1.63335548
6.742386 1.63335448
6.843018 1.63335345
6.943651 1.63335238
7.044283 1.63335129
7.144916 1.63335016
7.245549 1.63334900
7.346181 1.63334780
7.446814 1.63334657
7.547447 1.63334530
7.648079 1.63334400
7.748712 1.63334266
7.849344 1.63334129
7.949977 1.63333988
8.050610 1.63333843
8.151242 1.63333694
8.251875 1.63333542
8.352508 1.63333385
8.453140 1.63333225
8.553773 1.63333061
8.654405 1.63332892
8.755038 1.63332720
8.855671 1.63332543
8.956303 1.63332362
9.056936 1.63332177
9.157568 1.63331987
9.258201 1.63331794
9.358834 1.63331595
9.459466 1.63331393
9.560099 1.63331186
9.660732 1.63330974
9.761364 1.63330758
9.861997 1.63330537
9.962629 1.63330311
10.063262 1.63330081
10.163895 1.63329846
10.264527 1.63329606
10.365160 1.63329361
10.465793 1.63329111
10.566425 1.63328856
10.667058 1.63328596
10.767690 1.63328331
10.868323 1.63328061
10.968956 1.63327786
11.069588 1.63327506
11.170221 1.63327220
11.270853 1.63326929
11.371486 1.63326633
11.472119 1.63326331
11.572751 1.63326024
11.673384 1.63325711
11.774017 1.63325393
11.874649 1.63325069
11.975282 1.63324739
12.075914 1.63324404
12.176547 1.63324063
12.277180 1.63323716
12.377812 1.63323364
12.478445 1.63323006
12.579078 1.63322641
12.679710 1.63322271
12.780343 1.63321895
12.880975 1.63321513
12.981608 1.63321124
13.082241 1.63320730
13.182873 1.63320329
13.283506 1.63319923
13.384139 1.63319510
13.484771 1.63319090
13.585404 1.63318665
13.686036 1.63318233
13.786669 1.63317794
13.887302 1.63317349
13.987934 1.63316898
14.088567 1.63316440
14.189199 1.63315976
14.289832 1.63315504
14.390465 1.63315027
14.491097 1.63314542
14.591730 1.63314051
14.692363 1.63313552
14.792995 1.63313048
14.893628 1.63312536
14.994260 1.63312017
15.094893 1.63311491
15.195526 1.63310958
15.296158 1.63310418
15.396791 1.63309871
15.497424 1.63309315
15.598056 1.63308754
15.698689 1.63308184
15.799321 1.63307607
15.899954 1.63307022
16.000587 1.63306429
16.101219 1.63305828
16.201852 1.63305220
16.302485 1.63304602
16.403117 1.63303977
16.503750 1.63303342
16.604382 1.63302699
16.705015 1.63302045
16.805648 1.63301383
16.906280 1.63300710
17.006913 1.63300027
17.107545 1.63299331
17.208178 1.63298625
17.308811 1.63297905
17.409443 1.63297173
17.510076 1.63296425
17.610709 1.63295662
17.711341 1.63294882
17.811974 1.63294083
17.912606 1.63293263
18.013239 1.63292421
18.113872 1.63291553
18.214504 1.63290658
18.315137 1.63289729
18.415770 1.63288766
18.516402 1.63287762
18.617035 1.63286712
18.717667 1.63285609
18.818300 1.63284447
18.918933 1.63283215
19.019565 1.63281906
19.120198 1.63280504
19.220831 1.63278998
19.321463 1.63277370
19.422096 1.63275601
19.522728 1.63273668
19.623361 1.63271547
19.723994 1.63269202
19.824626 1.63266601
19.925259 1.63263697
20.025891 1.63260444
20.126524 1.63256777
20.227157 1.63252631
20.327789 1.63247918
20.428422 1.63242545
20.529055 1.63236393
20.629687 1.63229328
20.730320 1.63221184
20.830952 1.63211772
20.931585 1.63200861
21.032218 1.63188181
21.132850 1.63173403
21.233483 1.63156142
21.334116 1.63135926
21.434748 1.63112199
21.535381 1.63084280
21.636013 1.63051353
21.736646 1.63012418
21.837279 1.62966265
21.937911 1.62911402
22.038544 1.62846000
22.139177 1.62767788
22.239809 1.62673947
22.340442 1.62560934
22.441074 1.62424296
22.541707 1.62258364
22.642340 1.62055905
22.742972 1.61807582
22.843605 1.61501299
22.944237 1.61121203
23.044870 1.60646437
23.145503 1.60049254
23.246135 1.59292614
23.346768 1.58326536
23.447401 1.57083397
23.548033 1.55470800
23.648666 1.53362273
23.749298 1.50583184
23.849931 1.46892205
23.950564 1.41953519
24.051196 1.35299765
24.151829 1.26278246
24.252462 1.13977704
24.353094 0.97130665
24.453727 0.73969552
24.554359 0.42072548
24.654992 -0.01847861
24.755625 -0.61357702
24.856257 -1.34886391
24.956890 -2.01899852
25.057523 -2.31443933
25.158155 -2.33586685
25.258788 -2.52809162
25.359420 -3.17461183
25.460053 -4.37619523
25.560686 -6.17251733
25.661318 -8.51833983
25.761951 -11.11150248
25.862583 -13.19183304
25.963216 -13.78549183
26.063849 -12.55848211
26.164481 -10.19595529
26.265114 -7.69239423
26.365747 -5.65384023
26.466379 -4.28839907
26.567012 -3.63551824
26.667644 -3.69794664
26.768277 -4.48150515
26.868910 -5.96824574
26.969542 -7.99626509
27.070175 -10.02805801
27.170808 -11.12158252
27.271440 -10.58259854
27.372073 -8.69527839
27.472705 -6.39851339
27.573338 -4.44117297
27.673971 -3.12400460
27.774603 -2.50319200
27.875236 -2.57478392
27.975869 -3.34059443
28.076501 -4.79998433
28.177134 -6.87399451
28.277766 -9.20267488
28.378399 -10.96687918
28.479032 -11.27008027
28.579664 -9.99660634
28.680297 -7.94266891
28.780929 -6.01097329
28.881562 -4.66824714
28.982195 -4.03756021
29.082827 -4.12637630
29.183460 -4.92969853
29.284093 -6.43963874
29.384725 -8.60135867
29.485358 -11.15950511
29.585990 -13.42664410
29.686623 -14.39613857
29.787256 -13.52505231
29.887888 -11.31225950
29.988521 -8.76365056
30.089154 -6.58866252
30.189786 -5.05754989
30.290419 -4.22996971
30.391051 -4.11436936
30.491684 -4.71567346
30.592317 -6.02856067
30.692949 -7.93976519
30.793582 -10.00404334
30.894215 -11.33353002
30.994847 -11.10672634
31.095480 -9.39036300
31.196112 -7.06400838
31.296745 -4.96539492
31.397378 -3.47418326
31.498010 -2.67722378
31.598643 -2.57626316
31.699275 -3.16888006
31.799908 -4.45941000
31.900541 -6.39723532
32.001173 -8.69860415
32.101806 -10.63559492
32.202439 -11.26075990
32.303071 -10.24265796
32.403704 -8.24074540
32.504336 -6.20471363
32.604969 -4.69349489
32.705602 -3.87971273
32.806234 -3.78243128
32.906867 -4.39409597
33.007500 -5.71139302
33.108132 -7.69941703
33.208765 -10.16650948
33.309397 -12.53537264
33.410030 -13.82567689
33.510663 -13.32371731
33.611295 -11.32477583
33.711928 -8.80532386
33.812560 -6.56143989
33.913193 -4.93411219
34.013826 -4.00505268
34.114458 -3.78288041
34.215091 -4.27351414
34.315724 -5.47694906
34.416356 -7.31645216
34.516989 -9.43944544
34.617621 -11.03276622
34.718254 -11.18480011
34.818887 -9.74353411
34.919519 -7.47813303
35.020152 -5.28552371
35.120785 -3.63268021
35.221417 -2.64167822
35.322050 -2.32217716
35.422682 -2.67880501
35.523315 -3.72235053
35.623948 -5.42754829
35.724580 -7.58182181
35.825213 -9.54713304
35.925846 -10.35553857
36.026478 -9.47346884
36.127111 -7.37278050
36.227743 -5.00349827
36.328376 -3.00595747
36.429009 -1.58269520
36.529641 -0.73216433
36.630274 -0.39711209
36.730906 -0.45087693
36.831539 -0.56681659
36.932172 -0.32066140
37.032804 0.29006792
37.133437 0.93792615
37.234070 1.45601942
37.334702 1.84336250
37.435335 2.13246238
37.535967 2.35038293
37.636600 2.51555490
37.737233 2.63967016
37.837865 2.72961478
37.938498 2.78871935
38.039131 2.82126684
38.139763 2.83184542
38.240396 2.83327220
38.341028 2.83375448
38.441661 2.83401099
38.542294 2.83418043
38.642926 2.83430812
38.743559 2.83441318
38.844192 2.83450487
38.944824 2.83458816
39.045457 2.83466595
39.146089 2.83474001
39.246722 2.83481151
39.347355 2.83488121
39.447987 2.83494967
39.548620 2.83501733
39.649252 2.83508462
39.749885 2.83515217
39.850518 2.83522106
39.951150 2.83529364
40.051783 2.83537551
40.152416 2.83548308
40.253048 2.83568107
40.353681 2.83632802
40.454313 2.83818791
40.554946 2.84103011
40.655579 2.84422424
40.756211 2.84678342
40.856844 2.84720239
40.957477 2.84322181
41.058109 2.83146622
41.158742 2.80685266
41.259374 2.76201391
41.360007 2.68608202
41.460640 2.56483008
41.561272 2.38681217
41.661905 2.16086002
41.762538 1.94290479
41.863170 1.82805574
41.963803 1.87344128
42.064435 2.03675334
42.165068 2.22128617
42.265701 2.35663347
42.366333 2.41905708
42.466966 2.40930147
42.567598 2.33350467
42.668231 2.19641550
42.768864 2.00454917
42.869496 1.77944010
42.970129 1.57551584
43.070762 1.46769607
43.171394 1.48341942
43.272027 1.55907119
43.372659 1.58974268
43.473292 1.49596739
43.573925 1.25054646
43.674557 0.90481495
43.775190 0.61507700
43.875823 0.57108257
43.976455 0.82510705
44.077088 1.24090358
44.177720 1.63919531
44.278353 1.92594885
44.378986 2.08722648
44.479618 2.13756395
44.580251 2.09180066
44.680884 1.95692690
44.781516 1.73242186
44.882149 1.41550684
44.982781 1.01835253
45.083414 0.60578469
45.184047 0.31205206
45.284679 0.25534270
45.385312 0.42136531
45.485944 0.70876079
45.586577 1.03241915
45.687210 1.31743806
45.787842 1.54221847
45.888475 1.76242278
45.989108 1.99885918
46.089740 2.21025763
46.190373 2.37349155
46.291005 2.49379658
46.391638 2.58214727
46.492271 2.64735013
46.592903 2.69558432
46.693536 2.73104700
46.794169 2.75645858
46.894801 2.77359513
46.995434 2.78340915
47.096066 2.78706445
47.196699 2.78773527
47.297332 2.78799855
47.397964 2.78814977
47.498597 2.78825836
47.599230 2.78834684
47.699862 2.78842468
47.800495 2.78849647
47.901127 2.78856466
48.001760 2.78863064
48.102393 2.78869522
48.203025 2.78875890
48.303658 2.78882199
48.404290 2.78888470
48.504923 2.78894715
48.605556 2.78900943
48.706188 2.78907159
48.806821 2.78913367
48.907454 2.78919568
49.008086 2.78925753
49.108719 2.78931921
49.209351 2.78938075
49.309984 2.78944213
49.410617 2.78950337
49.511249 2.78956447
49.611882 2.78962542
49.712515 2.78968624
49.813147 2.78974692
49.913780 2.78980746
50.014412 2.78986787
50.115045 2.78992814
50.215678 2.78998828
50.316310 2.79004827
50.416943 2.79010814
50.517576 2.79016786
50.618208 2.79022746
50.718841 2.79028691
50.819473 2.79034623
50.920106 2.79040542
51.020739 2.79046447
51.121371 2.79052339
51.222004 2.79058216
51.322636 2.79064081
51.423269 2.79069932
51.523902 2.79075769
51.624534 2.79081593
51.725167 2.79087403
51.825800 2.79093200
51.926432 2.79098983
52.027065 2.79104753
52.127697 2.79110509
52.228330 2.79116252
52.328963 2.79121981
52.429595 2.79127696
52.530228 2.79133398
52.630861 2.79139087
52.731493 2.79144762
52.832126 2.79150423
52.932758 2.79156071
53.033391 2.79161705
53.134024 2.79167326
53.234656 2.79172933
53.335289 2.79178527
53.435921 2.79184107
53.536554 2.79189674
53.637187 2.79195227
53.737819 2.79200766
53.838452 2.79206292
53.939085 2.79211805
54.039717 2.79217303
54.140350 2.79222789
54.240982 2.79228261
54.341615 2.79233719
54.442248 2.79239164
54.542880 2.79244595
54.643513 2.79250013
54.744146 2.79255417
54.844778 2.79260807
54.945411 2.79266184
55.046043 2.79271548
55.146676 2.79276898
55.247309 2.79282234
55.347941 2.79287557
55.448574 2.79292866
55.549207 2.79298162
55.649839 2.79303444
55.750472 2.79308713
55.851104 2.79313968
55.951737 2.79319209
56.052370 2.79324437
56.153002 2.79329651
56.253635 2.79334852
56.354267 2.79340040
56.454900 2.79345213
56.555533 2.79350374
56.656165 2.79355520
56.756798 2.79360653
56.857431 2.79365773
56.958063 2.79370879
57.058696 2.79375971
57.159328 2.79381050
57.259961 2.79386115
57.360594 2.79391167
57.461226 2.79396205
57.561859 2.79401230
57.662492 2.79406241
57.763124 2.79411238
57.863757 2.79416222
57.964389 2.79421193
58.065022 2.79426149
58.165655 2.79431093
58.266287 2.79436022
58.366920 2.79440938
58.467553 2.79445841
58.568185 2.79450730
58.668818 2.79455605
58.769450 2.79460467
58.870083 2.79465315
58.970716 2.79470150
59.071348 2.79474971
59.171981 2.79479779
59.272613 2.79484573
59.373246 2.79489353
59.473879 2.79494120
59.574511 2.79498873
59.675144 2.79503613
59.775777 2.79508339
59.876409 2.79513051
59.977042 2.79517750
60.077674 2.79522435
60.178307 2.79527107
60.278940 2.79531765
60.379572 2.79536410
60.480205 2.79541041
60.580838 2.79545658
60.681470 2.79550262
60.782103 2.79554853
60.882735 2.79559429
60.983368 2.79563992
61.084001 2.79568542
61.184633 2.79573078
61.285266 2.79577600
61.385899 2.79582109
61.486531 2.79586604
61.587164 2.79591086
61.687796 2.79595554
61.788429 2.79600008
61.889062 2.79604449
61.989694 2.79608876
62.090327 2.79613290
62.190959 2.79617690
62.291592 2.79622076
62.392225 2.79626449
62.492857 2.79630808
62.593490 2.79635154
62.694123 2.79639486
62.794755 2.79643805
62.895388 2.79648110
62.996020 2.79652401
63.096653 2.79656679
63.197286 2.79660943
63.297918 2.79665193
63.398551 2.79669430
63.499184 2.79673653
63.599816 2.79677863
63.700449 2.79682059
63.801081 2.79686242
63.901714 2.79690410
64.002347 2.79694566
64.102979 2.79698707
64.203612 2.79702835
64.304245 2.79706950
64.404877 2.79711051
64.505510 2.79715138
64.606142 2.79719212
64.706775 2.79723272
64.807408 2.79727318
64.908040 2.79731351
65.008673 2.79735370
65.109305 2.79739376
65.209938 2.79743368
65.310571 2.79747346
65.411203 2.79751311
65.511836 2.79755262
65.612469 2.79759200
65.713101 2.79763123
65.813734 2.79767034
65.914366 2.79770931
66.014999 2.79774814
66.115632 2.79778683
66.216264 2.79782539
66.316897 2.79786381
66.417530 2.79790210
66.518162 2.79794025
66.618795 2.79797826
66.719427 2.79801614
66.820060 2.79805388
66.920693 2.79809149
67.021325 2.79812896
67.121958 2.79816629
67.222591 2.79820349
67.323223 2.79824055
67.423856 2.79827747
67.524488 2.79831426
67.625121 2.79835091
67.725754 2.79838743
67.826386 2.79842381
67.927019 2.79846005
68.027651 2.79849616
68.128284 2.79853213
68.228917 2.79856796
68.329549 2.79860366
68.430182 2.79863922
68.530815 2.79867465
68.631447 2.79870994
68.732080 2.79874509
68.832712 2.79878011
68.933345 2.79881499
69.033978 2.79884973
69.134610 2.79888434
69.235243 2.79891882
69.335876 2.79895315
69.436508 2.79898735
69.537141 2.79902141
69.637773 2.79905534
69.738406 2.79908913
69.839039 2.79912278
69.939671 2.79915631
70.040304 2.79918983
70.140937 2.79922335
70.241569 2.79925687
70.342202 2.79929039
70.442834 2.79932390
70.543467 2.79935742
70.644100 2.79939093
70.744732 2.79942446
