0.100633 1.63156220
0.201265 1.63156537
0.301898 1.63156195
0.402530 1.63156161
0.503163 1.63156165
0.603796 1.63156170
0.704428 1.63156174
0.805061 1.63156179
0.905694 1.63156184
1.006326 1.63156189
1.106959 1.63156195
1.207591 1.63156200
1.308224 1.63156206
1.408857 1.63156213
1.509489 1.63156219
1.610122 1.63156226
1.710755 1.63156234
1.811387 1.63156241
1.912020 1.63156249
2.012652 1.63156258
2.113285 1.63156267
2.213918 1.63156277
2.314550 1.63156287
2.415183 1.63156297
2.515816 1.63156308
2.616448 1.63156320
2.717081 1.63156332
2.817713 1.63156345
2.918346 1.63156358
3.018979 1.63156373
3.119611 1.63156387
3.220244 1.63156403
3.320876 1.63156419
3.421509 1.63156436
3.522142 1.63156454
3.622774 1.63156472
3.723407 1.63156491
3.824040 1.63156511
3.924672 1.63156532
4.025305 1.63156554
4.125937 1.63156576
4.226570 1.63156600
4.327203 1.63156624
4.427835 1.63156649
4.528468 1.63156675
4.629101 1.63156703
4.729733 1.63156730
4.830366 1.63156760
4.930998 1.63156789
5.031631 1.63156821
5.132264 1.63156852
5.232896 1.63156886
5.333529 1.63156919
5.434162 1.63156955
5.534794 1.63156991
5.635427 1.63157028
5.736059 1.63157066
5.836692 1.63157106
5.937325 1.63157146
6.037957 1.63157188
6.138590 1.63157231
6.239222 1.63157275
6.339855 1.63157320
6.440488 1.63157366
6.541120 1.63157414
6.641753 1.63157463
6.742386 1.63157512
6.843018 1.63157563
6.943651 1.63157615
7.044283 1.63157669
7.144916 1.63157723
7.245549 1.63157780
7.346181 1.63157836
7.446814 1.63157895
7.547447 1.63157954
7.648079 1.63158016
7.748712 1.63158077
7.849344 1.63158141
7.949977 1.63158205
8.050610 1.63158272
8.151242 1.63158338
8.251875 1.63158407
8.352508 1.63158476
8.453140 1.63158548
8.553773 1.63158620
8.654405 1.63158693
8.755038 1.63158768
8.855671 1.63158844
8.956303 1.63158921
9.056936 1.63159000
9.157568 1.63159080
9.258201 1.63159161
9.358834 1.63159243
9.459466 1.63159327
9.560099 1.63159412
9.660732 1.63159498
9.761364 1.63159585
9.861997 1.63159674
9.962629 1.63159764
10.063262 1.63159855
10.163895 1.63159947
10.264527 1.63160041
10.365160 1.63160135
10.465793 1.63160232
10.566425 1.63160329
10.667058 1.63160427
10.767690 1.63160527
10.868323 1.63160628
10.968956 1.63160729
11.069588 1.63160833
11.170221 1.63160937
11.270853 1.63161043
11.371486 1.63161149
11.472119 1.63161257
11.572751 1.63161366
11.673384 1.63161476
11.774017 1.63161587
11.874649 1.63161699
11.975282 1.63161812
12.075914 1.63161927
12.176547 1.63162042
12.277180 1.63162158
12.377812 1.63162276
12.478445 1.63162394
12.579078 1.63162514
12.679710 1.63162634
12.780343 1.63162756
12.880975 1.63162878
12.981608 1.63163001
13.082241 1.63163126
13.182873 1.63163251
13.283506 1.63163377
13.384139 1.63163504
13.484771 1.63163632
13.585404 1.63163761
13.686036 1.63163891
13.786669 1.63164021
13.887302 1.63164152
13.987934 1.63164284
14.088567 1.63164417
14.189199 1.63164550
14.289832 1.63164685
14.390465 1.63164820
14.491097 1.63164955
14.591730 1.63165092
14.692363 1.63165229
14.792995 1.63165366
14.893628 1.63165504
14.994260 1.63165642
15.094893 1.63165781
15.195526 1.63165921
15.296158 1.63166061
15.396791 1.63166201
15.497424 1.63166341
15.598056 1.63166481
15.698689 1.63166622
15.799321 1.63166763
15.899954 1.63166903
16.000587 1.63167043
16.101219 1.63167183
16.201852 1.63167323
16.302485 1.63167461
16.403117 1.63167599
16.503750 1.63167736
16.604382 1.63167871
16.705015 1.63168005
16.805648 1.63168136
16.906280 1.63168265
17.006913 1.63168391
17.107545 1.63168513
17.208178 1.63168631
17.308811 1.63168744
17.409443 1.63168852
17.510076 1.63168952
17.610709 1.63169044
17.711341 1.63169126
17.811974 1.63169198
17.912606 1.63169256
18.013239 1.63169299
18.113872 1.63169324
18.214504 1.63169329
18.315137 1.63169308
18.415770 1.63169260
18.516402 1.63169178
18.617035 1.63169057
18.717667 1.63168891
18.818300 1.63168672
18.918933 1.63168390
19.019565 1.63168037
19.120198 1.63167599
19.220831 1.63167062
19.321463 1.63166410
19.422096 1.63165623
19.522728 1.63164677
19.623361 1.63163547
19.723994 1.63162200
19.824626 1.63160601
19.925259 1.63158704
20.025891 1.63156459
20.126524 1.63153806
20.227157 1.63150675
20.327789 1.63146979
20.428422 1.63142624
20.529055 1.63137490
20.629687 1.63131442
20.730320 1.63124313
20.830952 1.63115914
20.931585 1.63106011
21.032218 1.63094332
21.132850 1.63080549
21.233483 1.63064272
21.334116 1.63045032
21.434748 1.63022266
21.535381 1.62995293
21.636013 1.62963294
21.736646 1.62925269
21.837279 1.62880003
21.937911 1.62826002
22.038544 1.62761436
22.139177 1.62684030
22.239809 1.62590961
22.340442 1.62478689
22.441074 1.62342754
22.541707 1.62177490
22.642340 1.61975661
22.742972 1.61727934
22.843605 1.61422211
22.944237 1.61042645
23.044870 1.60568385
23.145503 1.59971695
23.246135 1.59215543
23.346768 1.58249970
23.447401 1.57007370
23.548033 1.55395378
23.648666 1.53287552
23.749298 1.50509313
23.849931 1.46819374
23.950564 1.41881996
24.051196 1.35229882
24.151829 1.26210440
24.252462 1.13912497
24.353094 0.97068708
24.453727 0.73911597
24.554359 0.42019493
24.654992 -0.01895023
24.755625 -0.61397864
24.856257 -1.34918394
24.956890 -2.01922522
25.057523 -2.31469698
25.158155 -2.33610882
25.258788 -2.52830099
25.359420 -3.17478747
25.460053 -4.37634346
25.560686 -6.17264942
25.661318 -8.51847102
25.761951 -11.11165400
25.862583 -13.19203205
25.963216 -13.78577229
26.063849 -12.55888072
26.164481 -10.19650581
26.265114 -7.69312291
26.365747 -5.65476519
26.466379 -4.28952963
26.567012 -3.63685570
26.667644 -3.69948472
26.768277 -4.48323100
26.868910 -5.97014062
26.969542 -7.99830145
27.070175 -10.03019505
27.170808 -11.12375869
27.271440 -10.58473475
27.372073 -8.69729317
27.472705 -6.40033691
27.573338 -4.44275510
27.673971 -3.12532625
27.774603 -2.50426748
27.875236 -2.57564500
27.975869 -3.34128237
28.076501 -4.80055285
28.177134 -6.87450302
28.277766 -9.20317310
28.378399 -10.96739525
28.479032 -11.27061551
28.579664 -9.99713897
28.680297 -7.94316443
28.780929 -6.01139392
28.881562 -4.66855637
28.982195 -4.03772342
29.082827 -4.12636075
29.183460 -4.92947390
29.284093 -6.43918014
29.384725 -8.60065108
29.485358 -11.15854880
29.585990 -13.42545969
29.686623 -14.39476757
29.787256 -13.52354877
29.887888 -11.31067730
29.988521 -8.76203198
30.089154 -6.58703427
30.189786 -5.05592332
30.290419 -4.22834379
30.391051 -4.11273688
30.491684 -4.71403081
30.592317 -6.02691904
30.692949 -7.93816108
30.793582 -10.00254740
30.894215 -11.33224819
30.994847 -11.10578699
31.095480 -9.38988628
31.196112 -7.06407606
31.296745 -4.96604731
31.397378 -3.47543290
31.498010 -2.67906256
31.598643 -2.57864788
31.699275 -3.17172499
31.799908 -4.46259680
31.900541 -6.40060779
32.001173 -8.70193987
32.101806 -10.63857804
32.202439 -11.26297162
32.303071 -10.24362530
32.403704 -8.24002747
32.504336 -6.20192669
32.604969 -4.68827875
32.705602 -3.87168977
32.806234 -3.77116183
32.906867 -4.37902900
33.007500 -5.69181016
33.108132 -7.67434559
33.208765 -10.13459478
33.309397 -12.49491374
33.410030 -13.77499261
33.510663 -13.26112151
33.611295 -11.24860423
33.711928 -8.71396984
33.812560 -6.45329736
33.913193 -4.80746893
34.013826 -3.85795610
34.114458 -3.61298567
34.215091 -4.07791242
34.315724 -5.25195739
34.416356 -7.05743582
34.516989 -9.14083627
34.617621 -10.68853959
34.718254 -10.79001419
34.818887 -9.29724289
34.919519 -6.98672274
35.020152 -4.76457775
35.120785 -3.10575742
35.221417 -2.13588315
35.322050 -1.86238360
35.422682 -2.28338108
35.523315 -3.40209088
35.623948 -5.18717762
35.724580 -7.42252620
35.825213 -9.46875176
35.925846 -10.35790870
36.026478 -9.55698981
36.127111 -7.53841883
36.227743 -5.25242442
36.328376 -3.33877700
36.429009 -1.99791568
36.529641 -1.22372672
36.630274 -0.95180225
36.730906 -1.04729288
36.831539 -1.17740783
36.932172 -0.91638562
37.032804 -0.26500189
37.133437 0.44093295
37.234070 1.02530352
37.334702 1.48083324
37.435335 1.83660651
37.535967 2.11827061
37.636600 2.34383328
37.737233 2.52477413
37.837865 2.66804915
37.938498 2.77700293
38.039131 2.85388853
38.139763 2.89997250
38.240396 2.92820248
38.341028 2.94966288
38.441661 2.96579687
38.542294 2.97704588
38.642926 2.98365733
38.743559 2.98651849
38.844192 2.98821610
38.944824 2.98961108
39.045457 2.99090104
39.146089 2.99214335
39.246722 2.99336045
39.347355 2.99456317
39.447987 2.99575740
39.548620 2.99694670
39.649252 2.99813350
39.749885 2.99931989
39.850518 3.00050820
39.951150 3.00170207
40.051783 3.00290867
40.152416 3.00414658
40.253048 3.00548452
40.353681 3.00729443
40.454313 3.01036574
40.554946 3.01446555
40.655579 3.01895627
40.756211 3.02284353
40.856844 3.02461467
40.957477 3.02200292
41.058109 3.01162538
41.158742 2.98839194
41.259374 2.94492911
41.360007 2.87036405
41.460640 2.75046702
41.561272 2.57379170
41.661905 2.34917042
41.762538 2.13253279
41.863170 2.01898273
41.963803 2.06564511
42.064435 2.23021541
42.165068 2.41599759
42.265701 2.55259811
42.366333 2.61629234
42.466966 2.60783725
42.567598 2.53338030
42.668231 2.39767483
42.768864 2.20723479
42.869496 1.98358771
42.970129 1.78114907
43.070762 1.67482193
43.171394 1.69202780
43.272027 1.76913724
43.372659 1.80123223
43.473292 1.70884533
43.573925 1.46478574
43.674557 1.12040503
43.775190 0.83202719
43.875823 0.78941790
43.976455 1.04485503
44.077088 1.46207780
44.177720 1.86179521
44.278353 2.14997244
44.378986 2.31267809
44.479618 2.36445615
44.580251 2.32015313
44.680884 2.18676306
44.781516 1.96376528
44.882149 1.64837763
44.982781 1.25276237
45.083414 0.84173079
45.184047 0.54951509
45.284679 0.49429198
45.385312 0.66177113
45.485944 0.95060661
45.586577 1.27570600
45.687210 1.56218403
45.787842 1.78845683
45.888475 2.01019744
45.989108 2.24821829
46.089740 2.46124645
46.190373 2.62614657
46.291005 2.74814182
46.391638 2.83819128
46.492271 2.90508440
46.592903 2.95498197
46.693536 2.99206081
46.794169 3.01901815
46.894801 3.03760704
46.995434 3.04876001
47.096066 3.05363720
47.196699 3.05546236
47.297332 3.05686195
47.397964 3.05814034
47.498597 3.05937047
47.599230 3.06057683
47.699862 3.06177007
47.800495 3.06295558
47.901127 3.06413634
48.001760 3.06531408
48.102393 3.06648987
48.203025 3.06766437
48.303658 3.06883800
48.404290 3.07001104
48.504923 3.07118368
48.605556 3.07235604
48.706188 3.07352820
48.806821 3.07470022
48.907454 3.07587167
49.008086 3.07703801
49.108719 3.07819880
49.209351 3.07935404
49.309984 3.08050374
49.410617 3.08164791
49.511249 3.08278656
49.611882 3.08391969
49.712515 3.08504730
49.813147 3.08616940
49.913780 3.08728598
50.014412 3.08839705
50.115045 3.08950261
50.215678 3.09060266
50.316310 3.09169720
50.416943 3.09278624
50.517576 3.09386976
50.618208 3.09494777
50.718841 3.09602027
50.819473 3.09708726
50.920106 3.09814875
51.020739 3.09920472
51.121371 3.10025519
51.222004 3.10130015
51.322636 3.10233959
51.423269 3.10337353
51.523902 3.10440197
51.624534 3.10542489
51.725167 3.10644230
51.825800 3.10745421
51.926432 3.10846060
52.027065 3.10946149
52.127697 3.11045687
52.228330 3.11144674
52.328963 3.11243110
52.429595 3.11340996
52.530228 3.11438330
52.630861 3.11535114
52.731493 3.11631346
52.832126 3.11727028
52.932758 3.11822159
53.033391 3.11916739
53.134024 3.12010768
53.234656 3.12104247
53.335289 3.12197174
53.435921 3.12289551
53.536554 3.12381376
53.637187 3.12472651
53.737819 3.12563375
53.838452 3.12653548
53.939085 3.12743170
54.039717 3.12832242
54.140350 3.12920762
54.240982 3.13008732
54.341615 3.13096150
54.442248 3.13183018
54.542880 3.13269335
54.643513 3.13355101
54.744146 3.13440316
54.844778 3.13524981
54.945411 3.13609094
55.046043 3.13692656
55.146676 3.13775668
55.247309 3.13858129
55.347941 3.13940039
55.448574 3.14021398
55.549207 3.14102206
55.649839 3.14182463
55.750472 3.14262169
55.851104 3.14341325
55.951737 3.14419929
56.052370 3.14497983
56.153002 3.14575486
56.253635 3.14652438
56.354267 3.14728839
56.454900 3.14804689
56.555533 3.14879988
56.656165 3.14954737
56.756798 3.15028934
56.857431 3.15102581
56.958063 3.15175677
57.058696 3.15248222
57.159328 3.15320216
57.259961 3.15391659
57.360594 3.15462551
57.461226 3.15532892
57.561859 3.15602683
57.662492 3.15671923
57.763124 3.15740611
57.863757 3.15808749
57.964389 3.15876336
58.065022 3.15943372
58.165655 3.16009857
58.266287 3.16075792
58.366920 3.16141175
58.467553 3.16206008
58.568185 3.16270289
58.668818 3.16334020
58.769450 3.16397200
58.870083 3.16459829
58.970716 3.16521907
59.071348 3.16583435
59.171981 3.16644411
59.272613 3.16704837
59.373246 3.16764712
59.473879 3.16824035
59.574511 3.16882808
59.675144 3.16941030
59.775777 3.16998702
59.876409 3.17055822
59.977042 3.17112391
60.077674 3.17168410
60.178307 3.17223878
60.278940 3.17278795
60.379572 3.17333161
60.480205 3.17386976
60.580838 3.17440240
60.681470 3.17492954
60.782103 3.17545116
60.882735 3.17596728
60.983368 3.17647789
61.084001 3.17698299
61.184633 3.17748258
61.285266 3.17797666
61.385899 3.17846523
61.486531 3.17894830
61.587164 3.17942586
61.687796 3.17989790
61.788429 3.18036444
61.889062 3.18082548
61.989694 3.18128100
62.090327 3.18173101
62.190959 3.18217552
62.291592 3.18261452
62.392225 3.18304800
62.492857 3.18347598
62.593490 3.18389846
62.694123 3.18431542
62.794755 3.18472687
62.895388 3.18513282
62.996020 3.18553326
63.096653 3.18592819
63.197286 3.18631761
63.297918 3.18670152
63.398551 3.18707993
63.499184 3.18745282
63.599816 3.18782021
63.700449 3.18818209
63.801081 3.18853846
63.901714 3.18888932
64.002347 3.18923468
64.102979 3.18957452
64.203612 3.18990886
64.304245 3.19023769
64.404877 3.19056101
64.505510 3.19087882
64.606142 3.19119113
64.706775 3.19149792
64.807408 3.19179921
64.908040 3.19209499
65.008673 3.19238526
65.109305 3.19267003
65.209938 3.19294928
65.310571 3.19322303
65.411203 3.19349127
65.511836 3.19375400
65.612469 3.19401122
65.713101 3.19426294
65.813734 3.19450914
65.914366 3.19474984
66.014999 3.19498503
66.115632 3.19521471
66.216264 3.19543889
66.316897 3.19565755
66.417530 3.19587071
66.518162 3.19607836
66.618795 3.19628050
66.719427 3.19647714
66.820060 3.19666826
66.920693 3.19685388
67.021325 3.19703399
67.121958 3.19720859
67.222591 3.19737769
67.323223 3.19754127
67.423856 3.19769935
67.524488 3.19785192
67.625121 3.19799898
67.725754 3.19814054
67.826386 3.19827658
67.927019 3.19840712
68.027651 3.19853215
68.128284 3.19865168
68.228917 3.19876569
68.329549 3.19887420
68.430182 3.19897720
68.530815 3.19907469
68.631447 3.19916667
68.732080 3.19925315
68.832712 3.19933412
68.933345 3.19940958
69.033978 3.19947953
69.134610 3.19954398
69.235243 3.19960292
69.335876 3.19965635
69.436508 3.19970427
69.537141 3.19974668
69.637773 3.19978359
69.738406 3.19981498
69.839039 3.19984088
69.939671 3.19986173
70.040304 3.19988211
70.140937 3.19990249
70.241569 3.19992288
70.342202 3.19994326
70.442834 3.19996364
70.543467 3.19998402
70.644100 3.20000438
70.744732 3.20002479
