0.100633 1.63246330
0.201265 1.63246220
0.301898 1.63246333
0.402530 1.63246344
0.503163 1.63246341
0.603796 1.63246339
0.704428 1.63246337
0.805061 1.63246335
0.905694 1.63246334
1.006326 1.63246333
1.106959 1.63246333
1.207591 1.63246334
1.308224 1.63246335
1.408857 1.63246337
1.509489 1.63246340
1.610122 1.63246344
1.710755 1.63246349
1.811387 1.63246355
1.912020 1.63246363
2.012652 1.63246371
2.113285 1.63246381
2.213918 1.63246391
2.314550 1.63246404
2.415183 1.63246417
2.515816 1.63246432
2.616448 1.63246449
2.717081 1.63246467
2.817713 1.63246487
2.918346 1.63246509
3.018979 1.63246533
3.119611 1.63246558
3.220244 1.63246585
3.320876 1.63246615
3.421509 1.63246646
3.522142 1.63246679
3.622774 1.63246715
3.723407 1.63246753
3.824040 1.63246793
3.924672 1.63246836
4.025305 1.63246881
4.125937 1.63246928
4.226570 1.63246978
4.327203 1.63247031
4.427835 1.63247086
4.528468 1.63247145
4.629101 1.63247206
4.729733 1.63247270
4.830366 1.63247336
4.930998 1.63247407
5.031631 1.63247479
5.132264 1.63247556
5.232896 1.63247635
5.333529 1.63247718
5.434162 1.63247803
5.534794 1.63247893
5.635427 1.63247986
5.736059 1.63248082
5.836692 1.63248182
5.937325 1.63248286
6.037957 1.63248393
6.138590 1.63248505
6.239222 1.63248620
6.339855 1.63248739
6.440488 1.63248862
6.541120 1.63248989
6.641753 1.63249121
6.742386 1.63249256
6.843018 1.63249396
6.943651 1.63249540
7.044283 1.63249689
7.144916 1.63249842
7.245549 1.63249999
7.346181 1.63250162
7.446814 1.63250329
7.547447 1.63250500
7.648079 1.63250677
7.748712 1.63250858
7.849344 1.63251044
7.949977 1.63251235
8.050610 1.63251432
8.151242 1.63251633
8.251875 1.63251840
8.352508 1.63252052
8.453140 1.63252269
8.553773 1.63252491
8.654405 1.63252719
8.755038 1.63252953
8.855671 1.63253192
8.956303 1.63253437
9.056936 1.63253687
9.157568 1.63253944
9.258201 1.63254205
9.358834 1.63254474
9.459466 1.63254747
9.560099 1.63255027
9.660732 1.63255313
9.761364 1.63255605
9.861997 1.63255903
9.962629 1.63256208
10.063262 1.63256519
10.163895 1.63256836
10.264527 1.63257160
10.365160 1.63257490
10.465793 1.63257826
10.566425 1.63258170
10.667058 1.63258519
10.767690 1.63258876
10.868323 1.63259239
10.968956 1.63259609
11.069588 1.63259986
11.170221 1.63260370
11.270853 1.63260761
11.371486 1.63261158
11.472119 1.63261563
11.572751 1.63261975
11.673384 1.63262394
11.774017 1.63262820
11.874649 1.63263254
11.975282 1.63263694
12.075914 1.63264142
12.176547 1.63264597
12.277180 1.63265060
12.377812 1.63265530
12.478445 1.63266008
12.579078 1.63266493
12.679710 1.63266985
12.780343 1.63267485
12.880975 1.63267993
12.981608 1.63268508
13.082241 1.63269032
13.182873 1.63269562
13.283506 1.63270101
13.384139 1.63270647
13.484771 1.63271201
13.585404 1.63271762
13.686036 1.63272332
13.786669 1.63272909
13.887302 1.63273495
13.987934 1.63274087
14.088567 1.63274688
14.189199 1.63275297
14.289832 1.63275914
14.390465 1.63276538
14.491097 1.63277171
14.591730 1.63277810
14.692363 1.63278459
14.792995 1.63279114
14.893628 1.63279779
14.994260 1.63280450
15.094893 1.63281130
15.195526 1.63281816
15.296158 1.63282512
15.396791 1.63283214
15.497424 1.63283925
15.598056 1.63284642
15.698689 1.63285369
15.799321 1.63286101
15.899954 1.63286842
16.000587 1.63287588
16.101219 1.63288344
16.201852 1.63289104
16.302485 1.63289874
16.403117 1.63290648
16.503750 1.63291430
16.604382 1.63292216
16.705015 1.63293011
16.805648 1.63293808
16.906280 1.63294613
17.006913 1.63295420
17.107545 1.63296234
17.208178 1.63297048
17.308811 1.63297868
17.409443 1.63298686
17.510076 1.63299508
17.610709 1.63300326
17.711341 1.63301146
17.811974 1.63301959
17.912606 1.63302770
18.013239 1.63303570
18.113872 1.63304364
18.214504 1.63305141
18.315137 1.63305905
18.415770 1.63306646
18.516402 1.63307365
18.617035 1.63308050
18.717667 1.63308702
18.818300 1.63309306
18.918933 1.63309861
19.019565 1.63310349
19.120198 1.63310767
19.220831 1.63311091
19.321463 1.63311316
19.422096 1.63311411
19.522728 1.63311365
19.623361 1.63311142
19.723994 1.63310720
19.824626 1.63310054
19.925259 1.63309111
20.025891 1.63307831
20.126524 1.63306166
20.227157 1.63304035
20.327789 1.63301367
20.428422 1.63298055
20.529055 1.63293995
20.629687 1.63289041
20.730320 1.63283042
20.830952 1.63275797
20.931585 1.63267090
21.032218 1.63256640
21.132850 1.63244133
21.233483 1.63229173
21.334116 1.63211306
21.434748 1.63189963
21.535381 1.63164481
21.636013 1.63134033
21.736646 1.63097639
21.837279 1.63054075
21.937911 1.63001873
22.038544 1.62939191
22.139177 1.62863779
22.239809 1.62772808
22.340442 1.62662758
22.441074 1.62529165
22.541707 1.62366386
22.642340 1.62167177
22.742972 1.61922228
22.843605 1.61619433
22.944237 1.61242964
23.044870 1.60771958
23.145503 1.60178693
23.246135 1.59426123
23.346768 1.58464288
23.447401 1.57225559
23.548033 1.55617555
23.648666 1.53513792
23.749298 1.50739641
23.849931 1.47053748
23.950564 1.42120272
24.051196 1.35471797
24.151829 1.26455549
24.252462 1.14160157
24.353094 0.97317981
24.453727 0.74161237
24.554359 0.42267833
24.654992 -0.01650035
24.755625 -0.61158742
24.856257 -1.34687942
24.956890 -2.01703680
25.057523 -2.31194808
25.158155 -2.33300598
25.258788 -2.52489967
25.359420 -3.17107152
25.460053 -4.37227096
25.560686 -6.16817534
25.661318 -8.51355588
25.761951 -11.10626678
25.862583 -13.18615205
25.963216 -13.77938762
26.063849 -12.55198453
26.164481 -10.18909434
26.265114 -7.68519729
26.365747 -5.64633299
26.466379 -4.28060258
26.567012 -3.62744845
26.667644 -3.68960893
26.768277 -4.47288817
26.868910 -5.95931678
26.969542 -7.98697763
27.070175 -10.01837539
27.170808 -11.11151150
27.271440 -10.57221130
27.372073 -8.68470959
27.472705 -6.38794164
27.573338 -4.43078078
27.673971 -3.11391445
27.774603 -2.49343564
27.875236 -2.56535584
27.975869 -3.33147567
28.076501 -4.79110619
28.177134 -6.86523143
28.277766 -9.19388496
28.378399 -10.95792752
28.479032 -11.26084792
28.579664 -9.98700160
28.680297 -7.93263217
28.780929 -6.00046550
28.881562 -4.65723480
28.982195 -4.02601268
29.082827 -4.11427057
29.183460 -4.91702471
29.284093 -6.42640073
29.384725 -8.58757164
29.485358 -11.14519300
29.585990 -13.41184071
29.686623 -14.38089120
29.787256 -13.50941314
29.887888 -11.29627700
29.988521 -8.74737855
30.089154 -6.57218986
30.189786 -5.04103184
30.290419 -4.21364322
30.391051 -4.09855342
30.491684 -4.70076072
30.592317 -6.01500346
30.692949 -7.92806533
30.793582 -9.99476379
30.894215 -11.32731092
30.994847 -11.10425577
31.095480 -9.39227735
31.196112 -7.07079835
31.296745 -4.97743852
31.397378 -3.49186016
31.498010 -2.70102955
31.598643 -2.60687011
31.699275 -3.20708374
31.799908 -4.50620371
31.900541 -6.45402240
32.001173 -8.76739514
32.101806 -10.71915819
32.202439 -11.36269682
32.303071 -10.36722868
32.403704 -8.39249377
32.504336 -6.38828110
32.604969 -4.91366072
32.705602 -4.14144658
32.806234 -4.09081587
32.906867 -4.75387081
33.007500 -6.12577634
33.108132 -8.16798778
33.208765 -10.68248752
33.309397 -13.08375210
33.410030 -14.38415557
33.510663 -13.86618293
33.611295 -11.82637306
33.711928 -9.24702788
33.812560 -6.93208322
33.913193 -5.22945246
34.013826 -4.22528931
34.114458 -3.93017682
34.215091 -4.35031570
34.315724 -5.48509653
34.416356 -7.25680533
34.516989 -9.31189103
34.617621 -10.83678506
34.718254 -10.92089867
34.818887 -9.41556477
34.919519 -7.09608069
35.020152 -4.86734357
35.120785 -3.20339562
35.221417 -2.22934606
35.322050 -1.95234421
35.422682 -2.36994351
35.523315 -3.48416988
35.623948 -5.26320682
35.724580 -7.49120106
35.825213 -9.52947684
35.925846 -10.41087369
36.026478 -9.60238748
36.127111 -7.57509851
36.227743 -5.27721225
36.328376 -3.34740369
36.429009 -1.98738653
36.529641 -1.19550742
36.630274 -0.91500131
36.730906 -1.02026546
36.831539 -1.18582054
36.932172 -0.98813513
37.032804 -0.42430968
37.133437 0.17758195
37.234070 0.64988783
37.334702 0.99196602
37.435335 1.23722815
37.535967 1.41373969
37.636600 1.54134310
37.737233 1.63340586
37.837865 1.69791549
37.938498 1.73850110
38.039131 1.75905338
38.139763 1.76339300
38.240396 1.76127032
38.341028 1.75862742
38.441661 1.75591988
38.542294 1.75320762
38.642926 1.75049957
38.743559 1.74779549
38.844192 1.74509371
38.944824 1.74239286
39.045457 1.73969207
39.146089 1.73699081
39.246722 1.73428879
39.347355 1.73158579
39.447987 1.72888167
39.548620 1.72617624
39.649252 1.72346932
39.749885 1.72076075
39.850518 1.71805060
39.951150 1.71533970
40.051783 1.71263149
40.152416 1.70993903
40.253048 1.70732039
40.353681 1.70511077
40.454313 1.70402442
40.554946 1.70383104
40.655579 1.70391073
40.756211 1.70328833
40.856844 1.70047129
40.957477 1.69321366
41.058109 1.67815437
41.158742 1.65022483
41.259374 1.60207098
41.360007 1.52283571
41.460640 1.39829906
41.561272 1.21701722
41.661905 0.98782198
41.762538 0.76664918
41.863170 0.64862003
41.963803 0.69087050
42.064435 0.85108419
42.165068 1.03253346
42.265701 1.16478331
42.366333 1.22406522
42.466966 1.21109560
42.567598 1.13199120
42.668231 0.99149104
42.768864 0.79611348
42.869496 0.56740894
42.970129 0.35983274
43.070762 0.24834248
43.171394 0.26041627
43.272027 0.33247350
43.372659 0.35962747
43.473292 0.26241431
43.573925 0.01361711
43.674557 -0.33546727
43.775190 -0.62858069
43.875823 -0.67600986
43.976455 -0.42548524
44.077088 -0.01322081
44.177720 0.38153969
44.278353 0.66476590
44.378986 0.82250466
44.479618 0.86927178
44.580251 0.81988936
44.680884 0.68133848
44.781516 0.45309783
44.882149 0.13239698
44.982781 -0.26857309
45.083414 -0.68495149
45.184047 -0.98244923
45.284679 -1.04285055
45.385312 -0.88044881
45.485944 -0.59663491
45.586577 -0.27656126
45.687210 0.00482819
45.787842 0.22589760
45.888475 0.44228330
45.989108 0.67478314
46.089740 0.88213388
46.190373 1.04123031
46.291005 1.15733851
46.391638 1.24147087
46.492271 1.30247570
46.592903 1.34657733
46.693536 1.37802287
46.794169 1.39958965
46.894801 1.41311063
46.995434 1.41958727
47.096066 1.42019305
47.196699 1.41798093
47.297332 1.41540621
47.397964 1.41274239
47.498597 1.41005003
47.599230 1.40734678
47.699862 1.40463907
47.800495 1.40192951
47.901127 1.39921922
48.001760 1.39650871
48.102393 1.39379818
48.203025 1.39108774
48.303658 1.38837739
48.404290 1.38566715
48.504923 1.38295701
48.605556 1.38024695
48.706188 1.37753694
48.806821 1.37482700
48.907454 1.37211825
49.008086 1.36942174
49.108719 1.36673861
49.209351 1.36406887
49.309984 1.36141250
49.410617 1.35876949
49.511249 1.35613985
49.611882 1.35352357
49.712515 1.35092065
49.813147 1.34833109
49.913780 1.34575489
50.014412 1.34319204
50.115045 1.34064254
50.215678 1.33810640
50.316310 1.33558361
50.416943 1.33307417
50.517576 1.33057808
50.618208 1.32809535
50.718841 1.32562597
50.819473 1.32316994
50.920106 1.32072726
51.020739 1.31829793
51.121371 1.31588196
51.222004 1.31347933
51.322636 1.31109006
51.423269 1.30871414
51.523902 1.30635157
51.624534 1.30400235
51.725167 1.30166648
51.825800 1.29934396
51.926432 1.29703479
52.027065 1.29473898
52.127697 1.29245652
52.228330 1.29018740
52.328963 1.28793164
52.429595 1.28568923
52.530228 1.28346017
52.630861 1.28124447
52.731493 1.27904211
52.832126 1.27685311
52.932758 1.27467746
53.033391 1.27251515
53.134024 1.27036621
53.234656 1.26823061
53.335289 1.26610836
53.435921 1.26399947
53.536554 1.26190392
53.637187 1.25982173
53.737819 1.25775289
53.838452 1.25569740
53.939085 1.25365527
54.039717 1.25162648
54.140350 1.24961105
54.240982 1.24760897
54.341615 1.24562024
54.442248 1.24364486
54.542880 1.24168284
54.643513 1.23973417
54.744146 1.23779885
54.844778 1.23587688
54.945411 1.23396826
55.046043 1.23207299
55.146676 1.23019108
55.247309 1.22832252
55.347941 1.22646731
55.448574 1.22462546
55.549207 1.22279695
55.649839 1.22098180
55.750472 1.21918000
55.851104 1.21739156
55.951737 1.21561646
56.052370 1.21385472
56.153002 1.21210633
56.253635 1.21037129
56.354267 1.20864961
56.454900 1.20694128
56.555533 1.20524630
56.656165 1.20356467
56.756798 1.20189640
56.857431 1.20024147
56.958063 1.19859991
57.058696 1.19697169
57.159328 1.19535682
57.259961 1.19375531
57.360594 1.19216715
57.461226 1.19059235
57.561859 1.18903090
57.662492 1.18748280
57.763124 1.18594805
57.863757 1.18442665
57.964389 1.18291861
58.065022 1.18142392
58.165655 1.17994259
58.266287 1.17847461
58.366920 1.17701998
58.467553 1.17557870
58.568185 1.17415077
58.668818 1.17273620
58.769450 1.17133499
58.870083 1.16994712
58.970716 1.16857261
59.071348 1.16721145
59.171981 1.16586365
59.272613 1.16452919
59.373246 1.16320809
59.473879 1.16190035
59.574511 1.16060596
59.675144 1.15932492
59.775777 1.15805723
59.876409 1.15680290
59.977042 1.15556192
60.077674 1.15433429
60.178307 1.15312002
60.278940 1.15191910
60.379572 1.15073153
60.480205 1.14955732
60.580838 1.14839646
60.681470 1.14724895
60.782103 1.14611480
60.882735 1.14499400
60.983368 1.14388656
61.084001 1.14279247
61.184633 1.14171173
61.285266 1.14064434
61.385899 1.13959031
61.486531 1.13854963
61.587164 1.13752231
61.687796 1.13650834
61.788429 1.13550772
61.889062 1.13452046
61.989694 1.13354655
62.090327 1.13258599
62.190959 1.13163879
62.291592 1.13070494
62.392225 1.12978445
62.492857 1.12887731
62.593490 1.12798352
62.694123 1.12710309
62.794755 1.12623601
62.895388 1.12538228
62.996020 1.12454191
63.096653 1.12371489
63.197286 1.12290123
63.297918 1.12210092
63.398551 1.12131396
63.499184 1.12054036
63.599816 1.11978011
63.700449 1.11903321
63.801081 1.11829967
63.901714 1.11757949
64.002347 1.11687265
64.102979 1.11617918
64.203612 1.11549905
64.304245 1.11483228
64.404877 1.11417886
64.505510 1.11353880
64.606142 1.11291209
64.706775 1.11229874
64.807408 1.11169874
64.908040 1.11111209
65.008673 1.11053880
65.109305 1.10997886
65.209938 1.10943228
65.310571 1.10889905
65.411203 1.10837918
65.511836 1.10787265
65.612469 1.10737949
65.713101 1.10689968
65.813734 1.10643322
65.914366 1.10598011
66.014999 1.10554036
66.115632 1.10511397
66.216264 1.10470093
66.316897 1.10430124
66.417530 1.10391491
66.518162 1.10354193
66.618795 1.10318231
66.719427 1.10283604
66.820060 1.10250312
66.920693 1.10218356
67.021325 1.10187736
67.121958 1.10158451
67.222591 1.10130501
67.323223 1.10103887
67.423856 1.10078608
67.524488 1.10054665
67.625121 1.10032057
67.725754 1.10010784
67.826386 1.09990847
67.927019 1.09972246
68.027651 1.09954980
68.128284 1.09939049
68.228917 1.09924454
68.329549 1.09911194
68.430182 1.09899270
68.530815 1.09888681
68.631447 1.09879428
68.732080 1.09871510
68.832712 1.09864928
68.933345 1.09859681
69.033978 1.09855770
69.134610 1.09853194
69.235243 1.09851953
69.335876 1.09852048
69.436508 1.09853479
69.537141 1.09856245
69.637773 1.09860346
69.738406 1.09865784
69.839039 1.09872557
69.939671 1.09880550
70.040304 1.09888659
70.140937 1.09896768
70.241569 1.09904876
70.342202 1.09912983
70.442834 1.09921091
70.543467 1.09929200
70.644100 1.09937316
70.744732 1.09945416
