0.100633 1.62963939
0.201265 1.62964176
0.301898 1.62963920
0.402530 1.62963894
0.503163 1.62963896
0.603796 1.62963899
0.704428 1.62963902
0.805061 1.62963906
0.905694 1.62963910
1.006326 1.62963915
1.106959 1.62963920
1.207591 1.62963926
1.308224 1.62963933
1.408857 1.62963941
1.509489 1.62963949
1.610122 1.62963959
1.710755 1.62963969
1.811387 1.62963980
1.912020 1.62963993
2.012652 1.62964006
2.113285 1.62964021
2.213918 1.62964037
2.314550 1.62964055
2.415183 1.62964073
2.515816 1.62964094
2.616448 1.62964115
2.717081 1.62964139
2.817713 1.62964164
2.918346 1.62964190
3.018979 1.62964219
3.119611 1.62964249
3.220244 1.62964281
3.320876 1.62964315
3.421509 1.62964351
3.522142 1.62964389
3.622774 1.62964429
3.723407 1.62964471
3.824040 1.62964515
3.924672 1.62964562
4.025305 1.62964611
4.125937 1.62964662
4.226570 1.62964716
4.327203 1.62964772
4.427835 1.62964830
4.528468 1.62964891
4.629101 1.62964955
4.729733 1.62965022
4.830366 1.62965091
4.930998 1.62965162
5.031631 1.62965237
5.132264 1.62965315
5.232896 1.62965395
5.333529 1.62965478
5.434162 1.62965565
5.534794 1.62965654
5.635427 1.62965747
5.736059 1.62965842
5.836692 1.62965941
5.937325 1.62966043
6.037957 1.62966149
6.138590 1.62966257
6.239222 1.62966369
6.339855 1.62966484
6.440488 1.62966603
6.541120 1.62966725
6.641753 1.62966851
6.742386 1.62966980
6.843018 1.62967113
6.943651 1.62967249
7.044283 1.62967390
7.144916 1.62967533
7.245549 1.62967681
7.346181 1.62967832
7.446814 1.62967988
7.547447 1.62968146
7.648079 1.62968309
7.748712 1.62968476
7.849344 1.62968647
7.949977 1.62968821
8.050610 1.62968999
8.151242 1.62969181
8.251875 1.62969368
8.352508 1.62969558
8.453140 1.62969753
8.553773 1.62969952
8.654405 1.62970155
8.755038 1.62970361
8.855671 1.62970573
8.956303 1.62970787
9.056936 1.62971007
9.157568 1.62971230
9.258201 1.62971459
9.358834 1.62971690
9.459466 1.62971927
9.560099 1.62972167
9.660732 1.62972412
9.761364 1.62972661
9.861997 1.62972915
9.962629 1.62973172
10.063262 1.62973434
10.163895 1.62973700
10.264527 1.62973971
10.365160 1.62974245
10.465793 1.62974525
10.566425 1.62974808
10.667058 1.62975096
10.767690 1.62975388
10.868323 1.62975685
10.968956 1.62975985
11.069588 1.62976290
11.170221 1.62976599
11.270853 1.62976913
11.371486 1.62977230
11.472119 1.62977553
11.572751 1.62977879
11.673384 1.62978210
11.774017 1.62978544
11.874649 1.62978884
11.975282 1.62979226
12.075914 1.62979574
12.176547 1.62979925
12.277180 1.62980281
12.377812 1.62980640
12.478445 1.62981005
12.579078 1.62981372
12.679710 1.62981745
12.780343 1.62982120
12.880975 1.62982500
12.981608 1.62982883
13.082241 1.62983272
13.182873 1.62983662
13.283506 1.62984059
13.384139 1.62984457
13.484771 1.62984861
13.585404 1.62985267
13.686036 1.62985678
13.786669 1.62986091
13.887302 1.62986510
13.987934 1.62986930
14.088567 1.62987355
14.189199 1.62987783
14.289832 1.62988215
14.390465 1.62988649
14.491097 1.62989088
14.591730 1.62989528
14.692363 1.62989974
14.792995 1.62990420
14.893628 1.62990872
14.994260 1.62991324
15.094893 1.62991782
15.195526 1.62992240
15.296158 1.62992703
15.396791 1.62993166
15.497424 1.62993634
15.598056 1.62994102
15.698689 1.62994575
15.799321 1.62995047
15.899954 1.62995524
16.000587 1.62996000
16.101219 1.62996479
16.201852 1.62996959
16.302485 1.62997441
16.403117 1.62997922
16.503750 1.62998405
16.604382 1.62998887
16.705015 1.62999371
16.805648 1.62999852
16.906280 1.63000334
17.006913 1.63000813
17.107545 1.63001291
17.208178 1.63001764
17.308811 1.63002236
17.409443 1.63002701
17.510076 1.63003161
17.610709 1.63003613
17.711341 1.63004058
17.811974 1.63004491
17.912606 1.63004913
18.013239 1.63005319
18.113872 1.63005710
18.214504 1.63006078
18.315137 1.63006424
18.415770 1.63006740
18.516402 1.63007025
18.617035 1.63007269
18.717667 1.63007469
18.818300 1.63007615
18.918933 1.63007700
19.019565 1.63007711
19.120198 1.63007638
19.220831 1.63007464
19.321463 1.63007176
19.422096 1.63006750
19.522728 1.63006166
19.623361 1.63005395
19.723994 1.63004407
19.824626 1.63003163
19.925259 1.63001621
20.025891 1.62999727
20.126524 1.62997425
20.227157 1.62994638
20.327789 1.62991288
20.428422 1.62987271
20.529055 1.62982474
20.629687 1.62976755
20.730320 1.62969955
20.830952 1.62961874
20.931585 1.62952286
21.032218 1.62940913
21.132850 1.62927431
21.233483 1.62911443
21.334116 1.62892484
21.434748 1.62869986
21.535381 1.62843271
21.636013 1.62811514
21.736646 1.62773717
21.837279 1.62728659
21.937911 1.62674850
22.038544 1.62610451
22.139177 1.62533189
22.239809 1.62440235
22.340442 1.62328047
22.441074 1.62192160
22.541707 1.62026906
22.642340 1.61825041
22.742972 1.61577227
22.843605 1.61271361
22.944237 1.60891589
23.044870 1.60417049
23.145503 1.59819997
23.246135 1.59063392
23.346768 1.58097258
23.447401 1.56853980
23.548033 1.55241172
23.648666 1.53132381
23.749298 1.50352994
23.849931 1.46661715
23.950564 1.41722759
24.051196 1.35068818
24.151829 1.26047242
24.252462 1.13746848
24.353094 0.96900219
24.453727 0.73739872
24.554359 0.41844046
24.654992 -0.02074677
24.755625 -0.61582305
24.856257 -1.35108209
24.956890 -2.02118397
25.057523 -2.31659068
25.158155 -2.33798173
25.258788 -2.53017127
25.359420 -3.17666186
25.460053 -4.37822539
25.560686 -6.17454172
25.661318 -8.52037639
25.761951 -11.11357232
25.862583 -13.19395941
25.963216 -13.78769883
26.063849 -12.56079335
26.164481 -10.19839168
26.265114 -7.69497194
26.365747 -5.65656979
26.466379 -4.29128422
26.567012 -3.63855573
26.667644 -3.70112516
26.768277 -4.48480477
26.868910 -5.97163672
26.969542 -7.99970637
27.070175 -10.03149665
27.170808 -11.12495343
27.271440 -10.58583157
27.372073 -8.69831367
27.472705 -6.40131080
27.573338 -4.44371135
27.673971 -3.12627776
27.774603 -2.50520594
27.875236 -2.57655614
27.975869 -3.34215391
28.076501 -4.80136868
28.177134 -6.87524669
28.277766 -9.20384175
28.378399 -10.96800993
28.479032 -11.27122237
28.579664 -9.99779747
28.680297 -7.94393212
28.780929 -6.01231720
28.881562 -4.66966788
28.982195 -4.03904518
29.082827 -4.12790697
29.183460 -4.93125361
29.284093 -6.44119656
29.384725 -8.60289882
29.485358 -11.16100957
29.585990 -13.42809601
29.686623 -14.39752015
29.787256 -13.52634404
29.887888 -11.31344240
29.988521 -8.76470540
30.089154 -6.58956633
30.189786 -5.05827456
30.290419 -4.23048373
30.391051 -4.11464345
30.491684 -4.71568940
30.592317 -6.02832271
30.692949 -7.93931348
30.793582 -10.00347031
30.894215 -11.33299145
30.994847 -11.10643020
31.095480 -9.39052529
31.196112 -7.06480338
31.296745 -4.96694253
31.397378 -3.47655693
31.498010 -2.68045216
31.598643 -2.58032589
31.699275 -3.17370707
31.799908 -4.46488522
31.900541 -6.40318607
32.001173 -8.70477602
32.101806 -10.64162383
32.202439 -11.26615677
32.303071 -10.24686393
32.403704 -8.24323350
32.504336 -6.20501763
32.604969 -4.69117209
32.705602 -3.87430113
32.806234 -3.77340542
32.906867 -4.38081855
33.007500 -5.69305975
33.108132 -7.67496991
33.208765 -10.13450814
33.309397 -12.49402923
33.410030 -13.77322067
33.510663 -13.25837470
33.611295 -11.24480610
33.711928 -8.70906504
33.812560 -6.44725740
33.913193 -4.80029548
34.013826 -3.84968216
34.114458 -3.60367297
34.215091 -4.06764529
34.315724 -5.24083770
34.416356 -7.04557638
34.516989 -9.12834125
34.617621 -10.67548280
34.718254 -10.77638383
34.818887 -9.28281938
34.919519 -6.97098133
35.020152 -4.74668372
35.120785 -3.08459804
35.221417 -2.11010569
35.322050 -1.83039615
35.422682 -2.24319248
35.523315 -3.35109146
35.623948 -5.12235456
35.724580 -7.34058400
35.825213 -9.36608738
35.925846 -10.23053328
36.026478 -9.40041539
36.127111 -7.34760340
36.227743 -5.02200354
36.328376 -3.06398902
36.429009 -1.67658427
36.529641 -0.85930020
36.630274 -0.55685839
36.730906 -0.64499543
36.831539 -0.79687817
36.932172 -0.58823256
37.032804 -0.01602587
37.133437 0.59141745
37.234070 1.06596355
37.334702 1.40639924
37.435335 1.64540609
37.535967 1.81031120
37.636600 1.91994915
37.737233 1.98640498
37.837865 2.01700769
37.938498 2.01590516
38.039131 1.98801903
38.139763 1.93985960
38.240396 1.88670210
38.341028 1.84445236
38.441661 1.82291234
38.542294 1.82799141
38.642926 1.85973054
38.743559 1.91256473
38.844192 1.97806611
38.944824 2.04825211
39.045457 2.11755330
39.146089 2.18299529
39.246722 2.24342002
39.347355 2.29859797
39.447987 2.34856105
39.548620 2.39341915
39.649252 2.43321355
39.749885 2.46797649
39.850518 2.49769541
39.951150 2.52234807
40.051783 2.54192498
40.152416 2.55651085
40.253048 2.56656979
40.353681 2.57349322
40.454313 2.57926467
40.554946 2.58490207
40.655579 2.59039767
40.756211 2.59502964
40.856844 2.59739615
40.957477 2.59527577
41.058109 2.58530677
41.158742 2.56241107
41.259374 2.51922742
41.360007 2.44489819
41.460640 2.32521494
41.561272 2.14875368
41.661905 1.92436527
41.762538 1.70798116
41.863170 1.59468077
41.963803 1.64155953
42.064435 1.80630254
42.165068 1.99221990
42.265701 2.12893207
42.366333 2.19273030
42.466966 2.18438575
42.567598 2.11005839
42.668231 1.97451131
42.768864 1.78426265
42.869496 1.56083714
42.970129 1.35864012
43.070762 1.25255878
43.171394 1.26999929
43.272027 1.34732237
43.372659 1.37960568
43.473292 1.28738340
43.573925 1.04347203
43.674557 0.69923422
43.775190 0.41100543
43.875823 0.36855886
43.976455 0.62417278
44.077088 1.04157956
44.177720 1.44148079
44.278353 1.72983914
44.378986 1.89272417
44.479618 1.94468185
44.580251 1.90056082
44.680884 1.76735654
44.781516 1.54454886
44.882149 1.22935505
44.982781 0.83393501
45.083414 0.42309522
45.184047 0.13106197
45.284679 0.07600774
45.385312 0.24364256
45.485944 0.53262545
45.586577 0.85787016
45.687210 1.14449701
45.787842 1.37092697
45.888475 1.59283637
45.989108 1.83103904
46.089740 2.04426141
46.190373 2.20936598
46.291005 2.33157286
46.391638 2.42183752
46.492271 2.48894547
46.592903 2.53905339
46.693536 2.57633377
46.794169 2.60347895
46.894801 2.62223721
46.995434 2.63353703
47.096066 2.63853818
47.196699 2.64047490
47.297332 2.64198353
47.397964 2.64336993
47.498597 2.64470752
47.599230 2.64602096
47.699862 2.64732105
47.800495 2.64861325
47.901127 2.64990059
48.001760 2.65118484
48.102393 2.65246707
48.203025 2.65374797
48.303658 2.65502798
48.404290 2.65630738
48.504923 2.65758637
48.605556 2.65886506
48.706188 2.66014354
48.806821 2.66142189
48.907454 2.66269961
49.008086 2.66397183
49.108719 2.66523805
49.209351 2.66649828
49.309984 2.66775254
49.410617 2.66900084
49.511249 2.67024317
49.611882 2.67147955
49.712515 2.67270997
49.813147 2.67393444
49.913780 2.67515296
50.014412 2.67636553
50.115045 2.67757215
50.215678 2.67877283
50.316310 2.67996756
50.416943 2.68115634
50.517576 2.68233918
50.618208 2.68351607
50.718841 2.68468702
50.819473 2.68585202
50.920106 2.68701107
51.020739 2.68816418
51.121371 2.68931135
51.222004 2.69045257
51.322636 2.69158784
51.423269 2.69271717
51.523902 2.69384055
51.624534 2.69495799
51.725167 2.69606949
51.825800 2.69717504
51.926432 2.69827464
52.027065 2.69936830
52.127697 2.70045602
52.228330 2.70153779
52.328963 2.70261362
52.429595 2.70368350
52.530228 2.70474744
52.630861 2.70580543
52.731493 2.70685748
52.832126 2.70790358
52.932758 2.70894374
53.033391 2.70997795
53.134024 2.71100622
53.234656 2.71202855
53.335289 2.71304493
53.435921 2.71405536
53.536554 2.71505985
53.637187 2.71605840
53.737819 2.71705100
53.838452 2.71803766
53.939085 2.71901838
54.039717 2.71999315
54.140350 2.72096197
54.240982 2.72192485
54.341615 2.72288179
54.442248 2.72383278
54.542880 2.72477783
54.643513 2.72571694
54.744146 2.72665010
54.844778 2.72757731
54.945411 2.72849859
55.046043 2.72941391
55.146676 2.73032330
55.247309 2.73122674
55.347941 2.73212423
55.448574 2.73301578
55.549207 2.73390139
55.649839 2.73478105
55.750472 2.73565477
55.851104 2.73652255
55.951737 2.73738438
56.052370 2.73824027
56.153002 2.73909021
56.253635 2.73993421
56.354267 2.74077227
56.454900 2.74160438
56.555533 2.74243055
56.656165 2.74325077
56.756798 2.74406506
56.857431 2.74487339
56.958063 2.74567579
57.058696 2.74647224
57.159328 2.74726274
57.259961 2.74804730
57.360594 2.74882592
57.461226 2.74959860
57.561859 2.75036533
57.662492 2.75112612
57.763124 2.75188096
57.863757 2.75262986
57.964389 2.75337282
58.065022 2.75410983
58.165655 2.75484090
58.266287 2.75556603
58.366920 2.75628521
58.467553 2.75699845
58.568185 2.75770574
58.668818 2.75840709
58.769450 2.75910250
58.870083 2.75979197
58.970716 2.76047549
59.071348 2.76115307
59.171981 2.76182470
59.272613 2.76249039
59.373246 2.76315014
59.473879 2.76380394
59.574511 2.76445181
59.675144 2.76509372
59.775777 2.76572970
59.876409 2.76635973
59.977042 2.76698382
60.077674 2.76760196
60.178307 2.76821416
60.278940 2.76882042
60.379572 2.76942073
60.480205 2.77001510
60.580838 2.77060353
60.681470 2.77118602
60.782103 2.77176256
60.882735 2.77233316
60.983368 2.77289781
61.084001 2.77345652
61.184633 2.77400929
61.285266 2.77455611
61.385899 2.77509700
61.486531 2.77563193
61.587164 2.77616093
61.687796 2.77668398
61.788429 2.77720109
61.889062 2.77771226
61.989694 2.77821748
62.090327 2.77871676
62.190959 2.77921009
62.291592 2.77969749
62.392225 2.78017894
62.492857 2.78065444
62.593490 2.78112400
62.694123 2.78158762
62.794755 2.78204530
62.895388 2.78249703
62.996020 2.78294283
63.096653 2.78338267
63.197286 2.78381658
63.297918 2.78424454
63.398551 2.78466656
63.499184 2.78508263
63.599816 2.78549276
63.700449 2.78589695
63.801081 2.78629520
63.901714 2.78668750
64.002347 2.78707386
64.102979 2.78745427
64.203612 2.78782874
64.304245 2.78819727
64.404877 2.78855986
64.505510 2.78891650
64.606142 2.78926720
64.706775 2.78961196
64.807408 2.78995077
64.908040 2.79028364
65.008673 2.79061057
65.109305 2.79093155
65.209938 2.79124659
65.310571 2.79155569
65.411203 2.79185885
65.511836 2.79215606
65.612469 2.79244733
65.713101 2.79273265
65.813734 2.79301203
65.914366 2.79328547
66.014999 2.79355297
66.115632 2.79381452
66.216264 2.79407013
66.316897 2.79431979
66.417530 2.79456351
66.518162 2.79480129
66.618795 2.79503313
66.719427 2.79525902
66.820060 2.79547897
66.920693 2.79569298
67.021325 2.79590104
67.121958 2.79610316
67.222591 2.79629934
67.323223 2.79648957
67.423856 2.79667386
67.524488 2.79685221
67.625121 2.79702461
67.725754 2.79719107
67.826386 2.79735159
67.927019 2.79750616
68.027651 2.79765479
68.128284 2.79779748
68.228917 2.79793422
68.329549 2.79806502
68.430182 2.79818988
68.530815 2.79830879
68.631447 2.79842176
68.732080 2.79852879
68.832712 2.79862987
68.933345 2.79872501
69.033978 2.79881421
69.134610 2.79889746
69.235243 2.79897477
69.335876 2.79904614
69.436508 2.79911156
69.537141 2.79917104
69.637773 2.79922458
69.738406 2.79927217
69.839039 2.79931382
69.939671 2.79935003
70.040304 2.79938574
70.140937 2.79942144
70.241569 2.79945714
70.342202 2.79949285
70.442834 2.79952856
70.543467 2.79956426
70.644100 2.79959996
70.744732 2.79963568
