0.100633 1.63169517
0.201265 1.63169795
0.301898 1.63169497
0.402530 1.63169466
0.503163 1.63169469
0.603796 1.63169472
0.704428 1.63169476
0.805061 1.63169481
0.905694 1.63169486
1.006326 1.63169491
1.106959 1.63169497
1.207591 1.63169503
1.308224 1.63169510
1.408857 1.63169518
1.509489 1.63169526
1.610122 1.63169536
1.710755 1.63169546
1.811387 1.63169557
1.912020 1.63169570
2.012652 1.63169583
2.113285 1.63169597
2.213918 1.63169613
2.314550 1.63169629
2.415183 1.63169647
2.515816 1.63169667
2.616448 1.63169687
2.717081 1.63169710
2.817713 1.63169733
2.918346 1.63169758
3.018979 1.63169785
3.119611 1.63169814
3.220244 1.63169844
3.320876 1.63169876
3.421509 1.63169910
3.522142 1.63169945
3.622774 1.63169983
3.723407 1.63170023
3.824040 1.63170064
3.924672 1.63170108
4.025305 1.63170154
4.125937 1.63170202
4.226570 1.63170253
4.327203 1.63170306
4.427835 1.63170361
4.528468 1.63170419
4.629101 1.63170479
4.729733 1.63170542
4.830366 1.63170607
4.930998 1.63170676
5.031631 1.63170746
5.132264 1.63170820
5.232896 1.63170897
5.333529 1.63170976
5.434162 1.63171059
5.534794 1.63171144
5.635427 1.63171233
5.736059 1.63171325
5.836692 1.63171420
5.937325 1.63171518
6.037957 1.63171620
6.138590 1.63171725
6.239222 1.63171833
6.339855 1.63171945
6.440488 1.63172061
6.541120 1.63172180
6.641753 1.63172303
6.742386 1.63172430
6.843018 1.63172560
6.943651 1.63172695
7.044283 1.63172833
7.144916 1.63172975
7.245549 1.63173121
7.346181 1.63173272
7.446814 1.63173426
7.547447 1.63173585
7.648079 1.63173748
7.748712 1.63173916
7.849344 1.63174087
7.949977 1.63174264
8.050610 1.63174445
8.151242 1.63174630
8.251875 1.63174820
8.352508 1.63175015
8.453140 1.63175214
8.553773 1.63175419
8.654405 1.63175628
8.755038 1.63175842
8.855671 1.63176061
8.956303 1.63176285
9.056936 1.63176514
9.157568 1.63176749
9.258201 1.63176989
9.358834 1.63177234
9.459466 1.63177484
9.560099 1.63177740
9.660732 1.63178001
9.761364 1.63178267
9.861997 1.63178540
9.962629 1.63178818
10.063262 1.63179101
10.163895 1.63179390
10.264527 1.63179685
10.365160 1.63179986
10.465793 1.63180293
10.566425 1.63180606
10.667058 1.63180925
10.767690 1.63181250
10.868323 1.63181581
10.968956 1.63181918
11.069588 1.63182261
11.170221 1.63182611
11.270853 1.63182967
11.371486 1.63183330
11.472119 1.63183698
11.572751 1.63184074
11.673384 1.63184456
11.774017 1.63184844
11.874649 1.63185239
11.975282 1.63185641
12.075914 1.63186050
12.176547 1.63186465
12.277180 1.63186887
12.377812 1.63187316
12.478445 1.63187752
12.579078 1.63188195
12.679710 1.63188645
12.780343 1.63189102
12.880975 1.63189566
12.981608 1.63190038
13.082241 1.63190516
13.182873 1.63191002
13.283506 1.63191495
13.384139 1.63191995
13.484771 1.63192503
13.585404 1.63193018
13.686036 1.63193541
13.786669 1.63194071
13.887302 1.63194608
13.987934 1.63195153
14.088567 1.63195706
14.189199 1.63196266
14.289832 1.63196835
14.390465 1.63197410
14.491097 1.63197994
14.591730 1.63198584
14.692363 1.63199183
14.792995 1.63199790
14.893628 1.63200404
14.994260 1.63201026
15.094893 1.63201656
15.195526 1.63202294
15.296158 1.63202939
15.396791 1.63203592
15.497424 1.63204254
15.598056 1.63204922
15.698689 1.63205599
15.799321 1.63206283
15.899954 1.63206975
16.000587 1.63207673
16.101219 1.63208381
16.201852 1.63209094
16.302485 1.63209816
16.403117 1.63210543
16.503750 1.63211279
16.604382 1.63212020
16.705015 1.63212768
16.805648 1.63213521
16.906280 1.63214281
17.006913 1.63215045
17.107545 1.63215815
17.208178 1.63216587
17.308811 1.63217365
17.409443 1.63218143
17.510076 1.63218924
17.610709 1.63219703
17.711341 1.63220483
17.811974 1.63221259
17.912606 1.63222031
18.013239 1.63222795
18.113872 1.63223552
18.214504 1.63224294
18.315137 1.63225023
18.415770 1.63225730
18.516402 1.63226414
18.617035 1.63227065
18.717667 1.63227682
18.818300 1.63228253
18.918933 1.63228773
19.019565 1.63229227
19.120198 1.63229608
19.220831 1.63229896
19.321463 1.63230080
19.422096 1.63230136
19.522728 1.63230045
19.623361 1.63229777
19.723994 1.63229303
19.824626 1.63228583
19.925259 1.63227578
20.025891 1.63226232
20.126524 1.63224489
20.227157 1.63222275
20.327789 1.63219510
20.428422 1.63216092
20.529055 1.63211908
20.629687 1.63206816
20.730320 1.63200659
20.830952 1.63193236
20.931585 1.63184324
21.032218 1.63173644
21.132850 1.63160874
21.233483 1.63145617
21.334116 1.63127411
21.434748 1.63105687
21.535381 1.63079771
21.636013 1.63048837
21.736646 1.63011891
21.837279 1.62967710
21.937911 1.62914811
22.038544 1.62851352
22.139177 1.62775067
22.239809 1.62683125
22.340442 1.62571991
22.441074 1.62437197
22.541707 1.62273083
22.642340 1.62072401
22.742972 1.61825825
22.843605 1.61521245
22.944237 1.61142818
23.044870 1.60669676
23.145503 1.60074087
23.246135 1.59319002
23.346768 1.58354457
23.447401 1.57112828
23.548033 1.55501740
23.648666 1.53394729
23.749298 1.50617194
23.849931 1.46927827
23.950564 1.41990852
24.051196 1.35338948
24.151829 1.26319473
24.252462 1.14021227
24.353094 0.97176806
24.453727 0.74018704
24.554359 0.42125181
24.654992 -0.01791197
24.755625 -0.61296406
24.856257 -1.34819805
24.956890 -2.01827335
25.057523 -2.31371711
25.158155 -2.33512377
25.258788 -2.52731918
25.359420 -3.17381037
25.460053 -4.37536933
25.560686 -6.17167521
25.661318 -8.51749237
25.761951 -11.11066525
25.862583 -13.19102561
25.963216 -13.78473933
26.063849 -12.55781087
26.164481 -10.19538948
26.265114 -7.69195128
26.365747 -5.65353142
26.466379 -4.28822862
26.567012 -3.63548436
26.667644 -3.69804167
26.768277 -4.48171619
26.868910 -5.96855487
26.969542 -7.99664780
27.070175 -10.02848117
27.170808 -11.12200102
27.271440 -10.58295888
27.372073 -8.69552958
27.472705 -6.39861606
27.573338 -4.44110282
27.673971 -3.12375709
27.774603 -2.50278225
27.875236 -2.57423815
27.975869 -3.33994489
28.076501 -4.79926925
28.177134 -6.87325140
28.277766 -9.20193111
28.378399 -10.96614192
28.479032 -11.26933313
28.579664 -9.99581430
28.680297 -7.94179044
28.780929 -6.00996666
28.881562 -4.66707258
28.982195 -4.03617844
29.082827 -4.12474904
29.183460 -4.92778916
29.284093 -6.43741564
29.384725 -8.59879941
29.485358 -11.15660232
29.585990 -13.42341142
29.686623 -14.39261261
29.787256 -13.52128515
29.887888 -11.30830702
29.988521 -8.75956130
30.089154 -6.58447403
30.189786 -5.05328758
30.290419 -4.22564851
30.391051 -4.10999744
30.491684 -4.71125923
30.592317 -6.02412042
30.692949 -7.93533096
30.793582 -9.99967016
30.894215 -11.32929768
30.994847 -11.10272967
31.095480 -9.38668918
31.196112 -7.06071424
31.296745 -4.96250391
31.397378 -3.47169243
31.498010 -2.67510645
31.598643 -2.57445897
31.699275 -3.16729270
31.799908 -4.45791377
31.900541 -6.39566509
32.001173 -8.69673363
32.101806 -10.63311652
32.202439 -11.25727917
32.303071 -10.23773559
32.403704 -8.23396965
32.504336 -6.19572168
32.604969 -4.68194523
32.705602 -3.86525155
32.806234 -3.76465445
32.906867 -4.37250517
33.007500 -5.68534134
33.108132 -7.66802352
33.208765 -10.12853058
33.309397 -12.48923372
33.410030 -13.76983302
33.510663 -13.25661301
33.611295 -11.24483399
33.711928 -8.71096503
33.812560 -6.45104100
33.913193 -4.80592672
34.013826 -3.85710056
34.114458 -3.61281250
34.215091 -4.07844793
34.315724 -5.25326367
34.416356 -7.05961307
34.516989 -9.14401742
34.617621 -10.69289144
34.718254 -10.79573059
34.818887 -9.30450054
34.919519 -6.99563349
35.020152 -4.77518943
35.120785 -3.11809445
35.221417 -2.14999941
35.322050 -1.87839131
35.422682 -2.30141671
35.523315 -3.42226261
35.623948 -5.20965837
35.724580 -7.44761913
35.825213 -9.49692758
35.925846 -10.38980728
36.026478 -9.59330745
36.127111 -7.57970566
36.227743 -5.29895176
36.328376 -3.39056844
36.429009 -2.05486077
36.529641 -1.28567001
36.630274 -1.01861461
36.730906 -1.11893587
36.831539 -1.25395504
36.932172 -0.99801256
37.032804 -0.35194354
37.133437 0.34845142
37.234070 0.92712710
37.334702 1.37690950
37.435335 1.72702249
37.535967 2.00325736
37.636600 2.22380615
37.737233 2.40036278
37.837865 2.54001647
37.938498 2.64614694
38.039131 2.72101873
38.139763 2.76589899
38.240396 2.79339380
38.341028 2.81426176
38.441661 2.82989648
38.542294 2.84072048
38.642926 2.84697004
38.743559 2.84951702
38.844192 2.85091701
38.944824 2.85202002
39.045457 2.85302065
39.146089 2.85397515
39.246722 2.85490539
39.347355 2.85582182
39.447987 2.85673013
39.548620 2.85763371
39.649252 2.85853490
39.749885 2.85943565
39.850518 2.86033820
39.951150 2.86124605
40.051783 2.86216618
40.152416 2.86311689
40.253048 2.86416634
40.353681 2.86568447
40.454313 2.86845618
40.554946 2.87224817
40.655579 2.87642350
40.756211 2.87998868
40.856844 2.88143213
40.957477 2.87848833
41.058109 2.86777574
41.158742 2.84420568
41.259374 2.80040599
41.360007 2.72550493
41.460640 2.60527352
41.561272 2.42826569
41.661905 2.20331377
41.762538 1.98634781
41.863170 1.87247284
41.963803 1.91881440
42.064435 2.08306719
42.165068 2.26853304
42.265701 2.40481563
42.366333 2.46818727
42.466966 2.45940212
42.567598 2.38460548
42.668231 2.24854974
42.768864 2.05774918
42.869496 1.83373300
42.970129 1.63091949
43.070762 1.52421565
43.171394 1.54104698
43.272027 1.61778755
43.372659 1.64952160
43.473292 1.55678194
43.573925 1.31237593
43.674557 0.96765118
43.775190 0.67892690
43.875823 0.63596497
43.976455 0.89104264
44.077088 1.30790257
44.177720 1.70725723
44.278353 1.99507212
44.378986 2.15741429
44.479618 2.20882565
44.580251 2.16415094
44.680884 2.03038325
44.781516 1.80700186
44.882149 1.49122548
44.982781 1.09521841
45.083414 0.68379548
45.184047 0.39119296
45.284679 0.33559030
45.385312 0.50269702
45.485944 0.79116405
45.586577 1.11589476
45.687210 1.40199973
45.787842 1.62789139
45.888475 1.84924014
45.989108 2.08685735
46.089740 2.29947075
46.190373 2.46394713
46.291005 2.58551269
46.391638 2.67513033
46.492271 2.74159371
46.592903 2.79106816
46.693536 2.82773557
46.794169 2.85429892
46.894801 2.87251702
46.995434 2.88332737
47.096066 2.88789111
47.196699 2.88941971
47.297332 2.89052733
47.397964 2.89151611
47.498597 2.89245809
47.599230 2.89337724
47.699862 2.89428390
47.800495 2.89518327
47.901127 2.89607818
48.001760 2.89697028
48.102393 2.89786057
48.203025 2.89874966
48.303658 2.89963796
48.404290 2.90052572
48.504923 2.90141311
48.605556 2.90230024
48.706188 2.90318720
48.806821 2.90407403
48.907454 2.90496042
49.008086 2.90584298
49.108719 2.90672137
49.209351 2.90759560
49.309984 2.90846568
49.410617 2.90933163
49.511249 2.91019344
49.611882 2.91105111
49.712515 2.91190466
49.813147 2.91275408
49.913780 2.91359938
50.014412 2.91444055
50.115045 2.91527759
50.215678 2.91611051
50.316310 2.91693931
50.416943 2.91776398
50.517576 2.91858453
50.618208 2.91940096
50.718841 2.92021327
50.819473 2.92102145
50.920106 2.92182551
51.020739 2.92262545
51.121371 2.92342126
51.222004 2.92421296
51.322636 2.92500053
51.423269 2.92578398
51.523902 2.92656331
51.624534 2.92733851
51.725167 2.92810960
51.825800 2.92887656
51.926432 2.92963940
52.027065 2.93039812
52.127697 2.93115271
52.228330 2.93190319
52.328963 2.93264954
52.429595 2.93339178
52.530228 2.93412989
52.630861 2.93486388
52.731493 2.93559374
52.832126 2.93631949
52.932758 2.93704111
53.033391 2.93775862
53.134024 2.93847200
53.234656 2.93918126
53.335289 2.93988640
53.435921 2.94058742
53.536554 2.94128431
53.637187 2.94197709
53.737819 2.94266574
53.838452 2.94335028
53.939085 2.94403069
54.039717 2.94470698
54.140350 2.94537915
54.240982 2.94604720
54.341615 2.94671112
54.442248 2.94737093
54.542880 2.94802661
54.643513 2.94867818
54.744146 2.94932562
54.844778 2.94996894
54.945411 2.95060814
55.046043 2.95124322
55.146676 2.95187418
55.247309 2.95250102
55.347941 2.95312374
55.448574 2.95374233
55.549207 2.95435681
55.649839 2.95496716
55.750472 2.95557339
55.851104 2.95617551
55.951737 2.95677350
56.052370 2.95736737
56.153002 2.95795712
56.253635 2.95854275
56.354267 2.95912426
56.454900 2.95970165
56.555533 2.96027491
56.656165 2.96084406
56.756798 2.96140908
56.857431 2.96196999
56.958063 2.96252677
57.058696 2.96307944
57.159328 2.96362798
57.259961 2.96417240
57.360594 2.96471270
57.461226 2.96524888
57.561859 2.96578094
57.662492 2.96630888
57.763124 2.96683270
57.863757 2.96735240
57.964389 2.96786798
58.065022 2.96837944
58.165655 2.96888677
58.266287 2.96938999
58.366920 2.96988909
58.467553 2.97038406
58.568185 2.97087492
58.668818 2.97136165
58.769450 2.97184426
58.870083 2.97232276
58.970716 2.97279713
59.071348 2.97326738
59.171981 2.97373351
59.272613 2.97419553
59.373246 2.97465342
59.473879 2.97510719
59.574511 2.97555684
59.675144 2.97600237
59.775777 2.97644378
59.876409 2.97688106
59.977042 2.97731423
60.077674 2.97774328
60.178307 2.97816821
60.278940 2.97858901
60.379572 2.97900570
60.480205 2.97941827
60.580838 2.97982671
60.681470 2.98023104
60.782103 2.98063124
60.882735 2.98102733
60.983368 2.98141929
61.084001 2.98180714
61.184633 2.98219086
61.285266 2.98257046
61.385899 2.98294595
61.486531 2.98331731
61.587164 2.98368455
61.687796 2.98404767
61.788429 2.98440668
61.889062 2.98476156
61.989694 2.98511232
62.090327 2.98545896
62.190959 2.98580148
62.291592 2.98613988
62.392225 2.98647416
62.492857 2.98680432
62.593490 2.98713036
62.694123 2.98745228
62.794755 2.98777007
62.895388 2.98808375
62.996020 2.98839331
63.096653 2.98869875
63.197286 2.98900006
63.297918 2.98929726
63.398551 2.98959034
63.499184 2.98987929
63.599816 2.99016413
63.700449 2.99044485
63.801081 2.99072144
63.901714 2.99099392
64.002347 2.99126227
64.102979 2.99152650
64.203612 2.99178662
64.304245 2.99204261
64.404877 2.99229448
64.505510 2.99254224
64.606142 2.99278587
64.706775 2.99302538
64.807408 2.99326077
64.908040 2.99349205
65.008673 2.99371920
65.109305 2.99394223
65.209938 2.99416114
65.310571 2.99437593
65.411203 2.99458660
65.511836 2.99479315
65.612469 2.99499558
65.713101 2.99519389
65.813734 2.99538808
65.914366 2.99557815
66.014999 2.99576409
66.115632 2.99594592
66.216264 2.99612363
66.316897 2.99629722
66.417530 2.99646668
66.518162 2.99663203
66.618795 2.99679325
66.719427 2.99695036
66.820060 2.99710334
66.920693 2.99725221
67.021325 2.99739695
67.121958 2.99753758
67.222591 2.99767408
67.323223 2.99780646
67.423856 2.99793473
67.524488 2.99805887
67.625121 2.99817889
67.725754 2.99829479
67.826386 2.99840657
67.927019 2.99851424
68.027651 2.99861778
68.128284 2.99871720
68.228917 2.99881250
68.329549 2.99890367
68.430182 2.99899073
68.530815 2.99907367
68.631447 2.99915249
68.732080 2.99922719
68.832712 2.99929776
68.933345 2.99936422
69.033978 2.99942656
69.134610 2.99948477
69.235243 2.99953887
69.335876 2.99958884
69.436508 2.99963470
69.537141 2.99967643
69.637773 2.99971404
69.738406 2.99974753
69.839039 2.99977690
69.939671 2.99980251
70.040304 2.99982776
70.140937 2.99985301
70.241569 2.99987826
70.342202 2.99990351
70.442834 2.99992876
70.543467 2.99995401
70.644100 2.99997925
70.744732 3.00000452
