0.100633 1.63888172
0.201265 1.63888123
0.301898 1.63888172
0.402530 1.63888177
0.503163 1.63888175
0.603796 1.63888174
0.704428 1.63888173
0.805061 1.63888173
0.905694 1.63888172
1.006326 1.63888172
1.106959 1.63888172
1.207591 1.63888173
1.308224 1.63888174
1.408857 1.63888176
1.509489 1.63888178
1.610122 1.63888180
1.710755 1.63888183
1.811387 1.63888187
1.912020 1.63888192
2.012652 1.63888197
2.113285 1.63888203
2.213918 1.63888209
2.314550 1.63888217
2.415183 1.63888225
2.515816 1.63888234
2.616448 1.63888244
2.717081 1.63888255
2.817713 1.63888267
2.918346 1.63888280
3.018979 1.63888294
3.119611 1.63888308
3.220244 1.63888325
3.320876 1.63888342
3.421509 1.63888360
3.522142 1.63888380
3.622774 1.63888401
3.723407 1.63888423
3.824040 1.63888446
3.924672 1.63888471
4.025305 1.63888497
4.125937 1.63888525
4.226570 1.63888554
4.327203 1.63888584
4.427835 1.63888616
4.528468 1.63888650
4.629101 1.63888685
4.729733 1.63888721
4.830366 1.63888760
4.930998 1.63888800
5.031631 1.63888841
5.132264 1.63888885
5.232896 1.63888930
5.333529 1.63888977
5.434162 1.63889026
5.534794 1.63889076
5.635427 1.63889129
5.736059 1.63889183
5.836692 1.63889239
5.937325 1.63889297
6.037957 1.63889358
6.138590 1.63889420
6.239222 1.63889484
6.339855 1.63889551
6.440488 1.63889619
6.541120 1.63889690
6.641753 1.63889763
6.742386 1.63889837
6.843018 1.63889915
6.943651 1.63889994
7.044283 1.63890076
7.144916 1.63890159
7.245549 1.63890246
7.346181 1.63890334
7.446814 1.63890425
7.547447 1.63890518
7.648079 1.63890614
7.748712 1.63890712
7.849344 1.63890813
7.949977 1.63890915
8.050610 1.63891021
8.151242 1.63891129
8.251875 1.63891239
8.352508 1.63891352
8.453140 1.63891468
8.553773 1.63891586
8.654405 1.63891707
8.755038 1.63891830
8.855671 1.63891957
8.956303 1.63892085
9.056936 1.63892217
9.157568 1.63892351
9.258201 1.63892488
9.358834 1.63892627
9.459466 1.63892770
9.560099 1.63892914
9.660732 1.63893062
9.761364 1.63893213
9.861997 1.63893366
9.962629 1.63893522
10.063262 1.63893682
10.163895 1.63893843
10.264527 1.63894008
10.365160 1.63894175
10.465793 1.63894346
10.566425 1.63894519
10.667058 1.63894695
10.767690 1.63894874
10.868323 1.63895056
10.968956 1.63895241
11.069588 1.63895429
11.170221 1.63895619
11.270853 1.63895813
11.371486 1.63896009
11.472119 1.63896209
11.572751 1.63896411
11.673384 1.63896616
11.774017 1.63896824
11.874649 1.63897035
11.975282 1.63897249
12.075914 1.63897466
12.176547 1.63897686
12.277180 1.63897909
12.377812 1.63898134
12.478445 1.63898363
12.579078 1.63898594
12.679710 1.63898829
12.780343 1.63899066
12.880975 1.63899307
12.981608 1.63899549
13.082241 1.63899796
13.182873 1.63900044
13.283506 1.63900296
13.384139 1.63900550
13.484771 1.63900808
13.585404 1.63901068
13.686036 1.63901331
13.786669 1.63901596
13.887302 1.63901865
13.987934 1.63902136
14.088567 1.63902410
14.189199 1.63902686
14.289832 1.63902966
14.390465 1.63903248
14.491097 1.63903533
14.591730 1.63903819
14.692363 1.63904109
14.792995 1.63904401
14.893628 1.63904696
14.994260 1.63904993
15.094893 1.63905293
15.195526 1.63905595
15.296158 1.63905899
15.396791 1.63906205
15.497424 1.63906514
15.598056 1.63906824
15.698689 1.63907137
15.799321 1.63907451
15.899954 1.63907768
16.000587 1.63908085
16.101219 1.63908405
16.201852 1.63908725
16.302485 1.63909047
16.403117 1.63909369
16.503750 1.63909693
16.604382 1.63910016
16.705015 1.63910340
16.805648 1.63910663
16.906280 1.63910986
17.006913 1.63911307
17.107545 1.63911627
17.208178 1.63911944
17.308811 1.63912258
17.409443 1.63912568
17.510076 1.63912873
17.610709 1.63913171
17.711341 1.63913462
17.811974 1.63913743
17.912606 1.63914014
18.013239 1.63914271
18.113872 1.63914512
18.214504 1.63914734
18.315137 1.63914936
18.415770 1.63915109
18.516402 1.63915253
18.617035 1.63915360
18.717667 1.63915426
18.818300 1.63915440
18.918933 1.63915397
19.019565 1.63915284
19.120198 1.63915092
19.220831 1.63914804
19.321463 1.63914407
19.422096 1.63913879
19.522728 1.63913201
19.623361 1.63912343
19.723994 1.63911278
19.824626 1.63909966
19.925259 1.63908369
20.025891 1.63906433
20.126524 1.63904102
20.227157 1.63901305
20.327789 1.63897962
20.428422 1.63893973
20.529055 1.63889228
20.629687 1.63883588
20.730320 1.63876895
20.830952 1.63868957
20.931585 1.63859548
21.032218 1.63848396
21.132850 1.63835181
21.233483 1.63819513
21.334116 1.63800932
21.434748 1.63778876
21.535381 1.63752674
21.636013 1.63721509
21.736646 1.63684389
21.837279 1.63640104
21.937911 1.63587170
22.038544 1.63523757
22.139177 1.63447603
22.239809 1.63355885
22.340442 1.63245071
22.441074 1.63110701
22.541707 1.62947114
22.642340 1.62747070
22.742972 1.62501235
22.843605 1.62197498
22.944237 1.61820003
23.044870 1.61347871
23.145503 1.60753345
23.246135 1.59999345
23.346768 1.59035864
23.447401 1.57795226
23.548033 1.56184979
23.648666 1.54078573
23.749298 1.51301293
23.849931 1.47611692
23.950564 1.42673827
24.051196 1.36020175
24.151829 1.26997858
24.252462 1.14695400
24.353094 0.97845083
24.453727 0.74679051
24.554359 0.42775184
24.654992 -0.01154367
24.755625 -0.60675985
24.856257 -1.34219466
24.956890 -2.01251095
25.057523 -2.30770336
25.158155 -2.32905258
25.258788 -2.52128072
25.359420 -3.16784861
25.460053 -4.36951397
25.560686 -6.16595338
25.661318 -8.51192933
25.761951 -11.10527784
25.862583 -13.18581813
25.963216 -13.77969874
26.063849 -12.55291130
26.164481 -10.19059716
26.265114 -7.68723032
26.365747 -5.64884563
26.466379 -4.28354350
26.567012 -3.63076810
26.667644 -3.69326257
26.768277 -4.47683821
26.868910 -5.96353293
26.969542 -7.99143362
27.070175 -10.02304157
27.170808 -11.11634628
27.271440 -10.57716235
27.372073 -8.68972712
27.472705 -6.39298646
27.573338 -4.43582742
27.673971 -3.11895775
27.774603 -2.49849236
27.875236 -2.57045317
27.975869 -3.33664318
28.076501 -4.79637915
28.177134 -6.87065275
28.277766 -9.19949405
28.378399 -10.96374682
28.479032 -11.26687546
28.579664 -9.99321899
28.680297 -7.93901596
28.780929 -6.00698951
28.881562 -4.66386427
28.982195 -4.03269737
29.082827 -4.12094256
29.183460 -4.92360083
29.284093 -6.43278714
29.384725 -8.59367107
29.485358 -11.15091414
29.585990 -13.41710466
29.686623 -14.38563320
29.787256 -13.51359241
29.887888 -11.29988624
29.988521 -8.75043176
30.089154 -6.57468412
30.189786 -5.04290365
30.290419 -4.21474135
30.391051 -4.09862966
30.491684 -4.69946672
30.592317 -6.01189452
30.692949 -7.92260859
30.793582 -9.98633674
30.894215 -11.31520448
30.994847 -11.08772211
31.095480 -9.37065062
31.196112 -7.04360080
31.296745 -4.94432885
31.397378 -3.45246997
31.498010 -2.65480730
31.598643 -2.55304270
31.699275 -3.14473986
31.799908 -4.43419297
31.900541 -6.37069351
32.001173 -8.67040796
32.101806 -10.60534932
32.202439 -11.22801143
32.303071 -10.20692683
32.403704 -8.20157710
32.504336 -6.16169700
32.604969 -4.64625206
32.705602 -3.82788819
32.806234 -3.72568254
32.906867 -4.33207356
33.007500 -5.64370063
33.108132 -7.62554116
33.208765 -10.08570262
33.309397 -12.44667700
33.410030 -13.72827573
33.510663 -13.21680636
33.611295 -11.20734063
33.711928 -8.67605496
33.812560 -6.41877271
33.913193 -4.77627497
34.013826 -3.83007791
34.114458 -3.58854223
34.215091 -4.05718971
34.315724 -5.23543131
34.416356 -7.04577269
34.516989 -9.13484436
34.617621 -10.68914997
34.718254 -10.79819828
34.818887 -9.31365017
34.919519 -7.01133595
35.020152 -4.79672607
35.120785 -3.14439777
35.221417 -2.17995290
35.322050 -1.91097197
35.422682 -2.33534026
35.523315 -3.45546610
35.623948 -5.23999676
35.724580 -7.47335631
35.825213 -9.51693044
35.925846 -10.40349389
36.026478 -9.59995583
36.127111 -7.57733529
36.227743 -5.28382921
36.328376 -3.35823960
36.429009 -2.00265326
36.529641 -1.21614251
36.630274 -0.94336461
36.730906 -1.06047133
36.831539 -1.24145047
36.932172 -1.06273861
37.032804 -0.52178587
37.133437 0.05299265
37.234070 0.49373103
37.334702 0.79968945
37.435335 1.00428963
37.535967 1.13565938
37.636600 1.21377077
37.737233 1.25212463
37.837865 1.25898934
37.938498 1.23874684
38.039131 1.19626181
38.139763 1.13782549
38.240396 1.07691490
38.341028 1.02761030
38.441661 0.99937182
38.542294 0.99796994
38.642926 1.02337366
38.743559 1.06998629
38.844192 1.12937705
38.944824 1.19357700
39.045457 1.25703672
39.146089 1.31680293
39.246722 1.37173503
39.347355 1.42161635
39.447987 1.46649593
39.548620 1.50649888
39.649252 1.54168545
39.749885 1.57210447
39.850518 1.59776076
39.951150 1.61864730
40.051783 1.63476604
40.152416 1.64620454
40.253048 1.65340257
40.353681 1.65766540
40.454313 1.66085579
40.554946 1.66392477
40.655579 1.66683488
40.756211 1.66884896
40.856844 1.66856035
40.957477 1.66375029
41.058109 1.65106483
41.158742 1.62543633
41.259374 1.57951431
41.360007 1.50245033
41.460640 1.38004151
41.561272 1.20086500
41.661905 0.97377098
41.762538 0.75469535
41.863170 0.63873056
41.963803 0.68298187
42.064435 0.84512951
42.165068 1.02846591
42.265701 1.16258781
42.366333 1.22376137
42.466966 1.21273413
42.567598 1.13564750
42.668231 0.99725487
42.768864 0.80407551
42.869496 0.57764619
42.970129 0.37239485
43.070762 0.26324048
43.171394 0.27762267
43.272027 0.35193101
43.372659 0.38126193
43.473292 0.28615236
43.573925 0.03940412
43.674557 -0.30765165
43.775190 -0.59871743
43.875823 -0.64405001
43.976455 -0.39137579
44.077088 0.02306477
44.177720 0.42000072
44.278353 0.70539752
44.378986 0.86531215
44.479618 0.91427400
44.580251 0.86711695
44.680884 0.73082810
44.781516 0.50488608
44.882149 0.18651433
44.982781 -0.21211069
45.083414 -0.62615289
45.184047 -0.92135160
45.284679 -0.97951018
45.385312 -0.81491985
45.485944 -0.52894821
45.586577 -0.20671735
45.687210 0.07685789
45.787842 0.30016727
45.888475 0.51886503
45.989108 0.75375618
46.089740 0.96357279
46.190373 1.12519532
46.291005 1.24386950
46.391638 1.33058273
46.492271 1.39415579
46.592903 1.44078352
46.693536 1.47468059
46.794169 1.49858757
46.894801 1.51430102
46.995434 1.52279130
47.096066 1.52522630
47.196699 1.52473743
47.297332 1.52385836
47.397964 1.52287638
47.498597 1.52185745
47.599230 1.52082213
47.699862 1.51977866
47.800495 1.51873084
47.901127 1.51768056
48.001760 1.51662888
48.102393 1.51557634
48.203025 1.51452330
48.303658 1.51346994
48.404290 1.51241640
48.504923 1.51136273
48.605556 1.51030898
48.706188 1.50925519
48.806821 1.50820137
48.907454 1.50714799
49.008086 1.50609952
49.108719 1.50505641
49.209351 1.50401868
49.309984 1.50298632
49.410617 1.50195934
49.511249 1.50093773
49.611882 1.49992149
49.712515 1.49891063
49.813147 1.49790514
49.913780 1.49690503
50.014412 1.49591029
50.115045 1.49492092
50.215678 1.49393693
50.316310 1.49295831
50.416943 1.49198506
50.517576 1.49101719
50.618208 1.49005469
50.718841 1.48909756
50.819473 1.48814581
50.920106 1.48719943
51.020739 1.48625842
51.121371 1.48532278
51.222004 1.48439252
51.322636 1.48346763
51.423269 1.48254812
51.523902 1.48163398
51.624534 1.48072521
51.725167 1.47982181
51.825800 1.47892379
51.926432 1.47803114
52.027065 1.47714386
52.127697 1.47626196
52.228330 1.47538543
52.328963 1.47451427
52.429595 1.47364849
52.530228 1.47278808
52.630861 1.47193304
52.731493 1.47108338
52.832126 1.47023909
52.932758 1.46940017
53.033391 1.46856663
53.134024 1.46773846
53.234656 1.46691567
53.335289 1.46609825
53.435921 1.46528620
53.536554 1.46447952
53.637187 1.46367822
53.737819 1.46288229
53.838452 1.46209174
53.939085 1.46130656
54.039717 1.46052675
54.140350 1.45975232
54.240982 1.45898326
54.341615 1.45821958
54.442248 1.45746127
54.542880 1.45670833
54.643513 1.45596077
54.744146 1.45521858
54.844778 1.45448177
54.945411 1.45375032
55.046043 1.45302426
55.146676 1.45230357
55.247309 1.45158825
55.347941 1.45087830
55.448574 1.45017373
55.549207 1.44947454
55.649839 1.44878072
55.750472 1.44809227
55.851104 1.44740919
55.951737 1.44673150
56.052370 1.44605917
56.153002 1.44539222
56.253635 1.44473065
56.354267 1.44407445
56.454900 1.44342362
56.555533 1.44277817
56.656165 1.44213809
56.756798 1.44150339
56.857431 1.44087406
56.958063 1.44025010
57.058696 1.43963152
57.159328 1.43901832
57.259961 1.43841049
57.360594 1.43780803
57.461226 1.43721095
57.561859 1.43661925
57.662492 1.43603292
57.763124 1.43545196
57.863757 1.43487638
57.964389 1.43430617
58.065022 1.43374134
58.165655 1.43318188
58.266287 1.43262780
58.366920 1.43207909
58.467553 1.43153576
58.568185 1.43099780
58.668818 1.43046522
58.769450 1.42993802
58.870083 1.42941618
58.970716 1.42889973
59.071348 1.42838864
59.171981 1.42788294
59.272613 1.42738261
59.373246 1.42688765
59.473879 1.42639807
59.574511 1.42591386
59.675144 1.42543503
59.775777 1.42496158
59.876409 1.42449350
59.977042 1.42403079
60.077674 1.42357346
60.178307 1.42312151
60.278940 1.42267493
60.379572 1.42223373
60.480205 1.42179790
60.580838 1.42136745
60.681470 1.42094237
60.782103 1.42052267
60.882735 1.42010834
60.983368 1.41969939
61.084001 1.41929581
61.184633 1.41889761
61.285266 1.41850479
61.385899 1.41811734
61.486531 1.41773527
61.587164 1.41735857
61.687796 1.41698725
61.788429 1.41662130
61.889062 1.41626073
61.989694 1.41590554
62.090327 1.41555572
62.190959 1.41521128
62.291592 1.41487221
62.392225 1.41453852
62.492857 1.41421020
62.593490 1.41388726
62.694123 1.41356970
62.794755 1.41325751
62.895388 1.41295069
62.996020 1.41264926
63.096653 1.41235319
63.197286 1.41206251
63.297918 1.41177720
63.398551 1.41149727
63.499184 1.41122271
63.599816 1.41095353
63.700449 1.41068972
63.801081 1.41043129
63.901714 1.41017824
64.002347 1.40993056
64.102979 1.40968826
64.203612 1.40945133
64.304245 1.40921978
64.404877 1.40899361
64.505510 1.40877281
64.606142 1.40855739
64.706775 1.40834734
64.807408 1.40814267
64.908040 1.40794338
65.008673 1.40774946
65.109305 1.40756092
65.209938 1.40737775
65.310571 1.40719996
65.411203 1.40702755
65.511836 1.40686051
65.612469 1.40669885
65.713101 1.40654257
65.813734 1.40639166
65.914366 1.40624613
66.014999 1.40610597
66.115632 1.40597119
66.216264 1.40584179
66.316897 1.40571776
66.417530 1.40559911
66.518162 1.40548583
66.618795 1.40537793
66.719427 1.40527541
66.820060 1.40517826
66.920693 1.40508649
67.021325 1.40500010
67.121958 1.40491908
67.222591 1.40484344
67.323223 1.40477318
67.423856 1.40470829
67.524488 1.40464878
67.625121 1.40459464
67.725754 1.40454588
67.826386 1.40450250
67.927019 1.40446449
68.027651 1.40443186
68.128284 1.40440461
68.228917 1.40438273
68.329549 1.40436623
68.430182 1.40435511
68.530815 1.40434936
68.631447 1.40434899
68.732080 1.40435399
68.832712 1.40436437
68.933345 1.40438013
69.033978 1.40440126
69.134610 1.40442777
69.235243 1.40445966
69.335876 1.40449693
69.436508 1.40453957
69.537141 1.40458758
69.637773 1.40464098
69.738406 1.40469975
69.839039 1.40476390
69.939671 1.40483296
70.040304 1.40490248
70.140937 1.40497201
70.241569 1.40504153
70.342202 1.40511105
70.442834 1.40518058
70.543467 1.40525011
70.644100 1.40531969
70.744732 1.40538916
