0.100633 1.62514382
0.201265 1.62514722
0.301898 1.62514357
0.402530 1.62514321
0.503163 1.62514325
0.603796 1.62514330
0.704428 1.62514335
0.805061 1.62514340
0.905694 1.62514345
1.006326 1.62514351
1.106959 1.62514357
1.207591 1.62514363
1.308224 1.62514369
1.408857 1.62514375
1.509489 1.62514382
1.610122 1.62514389
1.710755 1.62514396
1.811387 1.62514404
1.912020 1.62514412
2.012652 1.62514420
2.113285 1.62514429
2.213918 1.62514438
2.314550 1.62514448
2.415183 1.62514458
2.515816 1.62514468
2.616448 1.62514479
2.717081 1.62514491
2.817713 1.62514503
2.918346 1.62514515
3.018979 1.62514528
3.119611 1.62514542
3.220244 1.62514556
3.320876 1.62514571
3.421509 1.62514586
3.522142 1.62514602
3.622774 1.62514619
3.723407 1.62514636
3.824040 1.62514655
3.924672 1.62514673
4.025305 1.62514693
4.125937 1.62514713
4.226570 1.62514734
4.327203 1.62514756
4.427835 1.62514779
4.528468 1.62514802
4.629101 1.62514826
4.729733 1.62514851
4.830366 1.62514877
4.930998 1.62514904
5.031631 1.62514932
5.132264 1.62514960
5.232896 1.62514990
5.333529 1.62515020
5.434162 1.62515052
5.534794 1.62515084
5.635427 1.62515117
5.736059 1.62515151
5.836692 1.62515187
5.937325 1.62515223
6.037957 1.62515260
6.138590 1.62515299
6.239222 1.62515338
6.339855 1.62515379
6.440488 1.62515420
6.541120 1.62515463
6.641753 1.62515507
6.742386 1.62515552
6.843018 1.62515598
6.943651 1.62515645
7.044283 1.62515694
7.144916 1.62515743
7.245549 1.62515794
7.346181 1.62515846
7.446814 1.62515899
7.547447 1.62515954
7.648079 1.62516010
7.748712 1.62516067
7.849344 1.62516125
7.949977 1.62516185
8.050610 1.62516246
8.151242 1.62516308
8.251875 1.62516372
8.352508 1.62516436
8.453140 1.62516503
8.553773 1.62516571
8.654405 1.62516640
8.755038 1.62516710
8.855671 1.62516783
8.956303 1.62516856
9.056936 1.62516931
9.157568 1.62517007
9.258201 1.62517085
9.358834 1.62517165
9.459466 1.62517246
9.560099 1.62517328
9.660732 1.62517413
9.761364 1.62517498
9.861997 1.62517586
9.962629 1.62517674
10.063262 1.62517765
10.163895 1.62517857
10.264527 1.62517951
10.365160 1.62518047
10.465793 1.62518144
10.566425 1.62518243
10.667058 1.62518344
10.767690 1.62518447
10.868323 1.62518552
10.968956 1.62518658
11.069588 1.62518766
11.170221 1.62518876
11.270853 1.62518989
11.371486 1.62519103
11.472119 1.62519219
11.572751 1.62519337
11.673384 1.62519457
11.774017 1.62519579
11.874649 1.62519703
11.975282 1.62519829
12.075914 1.62519958
12.176547 1.62520088
12.277180 1.62520221
12.377812 1.62520356
12.478445 1.62520493
12.579078 1.62520633
12.679710 1.62520775
12.780343 1.62520919
12.880975 1.62521066
12.981608 1.62521215
13.082241 1.62521367
13.182873 1.62521521
13.283506 1.62521678
13.384139 1.62521837
13.484771 1.62521999
13.585404 1.62522164
13.686036 1.62522331
13.786669 1.62522501
13.887302 1.62522674
13.987934 1.62522850
14.088567 1.62523028
14.189199 1.62523210
14.289832 1.62523394
14.390465 1.62523582
14.491097 1.62523772
14.591730 1.62523966
14.692363 1.62524162
14.792995 1.62524362
14.893628 1.62524564
14.994260 1.62524771
15.094893 1.62524979
15.195526 1.62525193
15.296158 1.62525407
15.396791 1.62525627
15.497424 1.62525849
15.598056 1.62526075
15.698689 1.62526302
15.799321 1.62526535
15.899954 1.62526769
16.000587 1.62527008
16.101219 1.62527248
16.201852 1.62527493
16.302485 1.62527739
16.403117 1.62527990
16.503750 1.62528241
16.604382 1.62528496
16.705015 1.62528752
16.805648 1.62529011
16.906280 1.62529269
17.006913 1.62529531
17.107545 1.62529790
17.208178 1.62530052
17.308811 1.62530311
17.409443 1.62530570
17.510076 1.62530824
17.610709 1.62531076
17.711341 1.62531321
17.811974 1.62531561
17.912606 1.62531790
18.013239 1.62532010
18.113872 1.62532214
18.214504 1.62532405
18.315137 1.62532572
18.415770 1.62532717
18.516402 1.62532830
18.617035 1.62532912
18.717667 1.62532949
18.818300 1.62532939
18.918933 1.62532868
19.019565 1.62532731
19.120198 1.62532510
19.220831 1.62532195
19.321463 1.62531765
19.422096 1.62531204
19.522728 1.62530484
19.623361 1.62529584
19.723994 1.62528464
19.824626 1.62527094
19.925259 1.62525423
20.025891 1.62523405
20.126524 1.62520972
20.227157 1.62518061
20.327789 1.62514577
20.428422 1.62510429
20.529055 1.62505491
20.629687 1.62499631
20.730320 1.62492677
20.830952 1.62484440
20.931585 1.62474678
21.032218 1.62463126
21.132850 1.62449443
21.233483 1.62433244
21.334116 1.62414048
21.434748 1.62391298
21.535381 1.62364301
21.636013 1.62332239
21.736646 1.62294102
21.837279 1.62248677
21.937911 1.62194460
22.038544 1.62129619
22.139177 1.62051872
22.239809 1.61958396
22.340442 1.61845638
22.441074 1.61709145
22.541707 1.61543237
22.642340 1.61340686
22.742972 1.61092150
22.843605 1.60785540
22.944237 1.60405006
23.044870 1.59929708
23.145503 1.59331914
23.246135 1.58574614
23.346768 1.57607859
23.447401 1.56364076
23.548033 1.54750923
23.648666 1.52642005
23.749298 1.49862781
23.849931 1.46172030
23.950564 1.41234069
24.051196 1.34581685
24.151829 1.25562366
24.252462 1.13265041
24.353094 0.96422466
24.453727 0.73267269
24.554359 0.41377888
24.654992 -0.02533008
24.755625 -0.62031229
24.856257 -1.35546118
24.956890 -2.02543534
25.057523 -2.32086770
25.158155 -2.34222057
25.258788 -2.53434490
25.359420 -3.18076058
25.460053 -4.38224963
25.560686 -6.17849751
25.661318 -8.52427850
25.761951 -11.11744641
25.862583 -13.19784701
25.963216 -13.79165660
26.063849 -12.56488779
26.164481 -10.20268347
26.265114 -7.69951095
26.365747 -5.66139304
26.466379 -4.29641843
26.567012 -3.64401705
26.667644 -3.70692073
26.768277 -4.49093315
26.868910 -5.97808718
26.969542 -8.00645505
27.070175 -10.03849777
27.170808 -11.13212965
27.271440 -10.59307466
27.372073 -8.70550280
27.472705 -6.40832964
27.573338 -4.45046190
27.673971 -3.13269808
27.774603 -2.51127592
27.875236 -2.58227995
27.975869 -3.34755296
28.076501 -4.80649039
28.177134 -6.88016377
28.277766 -9.20863953
28.378399 -10.97278289
28.479032 -11.27606988
28.579664 -10.00280633
28.680297 -7.94916227
28.780929 -6.01780399
28.881562 -4.67543477
28.982195 -4.04511251
29.082827 -4.13429633
29.183460 -4.93798871
29.284093 -6.44830430
29.384725 -8.61040990
29.485358 -11.16895564
29.585990 -13.43650685
29.686623 -14.40641774
29.787256 -13.53573840
29.887888 -11.32332494
29.988521 -8.77504639
30.089154 -6.60031513
30.189786 -5.06936639
30.290419 -4.24184685
30.391051 -4.12620843
30.491684 -4.72740033
30.592317 -6.04015003
30.692949 -7.95126404
30.793582 -10.01559553
30.894215 -11.34538832
30.994847 -11.11923283
31.095480 -9.40387474
31.196112 -7.07881575
31.296745 -4.98170477
31.397378 -3.49214465
31.498010 -2.69694262
31.598643 -2.59778433
31.699275 -3.19217094
31.799908 -4.48437335
31.900541 -6.42371321
32.001173 -8.72633517
32.101806 -10.66416325
32.202439 -11.28956680
32.303071 -10.27100357
32.403704 -8.26798255
32.504336 -6.23029000
32.604969 -4.71688921
32.705602 -3.90036543
32.806234 -3.79967494
32.906867 -4.40709135
33.007500 -5.71906922
33.108132 -7.70038442
33.208765 -10.15893538
33.309397 -12.51703733
33.410030 -13.79435650
33.510663 -13.27722277
33.611295 -11.26111698
33.711928 -8.72281542
33.812560 -6.45858362
33.913193 -4.80939517
34.013826 -3.85671749
34.114458 -3.60870762
34.215091 -4.07061432
34.315724 -5.24152538
34.416356 -7.04361188
34.516989 -9.12322127
34.617621 -10.66657851
34.718254 -10.76297385
34.818887 -9.26428868
34.919519 -6.94702004
35.020152 -4.71729398
35.120785 -3.04993000
35.221417 -2.07024768
35.322050 -1.78524067
35.422682 -2.19247139
35.523315 -3.29444820
35.623948 -5.05911097
35.724580 -7.26958363
35.825213 -9.28558969
35.925846 -10.13821094
36.026478 -9.29376680
36.127111 -7.22467406
36.227743 -4.88182897
36.328376 -2.90636890
36.429009 -1.50148552
36.529641 -0.66621350
36.630274 -0.34381805
36.730906 -0.40808887
36.831539 -0.53271724
36.932172 -0.29338214
37.032804 0.31331559
37.133437 0.95924562
37.234070 1.47621636
37.334702 1.86280412
37.435335 2.15132148
37.535967 2.36874191
37.636600 2.53345204
37.737233 2.65713882
37.837865 2.74670787
37.938498 2.80552162
38.039131 2.83784491
38.139763 2.84819120
38.240396 2.84908164
38.341028 2.84770686
38.441661 2.84229925
38.542294 2.83238950
38.642926 2.81798471
38.743559 2.79909824
38.844192 2.77573005
38.944824 2.74787594
39.045457 2.71552686
39.146089 2.67867767
39.246722 2.63729711
39.347355 2.59131091
39.447987 2.54064344
39.548620 2.48531951
39.649252 2.42581228
39.749885 2.36381303
39.850518 2.30314945
39.951150 2.25037947
40.051783 2.21407033
40.152416 2.20224302
40.253048 2.21898769
40.353681 2.26241466
40.454313 2.32544938
40.554946 2.39882400
40.655579 2.47410725
40.756211 2.54512132
40.856844 2.60763770
40.957477 2.65828710
41.058109 2.69340855
41.158742 2.70800984
41.259374 2.69508779
41.360007 2.64446157
41.460640 2.54286697
41.561272 2.37995026
41.661905 2.16570048
41.762538 1.95694077
41.863170 1.84919395
41.963803 1.89982810
42.064435 2.06687750
42.165068 2.25406266
42.265701 2.39141216
42.366333 2.45558295
42.466966 2.44767961
42.567598 2.37418005
42.668231 2.24011365
42.768864 2.05214167
42.869496 1.83176006
42.970129 1.63315444
43.070762 1.53083016
43.171394 1.55178652
43.272027 1.63207827
43.372659 1.66662798
43.473292 1.57600977
43.573925 1.33325667
43.674557 0.99006986
43.775190 0.70314136
43.875823 0.66248516
43.976455 0.92039704
44.077088 1.34039292
44.177720 1.74292937
44.278353 2.03386450
44.378986 2.19926213
44.479618 2.25370215
44.580251 2.21207964
44.680884 2.08142593
44.781516 1.86123774
44.882149 1.54872444
44.982781 1.15599193
45.083414 0.74772913
45.184047 0.45801542
45.284679 0.40491848
45.385312 0.57416519
45.485944 0.86455150
45.586577 1.19115388
45.687210 1.47923393
45.787842 1.70733016
45.888475 1.93119820
45.989108 2.17168250
46.089740 2.38749270
46.190373 2.55543944
46.291005 2.68067302
46.391638 2.77406703
46.492271 2.84432093
46.592903 2.89750424
46.693536 2.93769819
46.794169 2.96749604
46.894801 2.98854917
46.995434 3.00170513
47.096066 3.00811729
47.196699 3.01122828
47.297332 3.01386603
47.397964 3.01636467
47.498597 3.01880600
47.599230 3.02121826
47.699862 3.02361412
47.800495 3.02600012
47.901127 3.02837996
48.001760 3.03075585
48.102393 3.03312914
48.203025 3.03550070
48.303658 3.03787108
48.404290 3.04024065
48.504923 3.04260967
48.605556 3.04497830
48.706188 3.04734666
48.806821 3.04971482
48.907454 3.05208188
49.008086 3.05443859
49.108719 3.05678403
49.209351 3.05911821
49.309984 3.06144115
49.410617 3.06375285
49.511249 3.06605333
49.611882 3.06834259
49.712515 3.07062064
49.813147 3.07288747
49.913780 3.07514310
50.014412 3.07738752
50.115045 3.07962074
50.215678 3.08184275
50.316310 3.08405356
50.416943 3.08625316
50.517576 3.08844156
50.618208 3.09061876
50.718841 3.09278476
50.819473 3.09493955
50.920106 3.09708315
51.020739 3.09921554
51.121371 3.10133673
51.222004 3.10344672
51.322636 3.10554550
51.423269 3.10763309
51.523902 3.10970947
51.624534 3.11177465
51.725167 3.11382863
51.825800 3.11587141
51.926432 3.11790299
52.027065 3.11992336
52.127697 3.12193253
52.228330 3.12393051
52.328963 3.12591727
52.429595 3.12789284
52.530228 3.12985721
52.630861 3.13181037
52.731493 3.13375233
52.832126 3.13568310
52.932758 3.13760265
53.033391 3.13951101
53.134024 3.14140816
53.234656 3.14329412
53.335289 3.14516887
53.435921 3.14703241
53.536554 3.14888476
53.637187 3.15072590
53.737819 3.15255584
53.838452 3.15437458
53.939085 3.15618212
54.039717 3.15797845
54.140350 3.15976358
54.240982 3.16153751
54.341615 3.16330024
54.442248 3.16505176
54.542880 3.16679208
54.643513 3.16852120
54.744146 3.17023912
54.844778 3.17194583
54.945411 3.17364134
55.046043 3.17532565
55.146676 3.17699875
55.247309 3.17866066
55.347941 3.18031135
55.448574 3.18195085
55.549207 3.18357914
55.649839 3.18519624
55.750472 3.18680212
55.851104 3.18839681
55.951737 3.18998029
56.052370 3.19155257
56.153002 3.19311365
56.253635 3.19466352
56.354267 3.19620219
56.454900 3.19772966
56.555533 3.19924592
56.656165 3.20075098
56.756798 3.20224484
56.857431 3.20372749
56.958063 3.20519894
57.058696 3.20665919
57.159328 3.20810823
57.259961 3.20954607
57.360594 3.21097271
57.461226 3.21238815
57.561859 3.21379238
57.662492 3.21518541
57.763124 3.21656723
57.863757 3.21793785
57.964389 3.21929727
58.065022 3.22064548
58.165655 3.22198249
58.266287 3.22330830
58.366920 3.22462291
58.467553 3.22592631
58.568185 3.22721850
58.668818 3.22849950
58.769450 3.22976929
58.870083 3.23102787
58.970716 3.23227525
59.071348 3.23351143
59.171981 3.23473641
59.272613 3.23595018
59.373246 3.23715275
59.473879 3.23834411
59.574511 3.23952427
59.675144 3.24069323
59.775777 3.24185099
59.876409 3.24299754
59.977042 3.24413288
60.077674 3.24525702
60.178307 3.24636996
60.278940 3.24747170
60.379572 3.24856223
60.480205 3.24964156
60.580838 3.25070968
60.681470 3.25176660
60.782103 3.25281232
60.882735 3.25384683
60.983368 3.25487014
61.084001 3.25588224
61.184633 3.25688315
61.285266 3.25787284
61.385899 3.25885134
61.486531 3.25981863
61.587164 3.26077471
61.687796 3.26171959
61.788429 3.26265327
61.889062 3.26357575
61.989694 3.26448702
62.090327 3.26538708
62.190959 3.26627595
62.291592 3.26715361
62.392225 3.26802006
62.492857 3.26887531
62.593490 3.26971936
62.694123 3.27055220
62.794755 3.27137384
62.895388 3.27218428
62.996020 3.27298351
63.096653 3.27377154
63.197286 3.27454836
63.297918 3.27531398
63.398551 3.27606839
63.499184 3.27681161
63.599816 3.27754361
63.700449 3.27826442
63.801081 3.27897402
63.901714 3.27967241
64.002347 3.28035961
64.102979 3.28103559
64.203612 3.28170038
64.304245 3.28235396
64.404877 3.28299634
64.505510 3.28362751
64.606142 3.28424748
64.706775 3.28485624
64.807408 3.28545380
64.908040 3.28604016
65.008673 3.28661531
65.109305 3.28717926
65.209938 3.28773200
65.310571 3.28827355
65.411203 3.28880388
65.511836 3.28932301
65.612469 3.28983094
65.713101 3.29032767
65.813734 3.29081319
65.914366 3.29128751
66.014999 3.29175062
66.115632 3.29220253
66.216264 3.29264323
66.316897 3.29307273
66.417530 3.29349103
66.518162 3.29389813
66.618795 3.29429401
66.719427 3.29467870
66.820060 3.29505218
66.920693 3.29541446
67.021325 3.29576553
67.121958 3.29610540
67.222591 3.29643407
67.323223 3.29675153
67.423856 3.29705779
67.524488 3.29735284
67.625121 3.29763669
67.725754 3.29790934
67.826386 3.29817078
67.927019 3.29842102
68.027651 3.29866005
68.128284 3.29888788
68.228917 3.29910451
68.329549 3.29930993
68.430182 3.29950415
68.530815 3.29968716
68.631447 3.29985897
68.732080 3.30001958
68.832712 3.30016898
68.933345 3.30030718
69.033978 3.30043418
69.134610 3.30054997
69.235243 3.30065455
69.335876 3.30074794
69.436508 3.30083012
69.537141 3.30090109
69.637773 3.30096086
69.738406 3.30100942
69.839039 3.30104678
69.939671 3.30107390
70.040304 3.30110006
70.140937 3.30112621
70.241569 3.30115237
70.342202 3.30117853
70.442834 3.30120469
70.543467 3.30123085
70.644100 3.30125698
70.744732 3.30128316
