0.100633 1.62868135
0.201265 1.62868415
0.301898 1.62868116
0.402530 1.62868086
0.503163 1.62868089
0.603796 1.62868093
0.704428 1.62868098
0.805061 1.62868102
0.905694 1.62868106
1.006326 1.62868111
1.106959 1.62868116
1.207591 1.62868121
1.308224 1.62868126
1.408857 1.62868132
1.509489 1.62868138
1.610122 1.62868144
1.710755 1.62868151
1.811387 1.62868158
1.912020 1.62868165
2.012652 1.62868173
2.113285 1.62868181
2.213918 1.62868190
2.314550 1.62868199
2.415183 1.62868208
2.515816 1.62868218
2.616448 1.62868229
2.717081 1.62868240
2.817713 1.62868252
2.918346 1.62868264
3.018979 1.62868277
3.119611 1.62868290
3.220244 1.62868304
3.320876 1.62868319
3.421509 1.62868334
3.522142 1.62868350
3.622774 1.62868367
3.723407 1.62868384
3.824040 1.62868403
3.924672 1.62868422
4.025305 1.62868442
4.125937 1.62868462
4.226570 1.62868484
4.327203 1.62868506
4.427835 1.62868529
4.528468 1.62868553
4.629101 1.62868578
4.729733 1.62868604
4.830366 1.62868630
4.930998 1.62868658
5.031631 1.62868687
5.132264 1.62868716
5.232896 1.62868747
5.333529 1.62868778
5.434162 1.62868811
5.534794 1.62868844
5.635427 1.62868879
5.736059 1.62868915
5.836692 1.62868952
5.937325 1.62868989
6.037957 1.62869028
6.138590 1.62869068
6.239222 1.62869110
6.339855 1.62869152
6.440488 1.62869196
6.541120 1.62869240
6.641753 1.62869286
6.742386 1.62869333
6.843018 1.62869381
6.943651 1.62869430
7.044283 1.62869481
7.144916 1.62869533
7.245549 1.62869586
7.346181 1.62869640
7.446814 1.62869696
7.547447 1.62869753
7.648079 1.62869811
7.748712 1.62869871
7.849344 1.62869932
7.949977 1.62869993
8.050610 1.62870057
8.151242 1.62870122
8.251875 1.62870188
8.352508 1.62870255
8.453140 1.62870324
8.553773 1.62870394
8.654405 1.62870465
8.755038 1.62870538
8.855671 1.62870612
8.956303 1.62870687
9.056936 1.62870764
9.157568 1.62870842
9.258201 1.62870922
9.358834 1.62871003
9.459466 1.62871085
9.560099 1.62871168
9.660732 1.62871254
9.761364 1.62871340
9.861997 1.62871428
9.962629 1.62871517
10.063262 1.62871607
10.163895 1.62871699
10.264527 1.62871793
10.365160 1.62871887
10.465793 1.62871983
10.566425 1.62872080
10.667058 1.62872179
10.767690 1.62872279
10.868323 1.62872381
10.968956 1.62872483
11.069588 1.62872588
11.170221 1.62872693
11.270853 1.62872800
11.371486 1.62872908
11.472119 1.62873017
11.572751 1.62873128
11.673384 1.62873240
11.774017 1.62873353
11.874649 1.62873468
11.975282 1.62873584
12.075914 1.62873701
12.176547 1.62873819
12.277180 1.62873939
12.377812 1.62874060
12.478445 1.62874182
12.579078 1.62874305
12.679710 1.62874430
12.780343 1.62874555
12.880975 1.62874682
12.981608 1.62874810
13.082241 1.62874939
13.182873 1.62875069
13.283506 1.62875201
13.384139 1.62875333
13.484771 1.62875467
13.585404 1.62875601
13.686036 1.62875737
13.786669 1.62875873
13.887302 1.62876010
13.987934 1.62876149
14.088567 1.62876288
14.189199 1.62876428
14.289832 1.62876570
14.390465 1.62876711
14.491097 1.62876855
14.591730 1.62876998
14.692363 1.62877143
14.792995 1.62877287
14.893628 1.62877434
14.994260 1.62877580
15.094893 1.62877727
15.195526 1.62877874
15.296158 1.62878022
15.396791 1.62878170
15.497424 1.62878319
15.598056 1.62878468
15.698689 1.62878618
15.799321 1.62878766
15.899954 1.62878916
16.000587 1.62879064
16.101219 1.62879213
16.201852 1.62879361
16.302485 1.62879509
16.403117 1.62879655
16.503750 1.62879800
16.604382 1.62879944
16.705015 1.62880086
16.805648 1.62880225
16.906280 1.62880363
17.006913 1.62880496
17.107545 1.62880627
17.208178 1.62880752
17.308811 1.62880873
17.409443 1.62880988
17.510076 1.62881095
17.610709 1.62881194
17.711341 1.62881283
17.811974 1.62881360
17.912606 1.62881424
18.013239 1.62881472
18.113872 1.62881502
18.214504 1.62881510
18.315137 1.62881494
18.415770 1.62881448
18.516402 1.62881368
18.617035 1.62881248
18.717667 1.62881082
18.818300 1.62880862
18.918933 1.62880579
19.019565 1.62880222
19.120198 1.62879779
19.220831 1.62879235
19.321463 1.62878575
19.422096 1.62877777
19.522728 1.62876819
19.623361 1.62875674
19.723994 1.62874309
19.824626 1.62872688
19.925259 1.62870767
20.025891 1.62868493
20.126524 1.62865808
20.227157 1.62862638
20.327789 1.62858900
20.428422 1.62854495
20.529055 1.62849305
20.629687 1.62843192
20.730320 1.62835992
20.830952 1.62827510
20.931585 1.62817515
21.032218 1.62805731
21.132850 1.62791830
21.233483 1.62775420
21.334116 1.62756030
21.434748 1.62733095
21.535381 1.62705935
21.636013 1.62673724
21.736646 1.62635462
21.837279 1.62589930
21.937911 1.62535634
22.038544 1.62470736
22.139177 1.62392963
22.239809 1.62299485
22.340442 1.62186758
22.441074 1.62050318
22.541707 1.61884496
22.642340 1.61682050
22.742972 1.61433642
22.843605 1.61127169
22.944237 1.60746781
23.044870 1.60271619
23.145503 1.59673942
23.246135 1.58916715
23.346768 1.57949970
23.447401 1.56706100
23.548033 1.55092732
23.648666 1.52983424
23.749298 1.50203585
23.849931 1.46511936
23.950564 1.41572721
24.051196 1.34918657
24.151829 1.25897134
24.252462 1.13597001
24.353094 0.96750896
24.453727 0.73591368
24.554359 0.41696726
24.654992 -0.02220422
24.755625 -0.61726010
24.856257 -1.35249404
24.956890 -2.02256560
25.057523 -2.31800516
25.158155 -2.33940562
25.258788 -2.53159544
25.359420 -3.17808368
25.460053 -4.37964507
25.560686 -6.17596064
25.661318 -8.52179708
25.761951 -11.11499960
25.862583 -13.19540075
25.963216 -13.78916534
26.063849 -12.56229725
26.164481 -10.19994407
26.265114 -7.69658066
26.365747 -5.65823990
26.466379 -4.29301857
26.567012 -3.64035518
26.667644 -3.70298930
26.768277 -4.48673233
26.868910 -5.97362601
26.969542 -8.00175409
27.070175 -10.03359525
27.170808 -11.12708743
27.271440 -10.58797634
27.372073 -8.70043878
27.472705 -6.40338403
27.573338 -4.44570384
27.673971 -3.12817163
27.774603 -2.50699724
27.875236 -2.57824826
27.975869 -3.34375448
28.076501 -4.80289343
28.177134 -6.87671877
28.277766 -9.20528651
28.378399 -10.96945236
28.479032 -11.27268577
28.579664 -9.99929986
28.680297 -7.94548365
28.780929 -6.01392207
28.881562 -4.67132870
28.982195 -4.04076513
29.082827 -4.12969087
29.183460 -4.93310728
29.284093 -6.44312720
29.384725 -8.60491476
29.485358 -11.16312004
29.585990 -13.43031007
29.686623 -14.39984588
29.787256 -13.52878645
29.887888 -11.31600175
29.988521 -8.76737509
30.089154 -6.59233394
30.189786 -5.06112309
30.290419 -4.23339463
30.391051 -4.11759868
30.491684 -4.71867542
30.592317 -6.03133387
30.692949 -7.94235502
30.793582 -10.00655990
30.894215 -11.33615819
30.994847 -11.10971117
31.095480 -9.39395620
31.196112 -7.06841010
31.296745 -4.97074136
31.397378 -3.48056164
31.498010 -2.68467987
31.598643 -2.58479232
31.699275 -3.17842163
31.799908 -4.46985472
31.900541 -6.40841871
32.001173 -8.71027567
32.101806 -10.64738184
32.202439 -11.27214887
32.303071 -10.25305592
32.403704 -8.24959536
32.504336 -6.21152667
32.604969 -4.69780723
32.705602 -3.88103600
32.806234 -3.78020177
32.906867 -4.38762150
33.007500 -5.69979610
33.108132 -7.68154709
33.208765 -10.14081520
33.309397 -12.49994105
33.410030 -13.77860342
33.510663 -13.26310069
33.611295 -11.24879071
33.711928 -8.71228227
33.812560 -6.44972417
33.913193 -4.80204566
34.013826 -3.85074270
34.114458 -3.60404792
34.215091 -4.06730817
34.315724 -5.23972596
34.416356 -7.04358891
34.516989 -9.12534308
34.617621 -10.67130367
34.718254 -10.77082434
34.818887 -9.27569538
34.919519 -6.96217175
35.020152 -4.73613066
35.120785 -3.07226781
35.221417 -2.09593663
35.322050 -1.81427197
35.422682 -2.22497665
35.523315 -3.33068061
35.623948 -5.09958629
35.724580 -7.31517179
35.825213 -9.33758482
35.925846 -10.19833303
36.026478 -9.36385749
36.127111 -7.30617109
36.227743 -4.97545289
36.328376 -3.01232154
36.429009 -1.61993897
36.529641 -0.79786736
36.630274 -0.49080917
36.730906 -0.57441107
36.831539 -0.72173008
36.932172 -0.50839072
37.032804 0.06870470
37.133437 0.68123404
37.234070 1.16100845
37.334702 1.50673061
37.435335 1.75095998
37.535967 1.92089731
37.636600 2.03520559
37.737233 2.10576365
37.837865 2.13976977
37.938498 2.14134881
38.039131 2.11544672
38.139763 2.06862525
38.240396 2.01643615
38.341028 1.97504344
38.441661 1.95429653
38.542294 1.96012377
38.642926 1.99257641
38.743559 2.04609522
38.844192 2.11225513
38.944824 2.18307458
39.045457 2.25298434
39.146089 2.31900990
39.246722 2.37999336
39.347355 2.43570556
39.447987 2.48617867
39.548620 2.53152294
39.649252 2.57177990
39.749885 2.60698213
39.850518 2.63711738
39.951150 2.66216380
40.051783 2.68211256
40.152416 2.69704963
40.253048 2.70744196
40.353681 2.71468709
40.454313 2.72077651
40.554946 2.72673325
40.655579 2.73255197
40.756211 2.73751183
40.856844 2.74021109
40.957477 2.73842784
41.058109 2.72879945
41.158742 2.70624674
41.259374 2.66340733
41.360007 2.58942258
41.460640 2.47008333
41.561272 2.29396524
41.661905 2.06991896
41.762538 1.85387524
41.863170 1.74091208
41.963803 1.78812402
42.064435 1.95319700
42.165068 2.13944336
42.265701 2.27648642
42.366333 2.34062050
42.466966 2.33261953
42.567598 2.25864557
42.668231 2.12346261
42.768864 1.93358844
42.869496 1.71054605
42.970129 1.50873791
43.070762 1.40304730
43.171394 1.42087640
43.272027 1.49858251
43.372659 1.53124113
43.473292 1.43938622
43.573925 1.19583614
43.674557 0.85195746
43.775190 0.56409026
43.875823 0.52201144
43.976455 0.77799981
44.077088 1.19578442
44.177720 1.59606350
44.278353 1.88479952
44.378986 2.04806358
44.479618 2.10040377
44.580251 2.05667051
44.680884 1.92386019
44.781516 1.70145271
44.882149 1.38666443
44.982781 0.99165309
45.083414 0.58122141
45.184047 0.28959140
45.284679 0.23493258
45.385312 0.40295518
45.485944 0.69232169
45.586577 1.01795037
45.687210 1.30496607
45.787842 1.53179366
45.888475 1.75411235
45.989108 1.99273706
46.089740 2.20639354
46.190373 2.37194200
46.291005 2.49459926
46.391638 2.58531671
46.492271 2.65287534
46.592903 2.70342698
46.693536 2.74113872
46.794169 2.76869682
46.894801 2.78784342
46.995434 2.79950182
47.096066 2.80483062
47.196699 2.80707714
47.297332 2.80889073
47.397964 2.81057962
47.498597 2.81221818
47.599230 2.81383161
47.699862 2.81543102
47.800495 2.81702210
47.901127 2.81860800
48.001760 2.82019060
48.102393 2.82177104
48.203025 2.82335004
48.303658 2.82492808
48.404290 2.82650546
48.504923 2.82808238
48.605556 2.82965899
48.706188 2.83123537
48.806821 2.83281160
48.907454 2.83438707
49.008086 2.83595571
49.108719 2.83751690
49.209351 2.83907065
49.309984 2.84061698
49.410617 2.84215590
49.511249 2.84368741
49.611882 2.84521152
49.712515 2.84672822
49.813147 2.84823753
49.913780 2.84973944
50.014412 2.85123396
50.115045 2.85272109
50.215678 2.85420082
50.316310 2.85567317
50.416943 2.85713812
50.517576 2.85859568
50.618208 2.86004584
50.718841 2.86148862
50.819473 2.86292401
50.920106 2.86435201
51.020739 2.86577262
51.121371 2.86718584
51.222004 2.86859167
51.322636 2.86999011
51.423269 2.87138116
51.523902 2.87276482
51.624534 2.87414109
51.725167 2.87550997
51.825800 2.87687146
51.926432 2.87822556
52.027065 2.87957228
52.127697 2.88091160
52.228330 2.88224353
52.328963 2.88356808
52.429595 2.88488524
52.530228 2.88619500
52.630861 2.88749738
52.731493 2.88879237
52.832126 2.89007997
52.932758 2.89136018
53.033391 2.89263300
53.134024 2.89389843
53.234656 2.89515647
53.335289 2.89640713
53.435921 2.89765039
53.536554 2.89888627
53.637187 2.90011476
53.737819 2.90133585
53.838452 2.90254956
53.939085 2.90375588
54.039717 2.90495481
54.140350 2.90614636
54.240982 2.90733051
54.341615 2.90850727
54.442248 2.90967665
54.542880 2.91083864
54.643513 2.91199323
54.744146 2.91314044
54.844778 2.91428026
54.945411 2.91541269
55.046043 2.91653773
55.146676 2.91765539
55.247309 2.91876565
55.347941 2.91986853
55.448574 2.92096402
55.549207 2.92205211
55.649839 2.92313282
55.750472 2.92420614
55.851104 2.92527208
55.951737 2.92633062
56.052370 2.92738178
56.153002 2.92842554
56.253635 2.92946192
56.354267 2.93049091
56.454900 2.93151251
56.555533 2.93252672
56.656165 2.93353354
56.756798 2.93453298
56.857431 2.93552502
56.958063 2.93650968
57.058696 2.93748695
57.159328 2.93845683
57.259961 2.93941932
57.360594 2.94037442
57.461226 2.94132213
57.561859 2.94226246
57.662492 2.94319539
57.763124 2.94412094
57.863757 2.94503910
57.964389 2.94594987
58.065022 2.94685325
58.165655 2.94774925
58.266287 2.94863785
58.366920 2.94951907
58.467553 2.95039290
58.568185 2.95125934
58.668818 2.95211839
58.769450 2.95297005
58.870083 2.95381432
58.970716 2.95465121
59.071348 2.95548070
59.171981 2.95630281
59.272613 2.95711753
59.373246 2.95792486
59.473879 2.95872480
59.574511 2.95951736
59.675144 2.96030252
59.775777 2.96108030
59.876409 2.96185068
59.977042 2.96261368
60.077674 2.96336929
60.178307 2.96411751
60.278940 2.96485835
60.379572 2.96559179
60.480205 2.96631785
60.580838 2.96703651
60.681470 2.96774779
60.782103 2.96845168
60.882735 2.96914818
60.983368 2.96983729
61.084001 2.97051902
61.184633 2.97119335
61.285266 2.97186030
61.385899 2.97251985
61.486531 2.97317202
61.587164 2.97381680
61.687796 2.97445419
61.788429 2.97508420
61.889062 2.97570681
61.989694 2.97632203
62.090327 2.97692987
62.190959 2.97753032
62.291592 2.97812338
62.392225 2.97870905
62.492857 2.97928733
62.593490 2.97985822
62.694123 2.98042172
62.794755 2.98097784
62.895388 2.98152656
62.996020 2.98206790
63.096653 2.98260184
63.197286 2.98312840
63.297918 2.98364757
63.398551 2.98415935
63.499184 2.98466374
63.599816 2.98516075
63.700449 2.98565036
63.801081 2.98613259
63.901714 2.98660742
64.002347 2.98707487
64.102979 2.98753492
64.203612 2.98798759
64.304245 2.98843287
64.404877 2.98887076
64.505510 2.98930126
64.606142 2.98972438
64.706775 2.99014010
64.807408 2.99054843
64.908040 2.99094938
65.008673 2.99134293
65.109305 2.99172910
65.209938 2.99210787
65.310571 2.99247926
65.411203 2.99284326
65.511836 2.99319987
65.612469 2.99354909
65.713101 2.99389092
65.813734 2.99422536
65.914366 2.99455241
66.014999 2.99487207
66.115632 2.99518435
66.216264 2.99548923
66.316897 2.99578673
66.417530 2.99607683
66.518162 2.99635954
66.618795 2.99663487
66.719427 2.99690281
66.820060 2.99716335
66.920693 2.99741651
67.021325 2.99766228
67.121958 2.99790066
67.222591 2.99813164
67.323223 2.99835524
67.423856 2.99857145
67.524488 2.99878027
67.625121 2.99898170
67.725754 2.99917574
67.826386 2.99936239
67.927019 2.99954165
68.027651 2.99971352
68.128284 2.99987800
68.228917 3.00003509
68.329549 3.00018480
68.430182 3.00032711
68.530815 3.00046203
68.631447 3.00058956
68.732080 3.00070970
68.832712 3.00082245
68.933345 3.00092782
69.033978 3.00102579
69.134610 3.00111637
69.235243 3.00119956
69.335876 3.00127536
69.436508 3.00134377
69.537141 3.00140480
69.637773 3.00145843
69.738406 3.00150466
69.839039 3.00154351
69.939671 3.00157561
70.040304 3.00160707
70.140937 3.00163852
70.241569 3.00166998
70.342202 3.00170144
70.442834 3.00173291
70.543467 3.00176437
70.644100 3.00179581
70.744732 3.00182729
