0.100633 1.62942513
0.201265 1.62942713
0.301898 1.62942503
0.402530 1.62942481
0.503163 1.62942484
0.603796 1.62942487
0.704428 1.62942490
0.805061 1.62942493
0.905694 1.62942496
1.006326 1.62942500
1.106959 1.62942503
1.207591 1.62942506
1.308224 1.62942510
1.408857 1.62942514
1.509489 1.62942518
1.610122 1.62942521
1.710755 1.62942526
1.811387 1.62942530
1.912020 1.62942534
2.012652 1.62942539
2.113285 1.62942544
2.213918 1.62942549
2.314550 1.62942554
2.415183 1.62942559
2.515816 1.62942565
2.616448 1.62942571
2.717081 1.62942578
2.817713 1.62942584
2.918346 1.62942591
3.018979 1.62942598
3.119611 1.62942605
3.220244 1.62942613
3.320876 1.62942621
3.421509 1.62942630
3.522142 1.62942639
3.622774 1.62942648
3.723407 1.62942658
3.824040 1.62942668
3.924672 1.62942679
4.025305 1.62942690
4.125937 1.62942702
4.226570 1.62942714
4.327203 1.62942727
4.427835 1.62942740
4.528468 1.62942755
4.629101 1.62942769
4.729733 1.62942785
4.830366 1.62942800
4.930998 1.62942817
5.031631 1.62942834
5.132264 1.62942853
5.232896 1.62942872
5.333529 1.62942892
5.434162 1.62942912
5.534794 1.62942934
5.635427 1.62942956
5.736059 1.62942980
5.836692 1.62943004
5.937325 1.62943030
6.037957 1.62943056
6.138590 1.62943084
6.239222 1.62943112
6.339855 1.62943143
6.440488 1.62943173
6.541120 1.62943206
6.641753 1.62943240
6.742386 1.62943275
6.843018 1.62943311
6.943651 1.62943350
7.044283 1.62943388
7.144916 1.62943430
7.245549 1.62943472
7.346181 1.62943516
7.446814 1.62943562
7.547447 1.62943610
7.648079 1.62943658
7.748712 1.62943710
7.849344 1.62943762
7.949977 1.62943818
8.050610 1.62943874
8.151242 1.62943934
8.251875 1.62943994
8.352508 1.62944058
8.453140 1.62944123
8.553773 1.62944192
8.654405 1.62944261
8.755038 1.62944335
8.855671 1.62944409
8.956303 1.62944488
9.056936 1.62944568
9.157568 1.62944652
9.258201 1.62944737
9.358834 1.62944826
9.459466 1.62944917
9.560099 1.62945013
9.660732 1.62945110
9.761364 1.62945212
9.861997 1.62945316
9.962629 1.62945424
10.063262 1.62945535
10.163895 1.62945650
10.264527 1.62945768
10.365160 1.62945890
10.465793 1.62946015
10.566425 1.62946146
10.667058 1.62946279
10.767690 1.62946417
10.868323 1.62946558
10.968956 1.62946705
11.069588 1.62946855
11.170221 1.62947010
11.270853 1.62947169
11.371486 1.62947334
11.472119 1.62947502
11.572751 1.62947676
11.673384 1.62947854
11.774017 1.62948039
11.874649 1.62948227
11.975282 1.62948422
12.075914 1.62948621
12.176547 1.62948827
12.277180 1.62949037
12.377812 1.62949254
12.478445 1.62949476
12.579078 1.62949705
12.679710 1.62949939
12.780343 1.62950180
12.880975 1.62950426
12.981608 1.62950681
13.082241 1.62950940
13.182873 1.62951208
13.283506 1.62951481
13.384139 1.62951763
13.484771 1.62952050
13.585404 1.62952346
13.686036 1.62952647
13.786669 1.62952958
13.887302 1.62953275
13.987934 1.62953601
14.088567 1.62953933
14.189199 1.62954276
14.289832 1.62954624
14.390465 1.62954983
14.491097 1.62955348
14.591730 1.62955723
14.692363 1.62956106
14.792995 1.62956499
14.893628 1.62956899
14.994260 1.62957310
15.094893 1.62957728
15.195526 1.62958158
15.296158 1.62958594
15.396791 1.62959043
15.497424 1.62959499
15.598056 1.62959966
15.698689 1.62960442
15.799321 1.62960929
15.899954 1.62961424
16.000587 1.62961931
16.101219 1.62962446
16.201852 1.62962973
16.302485 1.62963508
16.403117 1.62964054
16.503750 1.62964609
16.604382 1.62965176
16.705015 1.62965750
16.805648 1.62966335
16.906280 1.62966928
17.006913 1.62967531
17.107545 1.62968141
17.208178 1.62968760
17.308811 1.62969386
17.409443 1.62970019
17.510076 1.62970656
17.610709 1.62971300
17.711341 1.62971946
17.811974 1.62972595
17.912606 1.62973242
18.013239 1.62973890
18.113872 1.62974531
18.214504 1.62975167
18.315137 1.62975791
18.415770 1.62976402
18.516402 1.62976993
18.617035 1.62977560
18.717667 1.62978095
18.818300 1.62978593
18.918933 1.62979043
19.019565 1.62979436
19.120198 1.62979759
19.220831 1.62979999
19.321463 1.62980138
19.422096 1.62980158
19.522728 1.62980035
19.623361 1.62979744
19.723994 1.62979251
19.824626 1.62978521
19.925259 1.62977509
20.025891 1.62976167
20.126524 1.62974430
20.227157 1.62972232
20.327789 1.62969486
20.428422 1.62966096
20.529055 1.62961943
20.629687 1.62956891
20.730320 1.62950775
20.830952 1.62943403
20.931585 1.62934542
21.032218 1.62923921
21.132850 1.62911210
21.233483 1.62896019
21.334116 1.62877877
21.434748 1.62856222
21.535381 1.62830373
21.636013 1.62799508
21.736646 1.62762626
21.837279 1.62718509
21.937911 1.62665665
22.038544 1.62602258
22.139177 1.62526013
22.239809 1.62434102
22.340442 1.62322981
22.441074 1.62188186
22.541707 1.62024046
22.642340 1.61823316
22.742972 1.61576659
22.843605 1.61271965
22.944237 1.60893379
23.044870 1.60420032
23.145503 1.59824179
23.246135 1.59068765
23.346768 1.58103814
23.447401 1.56861692
23.548033 1.55250011
23.648666 1.53142291
23.749298 1.50363916
23.849931 1.46673556
23.950564 1.41735420
24.051196 1.35082154
24.151829 1.26061102
24.252462 1.13761019
24.353094 0.96914486
24.453727 0.73753937
24.554359 0.41857615
24.654992 -0.02061999
24.755625 -0.61570902
24.856257 -1.35098579
24.956890 -2.02110992
25.057523 -2.31647735
25.158155 -2.33785181
25.258788 -2.53003431
25.359420 -3.17652015
25.460053 -4.37807912
25.560686 -6.17438943
25.661318 -8.52021633
25.761951 -11.11340102
25.862583 -13.19377277
25.963216 -13.78748982
26.063849 -12.56055428
26.164481 -10.19811276
26.265114 -7.69464395
26.365747 -5.65618363
26.466379 -4.29083230
26.567012 -3.63803233
26.667644 -3.70052638
26.768277 -4.48412832
26.868910 -5.97088127
26.969542 -7.99887318
27.070175 -10.03059205
27.170808 -11.12399289
27.271440 -10.58484060
27.372073 -8.69732300
27.472705 -6.40035165
27.573338 -4.44281008
27.673971 -3.12544966
27.774603 -2.50445264
27.875236 -2.57587321
27.975869 -3.34153404
28.076501 -4.80079746
28.177134 -6.87470355
28.277766 -9.20330433
28.378399 -10.96745668
28.479032 -11.27063357
28.579664 -9.99715713
28.680297 -7.94322959
28.780929 -6.01154462
28.881562 -4.66881774
28.982195 -4.03810922
29.082827 -4.12687632
29.183460 -4.93011935
29.284093 -6.43994963
29.384725 -8.60152980
29.485358 -11.15950910
29.585990 -13.42645566
29.686623 -14.39573407
29.787256 -13.52440975
29.887888 -11.31136177
29.988521 -8.76248484
30.089154 -6.58721669
30.189786 -5.05581025
30.290419 -4.22792068
30.391051 -4.11199747
30.491684 -4.71297262
30.592317 -6.02554061
30.692949 -7.93646182
30.793582 -10.00053401
30.894215 -11.32994500
30.994847 -11.10324076
31.095480 -9.38716050
31.196112 -7.06123866
31.296745 -4.96316117
31.397378 -3.47254363
31.498010 -2.67618868
31.598643 -2.57579563
31.699275 -3.16890057
31.799908 -4.45979610
31.900541 -6.39780578
32.001173 -8.69909943
32.101806 -10.63565689
32.202439 -11.25991979
32.303071 -10.24038661
32.403704 -8.23654149
32.504336 -6.19813018
32.604969 -4.68410696
32.705602 -3.86708181
32.806234 -3.76606732
32.906867 -4.37341394
33.007500 -5.68565987
33.108132 -7.66766629
33.208765 -10.12741286
33.309397 -12.48727085
33.410030 -13.76693980
33.510663 -13.25270768
33.611295 -11.23984673
33.711928 -8.70484681
33.812560 -6.44376902
33.913193 -4.79750677
34.013826 -3.84756799
34.114458 -3.60222900
34.215091 -4.06689541
34.315724 -5.24083913
34.416356 -7.04642231
34.516989 -9.13015606
34.617621 -10.67842359
34.718254 -10.78063475
34.818887 -9.28854876
34.919519 -6.97829579
35.020152 -4.75562806
35.120785 -3.09519494
35.221417 -2.12240687
35.322050 -1.84450974
35.422682 -2.25924984
35.523315 -3.36919449
35.623948 -5.14266708
35.724580 -7.36339463
35.825213 -9.39184803
35.925846 -10.25985855
36.026478 -9.43397741
36.127111 -7.38593257
36.227743 -5.06536049
36.328376 -3.11238850
36.429009 -1.72990234
36.529641 -0.91735692
36.630274 -0.61948692
36.730906 -0.71211152
36.831539 -0.86850803
36.932172 -0.66450190
37.032804 -0.09712764
37.133437 0.50528574
37.234070 0.97465470
37.334702 1.30984722
37.435335 1.54366410
37.535967 1.70355748
37.636600 1.80853308
37.737233 1.87088207
37.837865 1.89806658
37.938498 1.89425877
38.039131 1.86436036
38.139763 1.81483208
38.240396 1.76067598
38.341028 1.71753846
38.441661 1.69517411
38.542294 1.69947328
38.642926 1.73046668
38.743559 1.78258371
38.844192 1.84739402
38.944824 1.91691438
39.045457 1.98557556
39.146089 2.05040359
39.246722 2.11024056
39.347355 2.16485666
39.447987 2.21428379
39.548620 2.25863150
39.649252 2.29794104
39.749885 2.33224435
39.850518 2.36152870
39.951150 2.38577148
40.051783 2.40496265
40.152416 2.41918565
40.253048 2.42890156
40.353681 2.43549504
40.454313 2.44094072
40.554946 2.44625094
40.655579 2.45141534
40.756211 2.45571105
40.856844 2.45773627
40.957477 2.45527016
41.058109 2.44495206
41.158742 2.42170518
41.259374 2.37816953
41.360007 2.30348860
41.460640 2.18345467
41.561272 2.00664398
41.661905 1.78190743
41.762538 1.56517693
41.863170 1.45153317
41.963803 1.49807240
42.064435 1.66247908
42.165068 1.84806121
42.265701 1.98443638
42.366333 2.04789268
42.466966 2.03919830
42.567598 1.96451094
42.668231 1.82859263
42.768864 1.63796186
42.869496 1.41414510
42.970129 1.21155065
43.070762 1.10506978
43.171394 1.12211289
43.272027 1.19904437
43.372659 1.23094426
43.473292 1.13834702
43.573925 0.89406726
43.674557 0.54946351
43.775190 0.26086625
43.875823 0.21804474
43.976455 0.47327660
44.077088 0.89029791
44.177720 1.28981388
44.278353 1.57778755
44.378986 1.74028673
44.479618 1.79185522
44.580251 1.74733979
44.680884 1.61373487
44.781516 1.39052026
44.882149 1.07491412
44.982781 0.67907847
45.083414 0.26782347
45.184047 -0.02462045
45.284679 -0.08007794
45.385312 0.08716077
45.485944 0.37575151
45.586577 0.70060366
45.687210 0.98683324
45.787842 1.21285743
45.888475 1.43434986
45.989108 1.67212332
46.089740 1.88490495
46.190373 2.04955957
46.291005 2.17131047
46.391638 2.26111709
46.492271 2.32776935
46.592903 2.37742869
46.693536 2.41427288
46.794169 2.44100030
46.894801 2.45936529
46.995434 2.47030156
47.096066 2.47496987
47.196699 2.47659156
47.297332 2.47779002
47.397964 2.47886875
47.498597 2.47990020
47.599230 2.48090852
47.699862 2.48190416
47.800495 2.48289237
47.901127 2.48387604
48.001760 2.48485684
48.102393 2.48583578
48.203025 2.48681349
48.303658 2.48779040
48.404290 2.48876674
48.504923 2.48974272
48.605556 2.49071843
48.706188 2.49169396
48.806821 2.49266936
48.907454 2.49364429
49.008086 2.49461507
49.108719 2.49558133
49.209351 2.49654309
49.309984 2.49750035
49.410617 2.49845312
49.511249 2.49940141
49.611882 2.50034522
49.712515 2.50128455
49.813147 2.50221940
49.913780 2.50314978
50.014412 2.50407569
50.115045 2.50499713
50.215678 2.50591409
50.316310 2.50682658
50.416943 2.50773461
50.517576 2.50863816
50.618208 2.50953724
50.718841 2.51043185
50.819473 2.51132199
50.920106 2.51220766
51.020739 2.51308886
51.121371 2.51396559
51.222004 2.51483785
51.322636 2.51570564
51.423269 2.51656896
51.523902 2.51742781
51.624534 2.51828219
51.725167 2.51913210
51.825800 2.51997754
51.926432 2.52081851
52.027065 2.52165501
52.127697 2.52248705
52.228330 2.52331461
52.328963 2.52413770
52.429595 2.52495633
52.530228 2.52577048
52.630861 2.52658016
52.731493 2.52738538
52.832126 2.52818612
52.932758 2.52898240
53.033391 2.52977420
53.134024 2.53056154
53.234656 2.53134441
53.335289 2.53212281
53.435921 2.53289673
53.536554 2.53366619
53.637187 2.53443118
53.737819 2.53519170
53.838452 2.53594775
53.939085 2.53669933
54.039717 2.53744644
54.140350 2.53818908
54.240982 2.53892726
54.341615 2.53966096
54.442248 2.54039019
54.542880 2.54111496
54.643513 2.54183525
54.744146 2.54255108
54.844778 2.54326243
54.945411 2.54396932
55.046043 2.54467173
55.146676 2.54536968
55.247309 2.54606316
55.347941 2.54675217
55.448574 2.54743671
55.549207 2.54811678
55.649839 2.54879238
55.750472 2.54946351
55.851104 2.55013017
55.951737 2.55079236
56.052370 2.55145009
56.153002 2.55210334
56.253635 2.55275212
56.354267 2.55339644
56.454900 2.55403628
56.555533 2.55467166
56.656165 2.55530257
56.756798 2.55592900
56.857431 2.55655097
56.958063 2.55716847
57.058696 2.55778150
57.159328 2.55839006
57.259961 2.55899415
57.360594 2.55959377
57.461226 2.56018892
57.561859 2.56077961
57.662492 2.56136582
57.763124 2.56194756
57.863757 2.56252484
57.964389 2.56309764
58.065022 2.56366598
58.165655 2.56422984
58.266287 2.56478924
58.366920 2.56534417
58.467553 2.56589462
58.568185 2.56644061
58.668818 2.56698213
58.769450 2.56751918
58.870083 2.56805176
58.970716 2.56857987
59.071348 2.56910352
59.171981 2.56962269
59.272613 2.57013739
59.373246 2.57064762
59.473879 2.57115339
59.574511 2.57165468
59.675144 2.57215151
59.775777 2.57264386
59.876409 2.57313175
59.977042 2.57361516
60.077674 2.57409411
60.178307 2.57456859
60.278940 2.57503860
60.379572 2.57550414
60.480205 2.57596521
60.580838 2.57642181
60.681470 2.57687394
60.782103 2.57732160
60.882735 2.57776479
60.983368 2.57820351
61.084001 2.57863776
61.184633 2.57906754
61.285266 2.57949286
61.385899 2.57991370
61.486531 2.58033007
61.587164 2.58074198
61.687796 2.58114941
61.788429 2.58155238
61.889062 2.58195087
61.989694 2.58234490
62.090327 2.58273445
62.190959 2.58311954
62.291592 2.58350016
62.392225 2.58387630
62.492857 2.58424798
62.593490 2.58461519
62.694123 2.58497793
62.794755 2.58533620
62.895388 2.58568999
62.996020 2.58603932
63.096653 2.58638418
63.197286 2.58672457
63.297918 2.58706049
63.398551 2.58739194
63.499184 2.58771892
63.599816 2.58804143
63.700449 2.58835947
63.801081 2.58867304
63.901714 2.58898214
64.002347 2.58928678
64.102979 2.58958694
64.203612 2.58988263
64.304245 2.59017385
64.404877 2.59046060
64.505510 2.59074288
64.606142 2.59102069
64.706775 2.59129404
64.807408 2.59156291
64.908040 2.59182731
65.008673 2.59208724
65.109305 2.59234270
65.209938 2.59259369
65.310571 2.59284022
65.411203 2.59308227
65.511836 2.59331985
65.612469 2.59355296
65.713101 2.59378160
65.813734 2.59400577
65.914366 2.59422547
66.014999 2.59444071
66.115632 2.59465147
66.216264 2.59485776
66.316897 2.59505958
66.417530 2.59525693
66.518162 2.59544981
66.618795 2.59563822
66.719427 2.59582216
66.820060 2.59600163
66.920693 2.59617663
67.021325 2.59634716
67.121958 2.59651321
67.222591 2.59667480
67.323223 2.59683192
67.423856 2.59698457
67.524488 2.59713275
67.625121 2.59727645
67.725754 2.59741569
67.826386 2.59755046
67.927019 2.59768075
68.027651 2.59780658
68.128284 2.59792793
68.228917 2.59804481
68.329549 2.59815723
68.430182 2.59826517
68.530815 2.59836864
68.631447 2.59846765
68.732080 2.59856218
68.832712 2.59865224
68.933345 2.59873783
69.033978 2.59881895
69.134610 2.59889560
69.235243 2.59896777
69.335876 2.59903548
69.436508 2.59909872
69.537141 2.59915749
69.637773 2.59921178
69.738406 2.59926160
69.839039 2.59930695
69.939671 2.59934822
70.040304 2.59938910
70.140937 2.59942998
70.241569 2.59947087
70.342202 2.59951175
70.442834 2.59955263
70.543467 2.59959352
70.644100 2.59963441
70.744732 2.59967529
