0.100633 1.62600043
0.201265 1.62600364
0.301898 1.62600020
0.402530 1.62599987
0.503163 1.62599991
0.603796 1.62599996
0.704428 1.62600001
0.805061 1.62600006
0.905694 1.62600011
1.006326 1.62600016
1.106959 1.62600020
1.207591 1.62600025
1.308224 1.62600030
1.408857 1.62600034
1.509489 1.62600039
1.610122 1.62600043
1.710755 1.62600047
1.811387 1.62600052
1.912020 1.62600056
2.012652 1.62600060
2.113285 1.62600063
2.213918 1.62600067
2.314550 1.62600071
2.415183 1.62600074
2.515816 1.62600078
2.616448 1.62600081
2.717081 1.62600084
2.817713 1.62600087
2.918346 1.62600089
3.018979 1.62600092
3.119611 1.62600094
3.220244 1.62600096
3.320876 1.62600098
3.421509 1.62600100
3.522142 1.62600101
3.622774 1.62600102
3.723407 1.62600103
3.824040 1.62600104
3.924672 1.62600104
4.025305 1.62600104
4.125937 1.62600104
4.226570 1.62600103
4.327203 1.62600102
4.427835 1.62600101
4.528468 1.62600099
4.629101 1.62600098
4.729733 1.62600095
4.830366 1.62600092
4.930998 1.62600089
5.031631 1.62600085
5.132264 1.62600081
5.232896 1.62600077
5.333529 1.62600071
5.434162 1.62600066
5.534794 1.62600060
5.635427 1.62600053
5.736059 1.62600046
5.836692 1.62600038
5.937325 1.62600029
6.037957 1.62600021
6.138590 1.62600011
6.239222 1.62600000
6.339855 1.62599989
6.440488 1.62599978
6.541120 1.62599965
6.641753 1.62599952
6.742386 1.62599937
6.843018 1.62599923
6.943651 1.62599906
7.044283 1.62599890
7.144916 1.62599872
7.245549 1.62599854
7.346181 1.62599834
7.446814 1.62599814
7.547447 1.62599793
7.648079 1.62599771
7.748712 1.62599747
7.849344 1.62599723
7.949977 1.62599697
8.050610 1.62599670
8.151242 1.62599642
8.251875 1.62599613
8.352508 1.62599582
8.453140 1.62599551
8.553773 1.62599517
8.654405 1.62599483
8.755038 1.62599447
8.855671 1.62599410
8.956303 1.62599371
9.056936 1.62599331
9.157568 1.62599289
9.258201 1.62599246
9.358834 1.62599200
9.459466 1.62599154
9.560099 1.62599105
9.660732 1.62599055
9.761364 1.62599003
9.861997 1.62598950
9.962629 1.62598894
10.063262 1.62598837
10.163895 1.62598777
10.264527 1.62598716
10.365160 1.62598652
10.465793 1.62598587
10.566425 1.62598519
10.667058 1.62598450
10.767690 1.62598377
10.868323 1.62598303
10.968956 1.62598227
11.069588 1.62598148
11.170221 1.62598066
11.270853 1.62597983
11.371486 1.62597896
11.472119 1.62597808
11.572751 1.62597716
11.673384 1.62597623
11.774017 1.62597526
11.874649 1.62597427
11.975282 1.62597324
12.075914 1.62597219
12.176547 1.62597111
12.277180 1.62597000
12.377812 1.62596886
12.478445 1.62596770
12.579078 1.62596649
12.679710 1.62596526
12.780343 1.62596400
12.880975 1.62596270
12.981608 1.62596137
13.082241 1.62596001
13.182873 1.62595861
13.283506 1.62595718
13.384139 1.62595571
13.484771 1.62595421
13.585404 1.62595266
13.686036 1.62595109
13.786669 1.62594947
13.887302 1.62594782
13.987934 1.62594613
14.088567 1.62594440
14.189199 1.62594263
14.289832 1.62594082
14.390465 1.62593896
14.491097 1.62593707
14.591730 1.62593513
14.692363 1.62593315
14.792995 1.62593112
14.893628 1.62592906
14.994260 1.62592694
15.094893 1.62592478
15.195526 1.62592257
15.296158 1.62592031
15.396791 1.62591801
15.497424 1.62591565
15.598056 1.62591324
15.698689 1.62591079
15.799321 1.62590827
15.899954 1.62590570
16.000587 1.62590308
16.101219 1.62590039
16.201852 1.62589765
16.302485 1.62589484
16.403117 1.62589197
16.503750 1.62588903
16.604382 1.62588601
16.705015 1.62588293
16.805648 1.62587976
16.906280 1.62587651
17.006913 1.62587317
17.107545 1.62586973
17.208178 1.62586619
17.308811 1.62586254
17.409443 1.62585877
17.510076 1.62585487
17.610709 1.62585082
17.711341 1.62584661
17.811974 1.62584223
17.912606 1.62583765
18.013239 1.62583285
18.113872 1.62582780
18.214504 1.62582248
18.315137 1.62581684
18.415770 1.62581084
18.516402 1.62580444
18.617035 1.62579757
18.717667 1.62579017
18.818300 1.62578216
18.918933 1.62577345
19.019565 1.62576393
19.120198 1.62575347
19.220831 1.62574195
19.321463 1.62572916
19.422096 1.62571493
19.522728 1.62569901
19.623361 1.62568114
19.723994 1.62566098
19.824626 1.62563817
19.925259 1.62561226
20.025891 1.62558273
20.126524 1.62554897
20.227157 1.62551026
20.327789 1.62546575
20.428422 1.62541445
20.529055 1.62535516
20.629687 1.62528651
20.730320 1.62520684
20.830952 1.62511419
20.931585 1.62500623
21.032218 1.62488022
21.132850 1.62473283
21.233483 1.62456015
21.334116 1.62435745
21.434748 1.62411907
21.535381 1.62383816
21.636013 1.62350650
21.736646 1.62311403
21.837279 1.62264858
21.937911 1.62209515
22.038544 1.62143541
22.139177 1.62064655
22.239809 1.61970032
22.340442 1.61856123
22.441074 1.61718471
22.541707 1.61551402
22.642340 1.61347681
22.742972 1.61097970
22.843605 1.60790178
22.944237 1.60408454
23.044870 1.59931958
23.145503 1.59332955
23.246135 1.58574434
23.346768 1.57606441
23.447401 1.56361404
23.548033 1.54746970
23.648666 1.52636747
23.749298 1.49856178
23.849931 1.46164047
23.950564 1.41224646
24.051196 1.34570774
24.151829 1.25549882
24.252462 1.13250917
24.353094 0.96406587
24.453727 0.73249553
24.554359 0.41358189
24.654992 -0.02554776
24.755625 -0.62055226
24.856257 -1.35572410
24.956890 -2.02572257
25.057523 -2.32114548
25.158155 -2.34249877
25.258788 -2.53462500
25.359420 -3.18104123
25.460053 -4.38252697
25.560686 -6.17876724
25.661318 -8.52453480
25.761951 -11.11768214
25.862583 -13.19805246
25.963216 -13.79182030
26.063849 -12.56499702
26.164481 -10.20272827
26.265114 -7.69948435
26.365747 -5.66129149
26.466379 -4.29624072
26.567012 -3.64376390
26.667644 -3.70659443
26.768277 -4.49053659
26.868910 -5.97762441
26.969542 -8.00593088
27.070175 -10.03792006
27.170808 -11.13151022
27.271440 -10.59242986
27.372073 -8.70485076
27.472705 -6.40768797
27.573338 -4.44984514
27.673971 -3.13211416
27.774603 -2.51072509
27.875236 -2.58175864
27.975869 -3.34705547
28.076501 -4.80600753
28.177134 -6.87968278
28.277766 -9.20814733
28.378399 -10.97226760
28.479032 -11.27552150
28.579664 -10.00221863
28.680297 -7.94853288
28.780929 -6.01713377
28.881562 -4.67472518
28.982195 -4.04436488
29.082827 -4.13351113
29.183460 -4.93716564
29.284093 -6.44744244
29.384725 -8.60950709
29.485358 -11.16800936
29.585990 -13.43551349
29.686623 -14.40537420
29.787256 -13.53464183
29.887888 -11.32217484
29.988521 -8.77384465
30.089154 -6.59906686
30.189786 -5.06807873
30.290419 -4.24052846
30.391051 -4.12486781
30.491684 -4.72604435
30.592317 -6.03878150
30.692949 -7.94988057
30.793582 -10.01418792
30.894215 -11.34394138
30.994847 -11.11772663
31.095480 -9.40228973
31.196112 -7.07713678
31.296745 -4.97992162
31.397378 -3.49024833
31.498010 -2.69492320
31.598643 -2.59563309
31.699275 -3.18988331
31.799908 -4.48194709
31.900541 -6.42114681
32.001173 -8.72363134
32.101806 -10.66133302
32.202439 -11.28663189
32.303071 -10.26799091
32.403704 -8.26491554
32.504336 -6.22718484
32.604969 -4.71375975
32.705602 -3.89722684
32.806234 -3.79654855
32.906867 -4.40400663
33.007500 -5.71606524
33.108132 -7.69750906
33.208765 -10.15624508
33.309397 -12.51459244
33.410030 -13.79221937
33.510663 -13.27544813
33.611295 -11.25973749
33.711928 -8.72183233
33.812560 -6.45797808
33.913193 -4.80914053
34.013826 -3.85679381
34.114458 -3.60910995
34.215091 -4.07135731
34.315724 -5.24264730
34.416356 -7.04517530
34.516989 -9.12531254
34.617621 -10.66930721
34.718254 -10.76647063
34.818887 -9.26867650
34.919519 -6.95238635
35.020152 -4.72368681
35.120785 -3.05737989
35.221417 -2.07879361
35.322050 -1.79494623
35.422682 -2.20340699
35.523315 -3.30666760
35.623948 -5.07269723
35.724580 -7.28468320
35.825213 -9.30242854
35.925846 -10.15709594
36.026478 -9.31502712
36.127111 -7.24856032
36.227743 -4.90844514
36.328376 -2.93568817
36.429009 -1.53340870
36.529641 -0.70061543
36.630274 -0.38058604
36.730906 -0.44715737
36.831539 -0.57407883
36.932172 -0.33708288
37.032804 0.26719856
37.133437 0.91063820
37.234070 1.42507725
37.334702 1.80913817
37.435335 2.09519729
37.535967 2.31029121
37.636600 2.47288973
37.737233 2.59477686
37.837865 2.68291965
37.938498 2.74069613
38.039131 2.77234815
38.139763 2.78234644
38.240396 2.78303908
38.341028 2.78148707
38.441661 2.77590523
38.542294 2.76582065
38.642926 2.75123979
38.743559 2.73217590
38.844192 2.70862893
38.944824 2.68059463
39.045457 2.64806390
39.146089 2.61103157
39.246722 2.56946640
39.347355 2.52329415
39.447987 2.47243930
39.548620 2.41692680
39.649252 2.35723000
39.749885 2.29504038
39.850518 2.23418590
39.951150 2.18122474
40.051783 2.14472442
40.152416 2.13270618
40.253048 2.14926044
40.353681 2.19249776
40.454313 2.25534392
40.554946 2.32853139
40.655579 2.40362933
40.756211 2.47446032
40.856844 2.53679625
40.957477 2.58726815
41.058109 2.62221527
41.158742 2.63664540
41.259374 2.62355518
41.360007 2.57276329
41.460640 2.47100490
41.561272 2.30792565
41.661905 2.09351411
41.762538 1.88459328
41.863170 1.77668621
41.963803 1.82716116
42.064435 1.99405194
42.165068 2.18107812
42.265701 2.31826707
42.366333 2.38227442
42.466966 2.37420359
42.567598 2.30053160
42.668231 2.16628758
42.768864 1.97813311
42.869496 1.75756509
42.970129 1.55877069
43.070762 1.45625718
43.171394 1.47702578
43.272027 1.55713267
43.372659 1.59150126
43.473292 1.50070559
43.573925 1.25777773
43.674557 0.91441695
43.775190 0.62731308
43.875823 0.58647838
43.976455 0.84420839
44.077088 1.26402070
44.177720 1.66637342
44.278353 1.95712486
44.378986 2.12233800
44.479618 2.17659179
44.580251 2.13478046
44.680884 2.00393495
44.781516 1.78355200
44.882149 1.47084147
44.982781 1.07791035
45.083414 0.66944934
45.184047 0.37953992
45.284679 0.32625110
45.385312 0.49530961
45.485944 0.78550962
45.586577 1.11192538
45.687210 1.39981624
45.787842 1.62771887
45.888475 1.85138752
45.989108 2.09166615
46.089740 2.30726481
46.190373 2.47499525
46.291005 2.60000944
46.391638 2.69318293
46.492271 2.76321741
46.592903 2.81618475
46.693536 2.85616878
46.794169 2.88576569
46.894801 2.90662982
46.995434 2.91961120
47.096066 2.92586373
47.196699 2.92882375
47.297332 2.93131286
47.397964 2.93366406
47.498597 2.93595869
47.599230 2.93822475
47.699862 2.94047471
47.800495 2.94271505
47.901127 2.94494938
48.001760 2.94717985
48.102393 2.94940781
48.203025 2.95163408
48.303658 2.95385921
48.404290 2.95608357
48.504923 2.95830738
48.605556 2.96053083
48.706188 2.96275401
48.806821 2.96497700
48.907454 2.96719896
49.008086 2.96941122
49.108719 2.97161292
49.209351 2.97380407
49.309984 2.97598468
49.410617 2.97815477
49.511249 2.98031434
49.611882 2.98246339
49.712515 2.98460195
49.813147 2.98672999
49.913780 2.98884754
50.014412 2.99095459
50.115045 2.99305113
50.215678 2.99513718
50.316310 2.99721274
50.416943 2.99927779
50.517576 3.00133235
50.618208 3.00337642
50.718841 3.00540998
50.819473 3.00743306
50.920106 3.00944563
51.020739 3.01144771
51.121371 3.01343930
51.222004 3.01542039
51.322636 3.01739099
51.423269 3.01935109
51.523902 3.02130069
51.624534 3.02323980
51.725167 3.02516842
51.825800 3.02708654
51.926432 3.02899416
52.027065 3.03089129
52.127697 3.03277793
52.228330 3.03465407
52.328963 3.03651971
52.429595 3.03837486
52.530228 3.04021951
52.630861 3.04205367
52.731493 3.04387733
52.832126 3.04569050
52.932758 3.04749317
53.033391 3.04928535
53.134024 3.05106702
53.234656 3.05283821
53.335289 3.05459890
53.435921 3.05634909
53.536554 3.05808879
53.637187 3.05981799
53.737819 3.06153669
53.838452 3.06324490
53.939085 3.06494262
54.039717 3.06662984
54.140350 3.06830656
54.240982 3.06997278
54.341615 3.07162851
54.442248 3.07327375
54.542880 3.07490848
54.643513 3.07653273
54.744146 3.07814647
54.844778 3.07974972
54.945411 3.08134247
55.046043 3.08292473
55.146676 3.08449649
55.247309 3.08605776
55.347941 3.08760852
55.448574 3.08914880
55.549207 3.09067857
55.649839 3.09219785
55.750472 3.09370663
55.851104 3.09520492
55.951737 3.09669271
56.052370 3.09817000
56.153002 3.09963680
56.253635 3.10109309
56.354267 3.10253890
56.454900 3.10397420
56.555533 3.10539901
56.656165 3.10681333
56.756798 3.10821714
56.857431 3.10961046
56.958063 3.11099329
57.058696 3.11236561
57.159328 3.11372744
57.259961 3.11507877
57.360594 3.11641961
57.461226 3.11774995
57.561859 3.11906979
57.662492 3.12037913
57.763124 3.12167798
57.863757 3.12296633
57.964389 3.12424419
58.065022 3.12551154
58.165655 3.12676840
58.266287 3.12801477
58.366920 3.12925063
58.467553 3.13047600
58.568185 3.13169087
58.668818 3.13289525
58.769450 3.13408912
58.870083 3.13527250
58.970716 3.13644539
59.071348 3.13760777
59.171981 3.13875966
59.272613 3.13990105
59.373246 3.14103195
59.473879 3.14215234
59.574511 3.14326224
59.675144 3.14436165
59.775777 3.14545055
59.876409 3.14652896
59.977042 3.14759687
60.077674 3.14865428
60.178307 3.14970120
60.278940 3.15073762
60.379572 3.15176354
60.480205 3.15277896
60.580838 3.15378389
60.681470 3.15477831
60.782103 3.15576225
60.882735 3.15673568
60.983368 3.15769862
61.084001 3.15865105
61.184633 3.15959299
61.285266 3.16052444
61.385899 3.16144538
61.486531 3.16235583
61.587164 3.16325578
61.687796 3.16414524
61.788429 3.16502419
61.889062 3.16589265
61.989694 3.16675061
62.090327 3.16759807
62.190959 3.16843504
62.291592 3.16926151
62.392225 3.17007748
62.492857 3.17088295
62.593490 3.17167792
62.694123 3.17246240
62.794755 3.17323638
62.895388 3.17399986
62.996020 3.17475285
63.096653 3.17549533
63.197286 3.17622732
63.297918 3.17694881
63.398551 3.17765980
63.499184 3.17836030
63.599816 3.17905030
63.700449 3.17972980
63.801081 3.18039880
63.901714 3.18105730
64.002347 3.18170531
64.102979 3.18234282
64.203612 3.18296983
64.304245 3.18358634
64.404877 3.18419236
64.505510 3.18478787
64.606142 3.18537289
64.706775 3.18594742
64.807408 3.18651144
64.908040 3.18706496
65.008673 3.18760799
65.109305 3.18814052
65.209938 3.18866256
65.310571 3.18917409
65.411203 3.18967513
65.511836 3.19016566
65.612469 3.19064571
65.713101 3.19111525
65.813734 3.19157429
65.914366 3.19202284
66.014999 3.19246089
66.115632 3.19288844
66.216264 3.19330549
66.316897 3.19371205
66.417530 3.19410810
66.518162 3.19449366
66.618795 3.19486873
66.719427 3.19523329
66.820060 3.19558735
66.920693 3.19593092
67.021325 3.19626399
67.121958 3.19658656
67.222591 3.19689863
67.323223 3.19720021
67.423856 3.19749129
67.524488 3.19777187
67.625121 3.19804195
67.725754 3.19830153
67.826386 3.19855062
67.927019 3.19878920
68.027651 3.19901729
68.128284 3.19923488
68.228917 3.19944198
68.329549 3.19963857
68.430182 3.19982467
68.530815 3.20000027
68.631447 3.20016537
68.732080 3.20031997
68.832712 3.20046408
68.933345 3.20059768
69.033978 3.20072079
69.134610 3.20083340
69.235243 3.20093551
69.335876 3.20102713
69.436508 3.20110825
69.537141 3.20117886
69.637773 3.20123898
69.738406 3.20128860
69.839039 3.20132772
69.939671 3.20135724
70.040304 3.20138586
70.140937 3.20141448
70.241569 3.20144311
70.342202 3.20147173
70.442834 3.20150036
70.543467 3.20152898
70.644100 3.20155759
70.744732 3.20158623
