0.100633 1.64650431
0.201265 1.64650315
0.301898 1.64650431
0.402530 1.64650442
0.503163 1.64650439
0.603796 1.64650436
0.704428 1.64650434
0.805061 1.64650432
0.905694 1.64650431
1.006326 1.64650431
1.106959 1.64650431
1.207591 1.64650432
1.308224 1.64650433
1.408857 1.64650436
1.509489 1.64650440
1.610122 1.64650445
1.710755 1.64650451
1.811387 1.64650458
1.912020 1.64650466
2.012652 1.64650476
2.113285 1.64650487
2.213918 1.64650500
2.314550 1.64650515
2.415183 1.64650531
2.515816 1.64650548
2.616448 1.64650568
2.717081 1.64650589
2.817713 1.64650612
2.918346 1.64650638
3.018979 1.64650665
3.119611 1.64650695
3.220244 1.64650726
3.320876 1.64650760
3.421509 1.64650797
3.522142 1.64650835
3.622774 1.64650877
3.723407 1.64650920
3.824040 1.64650967
3.924672 1.64651016
4.025305 1.64651068
4.125937 1.64651123
4.226570 1.64651180
4.327203 1.64651241
4.427835 1.64651305
4.528468 1.64651371
4.629101 1.64651442
4.729733 1.64651515
4.830366 1.64651591
4.930998 1.64651671
5.031631 1.64651755
5.132264 1.64651842
5.232896 1.64651932
5.333529 1.64652027
5.434162 1.64652125
5.534794 1.64652226
5.635427 1.64652332
5.736059 1.64652442
5.836692 1.64652555
5.937325 1.64652673
6.037957 1.64652795
6.138590 1.64652921
6.239222 1.64653051
6.339855 1.64653186
6.440488 1.64653325
6.541120 1.64653468
6.641753 1.64653616
6.742386 1.64653769
6.843018 1.64653926
6.943651 1.64654088
7.044283 1.64654255
7.144916 1.64654427
7.245549 1.64654603
7.346181 1.64654785
7.446814 1.64654971
7.547447 1.64655163
7.648079 1.64655360
7.748712 1.64655562
7.849344 1.64655770
7.949977 1.64655982
8.050610 1.64656200
8.151242 1.64656424
8.251875 1.64656653
8.352508 1.64656888
8.453140 1.64657128
8.553773 1.64657374
8.654405 1.64657626
8.755038 1.64657884
8.855671 1.64658148
8.956303 1.64658417
9.056936 1.64658693
9.157568 1.64658974
9.258201 1.64659262
9.358834 1.64659556
9.459466 1.64659856
9.560099 1.64660162
9.660732 1.64660475
9.761364 1.64660794
9.861997 1.64661119
9.962629 1.64661451
10.063262 1.64661790
10.163895 1.64662135
10.264527 1.64662486
10.365160 1.64662845
10.465793 1.64663210
10.566425 1.64663581
10.667058 1.64663960
10.767690 1.64664346
10.868323 1.64664738
10.968956 1.64665137
11.069588 1.64665544
11.170221 1.64665957
11.270853 1.64666378
11.371486 1.64666805
11.472119 1.64667240
11.572751 1.64667682
11.673384 1.64668132
11.774017 1.64668588
11.874649 1.64669052
11.975282 1.64669523
12.075914 1.64670002
12.176547 1.64670488
12.277180 1.64670981
12.377812 1.64671482
12.478445 1.64671991
12.579078 1.64672507
12.679710 1.64673031
12.780343 1.64673562
12.880975 1.64674101
12.981608 1.64674647
13.082241 1.64675202
13.182873 1.64675763
13.283506 1.64676333
13.384139 1.64676911
13.484771 1.64677496
13.585404 1.64678089
13.686036 1.64678690
13.786669 1.64679299
13.887302 1.64679916
13.987934 1.64680540
14.088567 1.64681173
14.189199 1.64681812
14.289832 1.64682461
14.390465 1.64683117
14.491097 1.64683781
14.591730 1.64684453
14.692363 1.64685133
14.792995 1.64685820
14.893628 1.64686516
14.994260 1.64687219
15.094893 1.64687931
15.195526 1.64688649
15.296158 1.64689377
15.396791 1.64690111
15.497424 1.64690854
15.598056 1.64691604
15.698689 1.64692362
15.799321 1.64693127
15.899954 1.64693900
16.000587 1.64694680
16.101219 1.64695468
16.201852 1.64696261
16.302485 1.64697064
16.403117 1.64697871
16.503750 1.64698687
16.604382 1.64699507
16.705015 1.64700335
16.805648 1.64701166
16.906280 1.64702005
17.006913 1.64702847
17.107545 1.64703695
17.208178 1.64704545
17.308811 1.64705400
17.409443 1.64706254
17.510076 1.64707112
17.610709 1.64707968
17.711341 1.64708825
17.811974 1.64709676
17.912606 1.64710525
18.013239 1.64711365
18.113872 1.64712198
18.214504 1.64713017
18.315137 1.64713823
18.415770 1.64714607
18.516402 1.64715369
18.617035 1.64716100
18.717667 1.64716798
18.818300 1.64717451
18.918933 1.64718055
19.019565 1.64718596
19.120198 1.64719067
19.220831 1.64719448
19.321463 1.64719731
19.422096 1.64719889
19.522728 1.64719908
19.623361 1.64719754
19.723994 1.64719406
19.824626 1.64718819
19.925259 1.64717959
20.025891 1.64716770
20.126524 1.64715200
20.227157 1.64713175
20.327789 1.64710619
20.428422 1.64707431
20.529055 1.64703504
20.629687 1.64698697
20.730320 1.64692857
20.830952 1.64685788
20.931585 1.64677273
21.032218 1.64667035
21.132850 1.64654759
21.233483 1.64640056
21.334116 1.64622469
21.434748 1.64601435
21.535381 1.64576291
21.636013 1.64546215
21.736646 1.64510225
21.837279 1.64467106
21.937911 1.64415382
22.038544 1.64353221
22.139177 1.64278366
22.239809 1.64187992
22.340442 1.64078573
22.441074 1.63945643
22.541707 1.63783546
22.642340 1.63585035
22.742972 1.63340776
22.843605 1.63038649
22.944237 1.62662795
23.044870 1.62192321
23.145503 1.61599455
23.246135 1.60847099
23.346768 1.59885224
23.447401 1.58646121
23.548033 1.57037306
23.648666 1.54932181
23.749298 1.52155978
23.849931 1.48467191
23.950564 1.43529795
24.051196 1.36876191
24.151829 1.27853393
24.252462 1.15549829
24.353094 0.98697650
24.453727 0.75528891
24.554359 0.43621288
24.654992 -0.00313103
24.755625 -0.59840792
24.856257 -1.33391617
24.956890 -2.00431900
25.057523 -2.29950516
25.158155 -2.32088892
25.258788 -2.51316871
25.359420 -3.15979295
25.460053 -4.36151263
25.560686 -6.15800061
25.661318 -8.50401634
25.761951 -11.09739358
25.862583 -13.17795019
25.963216 -13.77183501
26.063849 -12.54503970
26.164481 -10.18270498
26.265114 -7.67930487
26.365747 -5.64087588
26.466379 -4.27552218
26.567012 -3.62269251
26.667644 -3.68513590
26.768277 -4.46866883
26.868910 -5.95533523
26.969542 -7.98322989
27.070175 -10.01486692
27.170808 -11.10825465
27.271440 -10.56922619
27.372073 -8.68202565
27.472705 -6.38559480
27.573338 -4.42880890
27.673971 -3.11235484
27.774603 -2.49232148
27.875236 -2.56471275
27.975869 -3.33131502
28.076501 -4.79142162
28.177134 -6.86599807
28.277766 -9.19505146
28.378399 -10.95939816
28.479032 -11.26247835
28.579664 -9.98863331
28.680297 -7.93413012
28.780929 -6.00172396
28.881562 -4.65816185
28.982195 -4.02651262
29.082827 -4.11423817
29.183460 -4.91634633
29.284093 -6.42496027
29.384725 -8.58526110
29.485358 -11.14192814
29.585990 -13.40757785
29.686623 -14.37563479
29.787256 -13.50321790
29.887888 -11.28923907
29.988521 -8.73961173
30.089154 -6.56378618
30.189786 -5.03201712
30.290419 -4.20394630
30.391051 -4.08799124
30.491684 -4.68902664
30.592317 -6.00165981
30.692949 -7.91254020
30.793582 -9.97633712
30.894215 -11.30511057
30.994847 -11.07731747
31.095480 -9.35971143
31.196112 -7.03194633
31.296745 -4.93182876
31.397378 -3.43902282
31.498010 -2.64032562
31.598643 -2.53745704
31.699275 -3.12800769
31.799908 -4.41629012
31.900541 -6.35160085
32.001173 -8.65012651
32.101806 -10.58392359
32.202439 -11.20554644
32.303071 -10.18356357
32.403704 -8.17744175
32.504336 -6.13688982
32.604969 -4.62087240
32.705602 -3.80206049
32.806234 -3.69958051
32.906867 -4.30593919
33.007500 -5.61785391
33.108132 -7.60039065
33.208765 -10.06175277
33.309397 -12.42452017
33.410030 -13.70858426
33.510663 -13.20026079
33.611295 -11.19445917
33.711928 -8.66710155
33.812560 -6.41381105
33.913193 -4.77526427
34.013826 -3.83296562
34.114458 -3.59532539
34.215091 -4.06794428
34.315724 -5.25033009
34.416356 -7.06508926
34.516989 -9.15894175
34.617621 -10.71848919
34.718254 -10.83336397
34.818887 -9.35532486
34.919519 -7.06024914
35.020152 -4.85368293
35.120785 -3.21040939
35.221417 -2.25640742
35.322050 -1.99975680
35.422682 -2.43889259
35.523315 -3.57681119
35.623948 -5.38287999
35.724580 -7.64238137
35.825213 -9.71775076
35.925846 -10.64291150
36.026478 -9.88555346
36.127111 -7.91666631
36.227743 -5.68362382
36.328376 -3.82363019
36.429009 -2.53569038
36.529641 -1.81316324
36.630274 -1.59183381
36.730906 -1.73773186
36.831539 -1.91917554
36.932172 -1.71143146
37.032804 -1.11591162
37.133437 -0.46835931
37.234070 0.05580906
37.334702 0.45037056
37.435335 0.74587975
37.535967 0.96951808
37.636600 1.14128270
37.737233 1.27496370
37.837865 1.37899703
37.938498 1.45717361
38.039131 1.51193591
38.139763 1.54462146
38.240396 1.56453129
38.341028 1.57924238
38.441661 1.58967156
38.542294 1.59606517
38.642926 1.59855789
38.743559 1.59786733
38.844192 1.59620869
38.944824 1.59431204
39.045457 1.59233961
39.146089 1.59033558
39.246722 1.58831584
39.347355 1.58628739
39.447987 1.58425373
39.548620 1.58221677
39.649252 1.58017771
39.749885 1.57813750
39.850518 1.57609732
39.951150 1.57405933
40.051783 1.57202868
40.152416 1.57002085
40.253048 1.56809838
40.353681 1.56661128
40.454313 1.56629918
40.554946 1.56692433
40.655579 1.56785563
40.756211 1.56810827
40.856844 1.56618136
40.957477 1.55982160
41.058109 1.54566130
41.158742 1.51862604
41.259374 1.47135706
41.360007 1.39299401
41.460640 1.26931563
41.561272 1.08887866
41.661905 0.86051633
41.762538 0.64016387
41.863170 0.52293847
41.963803 0.56597314
42.064435 0.72695404
42.165068 0.90916078
42.265701 1.04216785
42.366333 1.10221660
42.466966 1.09003244
42.567598 1.01173899
42.668231 0.87207867
42.768864 0.67756926
42.869496 0.44975660
42.970129 0.24308773
43.070762 0.13250883
43.171394 0.14548616
43.272027 0.21842910
43.372659 0.24644463
43.473292 0.15006843
43.573925 -0.09791085
43.674557 -0.44618511
43.775190 -0.73848290
43.875823 -0.78508044
43.976455 -0.53370644
44.077088 -0.12058389
44.177720 0.27503423
44.278353 0.55911648
44.378986 0.71771365
44.479618 0.76534671
44.580251 0.71684222
44.680884 0.57918362
44.781516 0.35184964
44.882149 0.03206765
44.982781 -0.36797676
45.083414 -0.78343201
45.184047 -1.08001976
45.284679 -1.13953158
45.385312 -0.97626017
45.485944 -0.69158783
45.586577 -0.37065563
45.687210 -0.08839652
45.787842 0.13356336
45.888475 0.35086721
45.989108 0.58431556
46.089740 0.79264343
46.190373 0.95274009
46.291005 1.06986379
46.391638 1.15501726
46.492271 1.21703813
46.592903 1.26213928
46.693536 1.29455513
46.794169 1.31704863
46.894801 1.33143840
46.995434 1.33871359
47.096066 1.34004544
47.196699 1.33851780
47.297332 1.33661672
47.397964 1.33462112
47.498597 1.33259367
47.599230 1.33055318
47.699862 1.32850676
47.800495 1.32645751
47.901127 1.32440685
48.001760 1.32235549
48.102393 1.32030379
48.203025 1.31825194
48.303658 1.31620003
48.404290 1.31414810
48.504923 1.31209618
48.605556 1.31004429
48.706188 1.30799241
48.806821 1.30594055
48.907454 1.30388959
49.008086 1.30184794
49.108719 1.29981646
49.209351 1.29779516
49.309984 1.29578402
49.410617 1.29378306
49.511249 1.29179226
49.611882 1.28981163
49.712515 1.28784116
49.813147 1.28588085
49.913780 1.28393070
50.014412 1.28199071
50.115045 1.28006088
50.215678 1.27814121
50.316310 1.27623171
50.416943 1.27433235
50.517576 1.27244316
50.618208 1.27056413
50.718841 1.26869525
50.819473 1.26683653
50.920106 1.26498797
51.020739 1.26314957
51.121371 1.26132133
51.222004 1.25950324
51.322636 1.25769531
51.423269 1.25589754
51.523902 1.25410992
51.624534 1.25233247
51.725167 1.25056517
51.825800 1.24880803
51.926432 1.24706104
52.027065 1.24532422
52.127697 1.24359755
52.228330 1.24188104
52.328963 1.24017469
52.429595 1.23847849
52.530228 1.23679245
52.630861 1.23511657
52.731493 1.23345085
52.832126 1.23179528
52.932758 1.23014988
53.033391 1.22851463
53.134024 1.22688953
53.234656 1.22527460
53.335289 1.22366982
53.435921 1.22207520
53.536554 1.22049074
53.637187 1.21891644
53.737819 1.21735229
53.838452 1.21579831
53.939085 1.21425448
54.039717 1.21272080
54.140350 1.21119729
54.240982 1.20968393
54.341615 1.20818073
54.442248 1.20668769
54.542880 1.20520481
54.643513 1.20373209
54.744146 1.20226952
54.844778 1.20081711
54.945411 1.19937486
55.046043 1.19794277
55.146676 1.19652083
55.247309 1.19510906
55.347941 1.19370744
55.448574 1.19231598
55.549207 1.19093467
55.649839 1.18956353
55.750472 1.18820254
55.851104 1.18685171
55.951737 1.18551104
56.052370 1.18418053
56.153002 1.18286018
56.253635 1.18154998
56.354267 1.18024995
56.454900 1.17896007
56.555533 1.17768035
56.656165 1.17641078
56.756798 1.17515138
56.857431 1.17390213
56.958063 1.17266304
57.058696 1.17143411
57.159328 1.17021534
57.259961 1.16900673
57.360594 1.16780828
57.461226 1.16661998
57.561859 1.16544184
57.662492 1.16427386
57.763124 1.16311604
57.863757 1.16196838
57.964389 1.16083088
58.065022 1.15970353
58.165655 1.15858635
58.266287 1.15747932
58.366920 1.15638245
58.467553 1.15529574
58.568185 1.15421919
58.668818 1.15315279
58.769450 1.15209656
58.870083 1.15105048
58.970716 1.15001456
59.071348 1.14898880
59.171981 1.14797320
59.272613 1.14696776
59.373246 1.14597248
59.473879 1.14498735
59.574511 1.14401239
59.675144 1.14304758
59.775777 1.14209294
59.876409 1.14114845
59.977042 1.14021412
60.077674 1.13928995
60.178307 1.13837593
60.278940 1.13747208
60.379572 1.13657839
60.480205 1.13569485
60.580838 1.13482147
60.681470 1.13395826
60.782103 1.13310520
60.882735 1.13226230
60.983368 1.13142956
61.084001 1.13060698
61.184633 1.12979456
61.285266 1.12899229
61.385899 1.12820019
61.486531 1.12741824
61.587164 1.12664646
61.687796 1.12588483
61.788429 1.12513337
61.889062 1.12439206
61.989694 1.12366091
62.090327 1.12293992
62.190959 1.12222909
62.291592 1.12152842
62.392225 1.12083791
62.492857 1.12015756
62.593490 1.11948736
62.694123 1.11882733
62.794755 1.11817746
62.895388 1.11753774
62.996020 1.11690819
63.096653 1.11628879
63.197286 1.11567956
63.297918 1.11508048
63.398551 1.11449156
63.499184 1.11391281
63.599816 1.11334421
63.700449 1.11278577
63.801081 1.11223749
63.901714 1.11169937
64.002347 1.11117141
64.102979 1.11065361
64.203612 1.11014597
64.304245 1.10964849
64.404877 1.10916117
64.505510 1.10868401
64.606142 1.10821701
64.706775 1.10776017
64.807408 1.10731349
64.908040 1.10687697
65.008673 1.10645061
65.109305 1.10603440
65.209938 1.10562836
65.310571 1.10523248
65.411203 1.10484676
65.511836 1.10447120
65.612469 1.10410579
65.713101 1.10375055
65.813734 1.10340547
65.914366 1.10307055
66.014999 1.10274579
66.115632 1.10243118
66.216264 1.10212674
66.316897 1.10183246
66.417530 1.10154834
66.518162 1.10127438
66.618795 1.10101058
66.719427 1.10075694
66.820060 1.10051346
66.920693 1.10028013
67.021325 1.10005697
67.121958 1.09984397
67.222591 1.09964113
67.323223 1.09944845
67.423856 1.09926594
67.524488 1.09909358
67.625121 1.09893138
67.725754 1.09877934
67.826386 1.09863746
67.927019 1.09850574
68.027651 1.09838419
68.128284 1.09827279
68.228917 1.09817156
68.329549 1.09808048
68.430182 1.09799957
68.530815 1.09792881
68.631447 1.09786822
68.732080 1.09781778
68.832712 1.09777751
68.933345 1.09774740
69.033978 1.09772745
69.134610 1.09771766
69.235243 1.09771803
69.335876 1.09772856
69.436508 1.09774925
69.537141 1.09778010
69.637773 1.09782112
69.738406 1.09787230
69.839039 1.09793363
69.939671 1.09800426
70.040304 1.09807576
70.140937 1.09814726
70.241569 1.09821876
70.342202 1.09829025
70.442834 1.09836175
70.543467 1.09843325
70.644100 1.09850481
70.744732 1.09857624
