0.100633 1.64894072
0.201265 1.64893859
0.301898 1.64894084
0.402530 1.64894105
0.503163 1.64894102
0.603796 1.64894098
0.704428 1.64894094
0.805061 1.64894091
0.905694 1.64894088
1.006326 1.64894086
1.106959 1.64894084
1.207591 1.64894082
1.308224 1.64894081
1.408857 1.64894081
1.509489 1.64894081
1.610122 1.64894082
1.710755 1.64894084
1.811387 1.64894086
1.912020 1.64894089
2.012652 1.64894093
2.113285 1.64894098
2.213918 1.64894104
2.314550 1.64894111
2.415183 1.64894119
2.515816 1.64894128
2.616448 1.64894138
2.717081 1.64894149
2.817713 1.64894162
2.918346 1.64894176
3.018979 1.64894191
3.119611 1.64894207
3.220244 1.64894225
3.320876 1.64894244
3.421509 1.64894264
3.522142 1.64894286
3.622774 1.64894310
3.723407 1.64894335
3.824040 1.64894362
3.924672 1.64894390
4.025305 1.64894420
4.125937 1.64894452
4.226570 1.64894486
4.327203 1.64894521
4.427835 1.64894558
4.528468 1.64894597
4.629101 1.64894638
4.729733 1.64894681
4.830366 1.64894726
4.930998 1.64894773
5.031631 1.64894822
5.132264 1.64894873
5.232896 1.64894926
5.333529 1.64894982
5.434162 1.64895039
5.534794 1.64895099
5.635427 1.64895161
5.736059 1.64895225
5.836692 1.64895292
5.937325 1.64895361
6.037957 1.64895432
6.138590 1.64895506
6.239222 1.64895582
6.339855 1.64895660
6.440488 1.64895742
6.541120 1.64895825
6.641753 1.64895911
6.742386 1.64896000
6.843018 1.64896091
6.943651 1.64896185
7.044283 1.64896282
7.144916 1.64896381
7.245549 1.64896483
7.346181 1.64896587
7.446814 1.64896695
7.547447 1.64896805
7.648079 1.64896918
7.748712 1.64897033
7.849344 1.64897152
7.949977 1.64897273
8.050610 1.64897397
8.151242 1.64897524
8.251875 1.64897654
8.352508 1.64897786
8.453140 1.64897922
8.553773 1.64898060
8.654405 1.64898202
8.755038 1.64898346
8.855671 1.64898493
8.956303 1.64898643
9.056936 1.64898797
9.157568 1.64898952
9.258201 1.64899112
9.358834 1.64899273
9.459466 1.64899439
9.560099 1.64899606
9.660732 1.64899778
9.761364 1.64899951
9.861997 1.64900128
9.962629 1.64900307
10.063262 1.64900491
10.163895 1.64900676
10.264527 1.64900865
10.365160 1.64901056
10.465793 1.64901252
10.566425 1.64901449
10.667058 1.64901650
10.767690 1.64901852
10.868323 1.64902059
10.968956 1.64902268
11.069588 1.64902481
11.170221 1.64902695
11.270853 1.64902914
11.371486 1.64903134
11.472119 1.64903358
11.572751 1.64903584
11.673384 1.64903814
11.774017 1.64904045
11.874649 1.64904281
11.975282 1.64904517
12.075914 1.64904758
12.176547 1.64905001
12.277180 1.64905247
12.377812 1.64905494
12.478445 1.64905746
12.579078 1.64905998
12.679710 1.64906255
12.780343 1.64906512
12.880975 1.64906774
12.981608 1.64907036
13.082241 1.64907303
13.182873 1.64907570
13.283506 1.64907841
13.384139 1.64908113
13.484771 1.64908389
13.585404 1.64908665
13.686036 1.64908945
13.786669 1.64909225
13.887302 1.64909509
13.987934 1.64909794
14.088567 1.64910082
14.189199 1.64910370
14.289832 1.64910662
14.390465 1.64910954
14.491097 1.64911250
14.591730 1.64911545
14.692363 1.64911844
14.792995 1.64912142
14.893628 1.64912444
14.994260 1.64912745
15.094893 1.64913049
15.195526 1.64913353
15.296158 1.64913660
15.396791 1.64913966
15.497424 1.64914275
15.598056 1.64914582
15.698689 1.64914892
15.799321 1.64915201
15.899954 1.64915512
16.000587 1.64915822
16.101219 1.64916133
16.201852 1.64916443
16.302485 1.64916754
16.403117 1.64917062
16.503750 1.64917372
16.604382 1.64917679
16.705015 1.64917986
16.805648 1.64918289
16.906280 1.64918592
17.006913 1.64918890
17.107545 1.64919187
17.208178 1.64919478
17.308811 1.64919766
17.409443 1.64920046
17.510076 1.64920322
17.610709 1.64920589
17.711341 1.64920848
17.811974 1.64921095
17.912606 1.64921331
18.013239 1.64921551
18.113872 1.64921756
18.214504 1.64921940
18.315137 1.64922102
18.415770 1.64922237
18.516402 1.64922342
18.617035 1.64922410
18.717667 1.64922437
18.818300 1.64922413
18.918933 1.64922334
19.019565 1.64922187
19.120198 1.64921963
19.220831 1.64921647
19.321463 1.64921225
19.422096 1.64920678
19.522728 1.64919986
19.623361 1.64919122
19.723994 1.64918060
19.824626 1.64916762
19.925259 1.64915190
20.025891 1.64913295
20.126524 1.64911022
20.227157 1.64908302
20.327789 1.64905059
20.428422 1.64901198
20.529055 1.64896611
20.629687 1.64891164
20.730320 1.64884706
20.830952 1.64877048
20.931585 1.64867973
21.032218 1.64857216
21.132850 1.64844464
21.233483 1.64829339
21.334116 1.64811388
21.434748 1.64790064
21.535381 1.64764707
21.636013 1.64734514
21.736646 1.64698510
21.837279 1.64655500
21.937911 1.64604019
22.038544 1.64542260
22.139177 1.64467978
22.239809 1.64378377
22.340442 1.64269947
22.441074 1.64138255
22.541707 1.63977666
22.642340 1.63780966
22.742972 1.63538847
22.843605 1.63239227
22.944237 1.62866270
23.044870 1.62399122
23.145503 1.61810037
23.246135 1.61061951
23.346768 1.60104854
23.447401 1.58871064
23.548033 1.57268104
23.648666 1.55169386
23.749298 1.52400129
23.849931 1.48718802
23.950564 1.43789340
24.051196 1.37144071
24.151829 1.28129919
24.252462 1.15835176
24.353094 0.98991841
24.453727 0.75831743
24.554359 0.43932397
24.654992 0.00005587
24.755625 -0.59515467
24.856257 -1.33060931
24.956890 -2.00097448
25.057523 -2.29597787
25.158155 -2.31724859
25.258788 -2.50946007
25.359420 -3.15605430
25.460053 -4.35778590
25.560686 -6.15433543
25.661318 -8.50047064
25.761951 -11.09403351
25.862583 -13.17484989
25.963216 -13.76907519
26.063849 -12.54269815
26.164481 -10.18083906
26.265114 -7.67794469
26.365747 -5.64002961
26.466379 -4.27518193
26.567012 -3.62284089
26.667644 -3.68574811
26.768277 -4.46971288
26.868910 -5.95676904
26.969542 -7.98500028
27.070175 -10.01691139
27.170808 -11.11050769
27.271440 -10.57163452
27.372073 -8.68456683
27.472705 -6.38828200
27.573338 -4.43167903
27.673971 -3.11544695
27.774603 -2.49566276
27.875236 -2.56832455
27.975869 -3.33521407
28.076501 -4.79560605
28.177134 -6.87044377
28.277766 -9.19971938
28.378399 -10.96423611
28.479032 -11.26742316
28.579664 -9.99362001
28.680297 -7.93909947
28.780929 -6.00662301
28.881562 -4.66294222
28.982195 -4.03113308
29.082827 -4.11866904
29.183460 -4.92057427
29.284093 -6.42899085
29.384725 -8.58912032
29.485358 -11.14566242
29.585990 -13.41125464
29.686623 -14.37934144
29.787256 -13.50704909
29.887888 -11.29327918
29.988521 -8.74392300
30.089154 -6.56840985
30.189786 -5.03697786
30.290419 -4.20925278
30.391051 -4.09363452
30.491684 -4.69497346
30.592317 -6.00784411
30.692949 -7.91885429
30.793582 -9.98262347
30.894215 -11.31116267
30.994847 -11.08290253
31.095480 -9.36462262
31.196112 -7.03605031
31.296745 -4.93506761
31.397378 -3.44138961
31.498010 -2.64184912
31.598643 -2.53821408
31.699275 -3.12812760
31.799908 -4.41593629
31.900541 -6.35096524
32.001173 -8.64945095
32.101806 -10.58352057
32.202439 -11.20580078
32.303071 -10.18488754
32.403704 -8.18020123
32.504336 -6.14138703
32.604969 -4.62738025
32.705602 -3.81086567
32.806234 -3.71103541
32.906867 -4.32052287
33.007500 -5.63624407
33.108132 -7.62355721
33.208765 -10.09107249
33.309397 -12.46173581
33.410030 -13.75547251
33.510663 -13.25864282
33.611295 -11.26614262
33.711928 -8.75382882
33.812560 -6.51732057
33.913193 -4.89740508
34.013826 -3.97583810
34.114458 -3.76143062
34.215091 -4.26034475
34.315724 -5.47284121
34.416356 -7.32243250
34.516989 -9.45670087
34.617621 -11.06260973
34.718254 -11.22861314
34.818887 -9.80240092
34.919519 -7.55248213
35.020152 -5.37520174
35.120785 -3.73739689
35.221417 -2.76157176
35.322050 -2.45815368
35.422682 -2.83223989
35.523315 -3.89457970
35.623948 -5.62080107
35.724580 -7.79992327
35.825213 -9.79593960
35.925846 -10.64297608
36.026478 -9.80826982
36.127111 -7.76219234
36.227743 -5.45174267
36.328376 -3.51449975
36.429009 -2.15140125
36.529641 -1.36020188
36.630274 -1.08364368
36.730906 -1.19569729
36.831539 -1.37045074
36.932172 -1.18392975
37.032804 -0.63275756
37.133437 -0.04425972
37.234070 0.41436066
37.334702 0.74274910
37.435335 0.97466799
37.535967 1.13852771
37.636600 1.25463826
37.737233 1.33689201
37.837865 1.39363339
37.938498 1.42859790
38.039131 1.44555540
38.139763 1.44808252
38.240396 1.44497139
38.341028 1.44146430
38.441661 1.43793686
38.542294 1.43442589
38.642926 1.43093004
38.743559 1.42744375
38.844192 1.42396255
38.944824 1.42048347
39.045457 1.41700480
39.146089 1.41352553
39.246722 1.41004512
39.347355 1.40656325
39.447987 1.40307969
39.548620 1.39959425
39.649252 1.39610671
39.749885 1.39261686
39.850518 1.38912468
39.951150 1.38563085
40.051783 1.38213853
40.152416 1.37866029
40.253048 1.37525314
40.353681 1.37224820
40.454313 1.37034966
40.554946 1.36932486
40.655579 1.36855420
40.756211 1.36706385
40.856844 1.36336335
40.957477 1.35520947
41.058109 1.33924448
41.158742 1.31040338
41.259374 1.26133557
41.360007 1.18118706
41.460640 1.05574010
41.561272 0.87355184
41.661905 0.64345450
41.762538 0.42138527
41.863170 0.30246830
41.963803 0.34384135
42.064435 0.50318578
42.165068 0.68376841
42.265701 0.81514687
42.366333 0.87354482
42.466966 0.85967131
42.567598 0.77963748
42.668231 0.63817973
42.768864 0.44181724
42.869496 0.21210459
42.970129 0.00350440
43.070762 -0.10901566
43.171394 -0.09796691
43.272027 -0.02692054
43.372659 -0.00075700
43.473292 -0.09893914
43.573925 -0.34868852
43.674557 -0.69871863
43.775190 -0.99278396
43.875823 -1.04118145
43.976455 -0.79164332
44.077088 -0.38037452
44.177720 0.01339043
44.278353 0.29562208
44.378986 0.45236308
44.479618 0.49812370
44.580251 0.44772113
44.680884 0.30813377
44.781516 0.07883993
44.882149 -0.24292867
44.982781 -0.64497555
45.083414 -1.06243012
45.184047 -1.36099213
45.284679 -1.42243796
45.385312 -1.26106121
45.485944 -0.97826127
45.586577 -0.65920204
45.687210 -0.37883894
45.787842 -0.15881794
45.888475 0.05648995
45.989108 0.28787959
46.089740 0.49408942
46.190373 0.65202001
46.291005 0.76694573
46.391638 0.84988941
46.492271 0.90971095
46.592903 0.95264727
46.693536 0.98295944
46.794169 1.00344074
46.894801 1.01594019
46.995434 1.02147302
47.096066 1.02121562
47.196699 1.01818698
47.297332 1.01480839
47.397964 1.01134719
47.498597 1.00786143
47.599230 1.00436740
47.699862 1.00087066
47.800495 0.99737324
47.901127 0.99387592
48.001760 0.99037894
48.102393 0.98688235
48.203025 0.98338610
48.303658 0.97989016
48.404290 0.97639446
48.504923 0.97289896
48.605556 0.96940362
48.706188 0.96590838
48.806821 0.96241325
48.907454 0.95891967
49.008086 0.95544183
49.108719 0.95198117
49.209351 0.94853770
49.309984 0.94511142
49.410617 0.94170230
49.511249 0.93831035
49.611882 0.93493555
49.712515 0.93157792
49.813147 0.92823744
49.913780 0.92491411
50.014412 0.92160793
50.115045 0.91831890
50.215678 0.91504702
50.316310 0.91179229
50.416943 0.90855471
50.517576 0.90533427
50.618208 0.90213098
50.718841 0.89894483
50.819473 0.89577584
50.920106 0.89262398
51.020739 0.88948928
51.121371 0.88637171
51.222004 0.88327130
51.322636 0.88018803
51.423269 0.87712190
51.523902 0.87407292
51.624534 0.87104109
51.725167 0.86802640
51.825800 0.86502886
51.926432 0.86204846
52.027065 0.85908520
52.127697 0.85613910
52.228330 0.85321013
52.328963 0.85029831
52.429595 0.84740364
52.530228 0.84452611
52.630861 0.84166573
52.731493 0.83882249
52.832126 0.83599640
52.932758 0.83318745
53.033391 0.83039565
53.134024 0.82762100
53.234656 0.82486348
53.335289 0.82212312
53.435921 0.81939990
53.536554 0.81669382
53.637187 0.81400489
53.737819 0.81133311
53.838452 0.80867847
53.939085 0.80604097
54.039717 0.80342062
54.140350 0.80081742
54.240982 0.79823136
54.341615 0.79566245
54.442248 0.79311068
54.542880 0.79057606
54.643513 0.78805859
54.744146 0.78555826
54.844778 0.78307507
54.945411 0.78060903
55.046043 0.77816014
55.146676 0.77572839
55.247309 0.77331379
55.347941 0.77091633
55.448574 0.76853602
55.549207 0.76617285
55.649839 0.76382683
55.750472 0.76149796
55.851104 0.75918623
55.951737 0.75689165
56.052370 0.75461421
56.153002 0.75235392
56.253635 0.75011078
56.354267 0.74788478
56.454900 0.74567592
56.555533 0.74348422
56.656165 0.74130965
56.756798 0.73915224
56.857431 0.73701197
56.958063 0.73488885
57.058696 0.73278287
57.159328 0.73069404
57.259961 0.72862235
57.360594 0.72656781
57.461226 0.72453042
57.561859 0.72251017
57.662492 0.72050707
57.763124 0.71852112
57.863757 0.71655231
57.964389 0.71460065
58.065022 0.71266613
58.165655 0.71074876
58.266287 0.70884854
58.366920 0.70696546
58.467553 0.70509953
58.568185 0.70325075
58.668818 0.70141911
58.769450 0.69960462
58.870083 0.69780728
58.970716 0.69602708
59.071348 0.69426403
59.171981 0.69251812
59.272613 0.69078936
59.373246 0.68907775
59.473879 0.68738328
59.574511 0.68570597
59.675144 0.68404579
59.775777 0.68240277
59.876409 0.68077689
59.977042 0.67916816
60.077674 0.67757657
60.178307 0.67600213
60.278940 0.67444484
60.379572 0.67290469
60.480205 0.67138170
60.580838 0.66987584
60.681470 0.66838714
60.782103 0.66691558
60.882735 0.66546117
60.983368 0.66402391
61.084001 0.66260379
61.184633 0.66120082
61.285266 0.65981500
61.385899 0.65844632
61.486531 0.65709479
61.587164 0.65576041
61.687796 0.65444317
61.788429 0.65314308
61.889062 0.65186014
61.989694 0.65059435
62.090327 0.64934570
62.190959 0.64811420
62.291592 0.64689985
62.392225 0.64570265
62.492857 0.64452259
62.593490 0.64335968
62.694123 0.64221391
62.794755 0.64108530
62.895388 0.63997383
62.996020 0.63887951
63.096653 0.63780233
63.197286 0.63674231
63.297918 0.63569943
63.398551 0.63467370
63.499184 0.63366511
63.599816 0.63267367
63.700449 0.63169938
63.801081 0.63074224
63.901714 0.62980225
64.002347 0.62887940
64.102979 0.62797370
64.203612 0.62708515
64.304245 0.62621374
64.404877 0.62535949
64.505510 0.62452238
64.606142 0.62370242
64.706775 0.62289960
64.807408 0.62211394
64.908040 0.62134542
65.008673 0.62059405
65.109305 0.61985982
65.209938 0.61914275
65.310571 0.61844282
65.411203 0.61776004
65.511836 0.61709441
65.612469 0.61644592
65.713101 0.61581458
65.813734 0.61520040
65.914366 0.61460336
66.014999 0.61402346
66.115632 0.61346072
66.216264 0.61291512
66.316897 0.61238667
66.417530 0.61187537
66.518162 0.61138121
66.618795 0.61090421
66.719427 0.61044435
66.820060 0.61000164
66.920693 0.60957608
67.021325 0.60916767
67.121958 0.60877640
67.222591 0.60840228
67.323223 0.60804531
67.423856 0.60770549
67.524488 0.60738282
67.625121 0.60707729
67.725754 0.60678892
67.826386 0.60651769
67.927019 0.60626361
68.027651 0.60602668
68.128284 0.60580689
68.228917 0.60560426
68.329549 0.60541877
68.430182 0.60525043
68.530815 0.60509924
68.631447 0.60496519
68.732080 0.60484830
68.832712 0.60474855
68.933345 0.60466596
69.033978 0.60460051
69.134610 0.60455221
69.235243 0.60452105
69.335876 0.60450705
69.436508 0.60451019
69.537141 0.60453048
69.637773 0.60456793
69.738406 0.60462253
69.839039 0.60469427
69.939671 0.60478169
70.040304 0.60487058
70.140937 0.60495948
70.241569 0.60504837
70.342202 0.60513725
70.442834 0.60522614
70.543467 0.60531504
70.644100 0.60540402
70.744732 0.60549282
