0.100633 1.62141621
0.201265 1.62142045
0.301898 1.62141596
0.402530 1.62141551
0.503163 1.62141557
0.603796 1.62141564
0.704428 1.62141570
0.805061 1.62141577
0.905694 1.62141583
1.006326 1.62141590
1.106959 1.62141596
1.207591 1.62141602
1.308224 1.62141608
1.408857 1.62141613
1.509489 1.62141619
1.610122 1.62141624
1.710755 1.62141630
1.811387 1.62141635
1.912020 1.62141640
2.012652 1.62141644
2.113285 1.62141649
2.213918 1.62141653
2.314550 1.62141657
2.415183 1.62141660
2.515816 1.62141664
2.616448 1.62141667
2.717081 1.62141670
2.817713 1.62141672
2.918346 1.62141674
3.018979 1.62141676
3.119611 1.62141678
3.220244 1.62141679
3.320876 1.62141680
3.421509 1.62141680
3.522142 1.62141680
3.622774 1.62141680
3.723407 1.62141680
3.824040 1.62141678
3.924672 1.62141677
4.025305 1.62141675
4.125937 1.62141673
4.226570 1.62141670
4.327203 1.62141667
4.427835 1.62141664
4.528468 1.62141660
4.629101 1.62141656
4.729733 1.62141651
4.830366 1.62141646
4.930998 1.62141640
5.031631 1.62141634
5.132264 1.62141627
5.232896 1.62141620
5.333529 1.62141613
5.434162 1.62141605
5.534794 1.62141596
5.635427 1.62141587
5.736059 1.62141578
5.836692 1.62141568
5.937325 1.62141557
6.037957 1.62141546
6.138590 1.62141535
6.239222 1.62141523
6.339855 1.62141511
6.440488 1.62141498
6.541120 1.62141485
6.641753 1.62141471
6.742386 1.62141457
6.843018 1.62141442
6.943651 1.62141427
7.044283 1.62141411
7.144916 1.62141395
7.245549 1.62141378
7.346181 1.62141361
7.446814 1.62141343
7.547447 1.62141325
7.648079 1.62141306
7.748712 1.62141288
7.849344 1.62141268
7.949977 1.62141248
8.050610 1.62141228
8.151242 1.62141207
8.251875 1.62141186
8.352508 1.62141165
8.453140 1.62141143
8.553773 1.62141120
8.654405 1.62141097
8.755038 1.62141075
8.855671 1.62141051
8.956303 1.62141027
9.056936 1.62141003
9.157568 1.62140979
9.258201 1.62140953
9.358834 1.62140928
9.459466 1.62140903
9.560099 1.62140877
9.660732 1.62140851
9.761364 1.62140825
9.861997 1.62140798
9.962629 1.62140771
10.063262 1.62140744
10.163895 1.62140717
10.264527 1.62140689
10.365160 1.62140662
10.465793 1.62140634
10.566425 1.62140606
10.667058 1.62140578
10.767690 1.62140550
10.868323 1.62140522
10.968956 1.62140494
11.069588 1.62140465
11.170221 1.62140437
11.270853 1.62140408
11.371486 1.62140380
11.472119 1.62140351
11.572751 1.62140323
11.673384 1.62140294
11.774017 1.62140266
11.874649 1.62140237
11.975282 1.62140209
12.075914 1.62140181
12.176547 1.62140153
12.277180 1.62140125
12.377812 1.62140098
12.478445 1.62140070
12.579078 1.62140043
12.679710 1.62140016
12.780343 1.62139990
12.880975 1.62139963
12.981608 1.62139938
13.082241 1.62139912
13.182873 1.62139887
13.283506 1.62139861
13.384139 1.62139837
13.484771 1.62139813
13.585404 1.62139789
13.686036 1.62139766
13.786669 1.62139744
13.887302 1.62139721
13.987934 1.62139700
14.088567 1.62139678
14.189199 1.62139658
14.289832 1.62139638
14.390465 1.62139619
14.491097 1.62139600
14.591730 1.62139582
14.692363 1.62139564
14.792995 1.62139547
14.893628 1.62139531
14.994260 1.62139515
15.094893 1.62139500
15.195526 1.62139486
15.296158 1.62139472
15.396791 1.62139459
15.497424 1.62139447
15.598056 1.62139435
15.698689 1.62139423
15.799321 1.62139413
15.899954 1.62139402
16.000587 1.62139392
16.101219 1.62139382
16.201852 1.62139372
16.302485 1.62139362
16.403117 1.62139352
16.503750 1.62139342
16.604382 1.62139331
16.705015 1.62139319
16.805648 1.62139306
16.906280 1.62139291
17.006913 1.62139275
17.107545 1.62139255
17.208178 1.62139233
17.308811 1.62139207
17.409443 1.62139175
17.510076 1.62139138
17.610709 1.62139094
17.711341 1.62139042
17.811974 1.62138980
17.912606 1.62138906
18.013239 1.62138817
18.113872 1.62138713
18.214504 1.62138588
18.315137 1.62138441
18.415770 1.62138266
18.516402 1.62138059
18.617035 1.62137814
18.717667 1.62137525
18.818300 1.62137184
18.918933 1.62136783
19.019565 1.62136309
19.120198 1.62135752
19.220831 1.62135096
19.321463 1.62134326
19.422096 1.62133421
19.522728 1.62132357
19.623361 1.62131108
19.723994 1.62129642
19.824626 1.62127922
19.925259 1.62125903
20.025891 1.62123533
20.126524 1.62120753
20.227157 1.62117490
20.327789 1.62113661
20.428422 1.62109165
20.529055 1.62103886
20.629687 1.62097684
20.730320 1.62090396
20.830952 1.62081826
20.931585 1.62071743
21.032218 1.62059872
21.132850 1.62045886
21.233483 1.62029390
21.334116 1.62009917
21.434748 1.61986901
21.535381 1.61959664
21.636013 1.61927380
21.736646 1.61889056
21.837279 1.61843471
21.937911 1.61789140
22.038544 1.61724228
22.139177 1.61646471
22.239809 1.61553046
22.340442 1.61440426
22.441074 1.61304157
22.541707 1.61138594
22.642340 1.60936511
22.742972 1.60688609
22.843605 1.60382809
22.944237 1.60003314
23.044870 1.59529304
23.145503 1.58933115
23.246135 1.58177767
23.346768 1.57213395
23.447401 1.55972478
23.548033 1.54362774
23.648666 1.52257964
23.749298 1.49483627
23.849931 1.45798644
23.950564 1.40867472
24.051196 1.34223027
24.151829 1.25212946
24.252462 1.12926300
24.353094 0.96095980
24.453727 0.72954745
24.554359 0.41081107
24.654992 -0.02812174
24.755625 -0.62290909
24.856257 -1.35784323
24.956890 -2.02758226
25.057523 -2.32288673
25.158155 -2.34404114
25.258788 -2.53591455
25.359420 -3.18203402
25.460053 -4.38318187
25.560686 -6.17904525
25.661318 -8.52440290
25.761951 -11.11712034
25.862583 -13.19705820
25.963216 -13.79041028
26.063849 -12.56320149
26.164481 -10.20058472
26.265114 -7.69703343
26.365747 -5.65857632
26.466379 -4.29330238
26.567012 -3.64064120
26.667644 -3.70332165
26.768277 -4.48714532
26.868910 -5.97414377
26.969542 -8.00238722
27.070175 -10.03433189
27.170808 -11.12788101
27.271440 -10.58874048
27.372073 -8.70105551
27.472705 -6.40372051
27.573338 -4.44563438
27.673971 -3.12760609
27.774603 -2.50589502
27.875236 -2.57659708
27.975869 -3.34156525
28.076501 -4.80021588
28.177134 -6.87364100
28.277766 -9.20192213
28.378399 -10.96594319
28.479032 -11.26920187
28.579664 -9.99600304
28.680297 -7.94249565
28.780929 -6.01132777
28.881562 -4.66920218
28.982195 -4.03919191
29.082827 -4.12877511
29.183460 -4.93297077
29.284093 -6.44390542
29.384725 -8.60674949
29.485358 -11.16614461
29.585990 -13.43463381
29.686623 -14.40554281
29.787256 -13.53588200
29.887888 -11.32446309
29.988521 -8.77712259
30.089154 -6.60327875
30.189786 -5.07321857
30.290419 -4.24667364
30.391051 -4.13219790
30.491684 -4.73485763
30.592317 -6.04950714
30.692949 -7.96308298
30.793582 -10.03057677
30.894215 -11.36436742
30.994847 -11.14311730
31.095480 -9.43348508
31.196112 -7.11474037
31.296745 -5.02435612
31.397378 -3.54196156
31.498010 -2.75457195
31.598643 -2.66408113
31.699275 -3.26808118
31.799908 -4.57105289
31.900541 -6.52280163
32.001173 -8.84012017
32.101806 -10.79568788
32.202439 -11.44268869
32.303071 -10.45023363
32.403704 -8.47814063
32.504336 -6.47632353
32.604969 -5.00388762
32.705602 -4.23357548
32.806234 -4.18438527
32.906867 -4.84816080
33.007500 -6.21977568
33.108132 -8.26037310
33.208765 -10.77162343
33.309397 -13.16775001
33.410030 -14.46093198
33.510663 -13.93370433
33.611295 -11.88320805
33.711928 -9.29261736
33.812560 -6.96651247
33.913193 -5.25308496
34.013826 -4.23841808
34.114458 -3.93279954
34.215091 -4.34203783
34.315724 -5.46506423
34.416356 -7.22368903
34.516989 -9.26394568
34.617621 -10.77183252
34.718254 -10.83637933
34.818887 -9.30909797
34.919519 -6.96606419
35.020152 -4.71294463
35.120785 -3.02400537
35.221417 -2.02388952
35.322050 -1.71892549
35.422682 -2.10643130
35.523315 -3.18906302
35.623948 -4.93430018
35.724580 -7.12460668
35.825213 -9.11911406
35.925846 -9.94844974
36.026478 -9.07891458
36.127111 -6.98361879
36.227743 -4.61460320
36.328376 -2.61399322
36.429009 -1.18546706
36.529641 -0.32812343
36.630274 0.01502589
36.730906 -0.02926466
36.831539 -0.13406950
36.932172 0.12548442
37.032804 0.75311967
37.133437 1.42069833
37.234070 1.95974987
37.334702 2.36843840
37.435335 2.67850789
37.535967 2.91636270
37.636600 3.09963919
37.737233 3.23915355
37.837865 3.34124585
37.938498 3.40912507
38.039131 3.44728161
38.139763 3.46068660
38.240396 3.46365232
38.341028 3.46547659
38.441661 3.46700216
38.542294 3.46840386
38.642926 3.46974335
38.743559 3.47104834
38.844192 3.47233287
38.944824 3.47360470
39.045457 3.47486837
39.146089 3.47612667
39.246722 3.47738139
39.347355 3.47863372
39.447987 3.47988451
39.548620 3.48113444
39.649252 3.48238419
39.749885 3.48363460
39.850518 3.48488714
39.951150 3.48614459
40.051783 3.48741328
40.152416 3.48871074
40.253048 3.49010390
40.353681 3.49195942
40.454313 3.49505959
40.554946 3.49917507
40.655579 3.50367297
40.756211 3.50756277
40.856844 3.50933496
40.957477 3.50672529
41.058109 3.49635285
41.158742 3.47312901
41.259374 3.42968124
41.360007 3.35513710
41.460640 3.23526664
41.561272 3.05862298
41.661905 2.83403764
41.762538 2.61744002
41.863170 2.50393478
41.963803 2.55064750
42.064435 2.71527337
42.165068 2.90111524
42.265701 3.03777832
42.366333 3.10153678
42.466966 3.09314667
42.567598 3.01875467
42.668231 2.88311368
42.768864 2.69273741
42.869496 2.46915360
42.970129 2.26677817
43.070762 2.16051504
43.171394 2.17778640
43.272027 2.25496334
43.372659 2.28712802
43.473292 2.19481278
43.573925 1.95082644
43.674557 1.60651999
43.775190 1.31821705
43.875823 1.27568307
43.976455 1.53119581
44.077088 1.94849436
44.177720 2.34828773
44.278353 2.63654112
44.378986 2.79932334
44.479618 2.85117854
44.580251 2.80695346
44.680884 2.67364229
44.781516 2.45072446
44.882149 2.13541788
44.982781 1.73988474
45.083414 1.32893623
45.184047 1.03680443
45.284679 0.98166594
45.385312 1.14923030
45.485944 1.43815150
45.586577 1.76333710
45.687210 2.04990185
45.787842 2.27626200
45.888475 2.49809060
45.989108 2.73620018
46.089740 2.94931777
46.190373 3.11430797
46.291005 3.23639370
46.391638 3.32653374
46.492271 3.39351715
46.592903 3.44350418
46.693536 3.48067116
46.794169 3.50771459
46.894801 3.52638688
46.995434 3.53761986
47.096066 3.54257349
47.196699 3.54447262
47.297332 3.54594513
47.397964 3.54729581
47.498597 3.54859781
47.599230 3.54987578
47.699862 3.55114045
47.800495 3.55239729
47.901127 3.55364931
48.001760 3.55489827
48.102393 3.55614525
48.203025 3.55739091
48.303658 3.55863570
48.404290 3.55987990
48.504923 3.56112369
48.605556 3.56236721
48.706188 3.56361053
48.806821 3.56485372
48.907454 3.56609632
49.008086 3.56733347
49.108719 3.56856471
49.209351 3.56979004
49.309984 3.57100948
49.410617 3.57222303
49.511249 3.57343069
49.611882 3.57463248
49.712515 3.57582839
49.813147 3.57701843
49.913780 3.57820260
50.014412 3.57938089
50.115045 3.58055332
50.215678 3.58171987
50.316310 3.58288056
50.416943 3.58403538
50.517576 3.58518433
50.618208 3.58632741
50.718841 3.58746462
50.819473 3.58859596
50.920106 3.58972144
51.020739 3.59084105
51.121371 3.59195479
51.222004 3.59306266
51.322636 3.59416466
51.423269 3.59526080
51.523902 3.59635107
51.624534 3.59743547
51.725167 3.59851400
51.825800 3.59958666
51.926432 3.60065346
52.027065 3.60171438
52.127697 3.60276944
52.228330 3.60381863
52.328963 3.60486195
52.429595 3.60589941
52.530228 3.60693099
52.630861 3.60795671
52.731493 3.60897656
52.832126 3.60999054
52.932758 3.61099865
53.033391 3.61200089
53.134024 3.61299726
53.234656 3.61398776
53.335289 3.61497240
53.435921 3.61595117
53.536554 3.61692406
53.637187 3.61789109
53.737819 3.61885225
53.838452 3.61980754
53.939085 3.62075696
54.039717 3.62170051
54.140350 3.62263819
54.240982 3.62357000
54.341615 3.62449595
54.442248 3.62541602
54.542880 3.62633022
54.643513 3.62723856
54.744146 3.62814102
54.844778 3.62903762
54.945411 3.62992834
55.046043 3.63081320
55.146676 3.63169218
55.247309 3.63256530
55.347941 3.63343254
55.448574 3.63429392
55.549207 3.63514943
55.649839 3.63599906
55.750472 3.63684283
55.851104 3.63768072
55.951737 3.63851275
56.052370 3.63933890
56.153002 3.64015919
56.253635 3.64097360
56.354267 3.64178214
56.454900 3.64258482
56.555533 3.64338162
56.656165 3.64417255
56.756798 3.64495761
56.857431 3.64573680
56.958063 3.64651012
57.058696 3.64727757
57.159328 3.64803915
57.259961 3.64879486
57.360594 3.64954469
57.461226 3.65028866
57.561859 3.65102675
57.662492 3.65175898
57.763124 3.65248533
57.863757 3.65320581
57.964389 3.65392042
58.065022 3.65462916
58.165655 3.65533203
58.266287 3.65602903
58.366920 3.65672015
58.467553 3.65740540
58.568185 3.65808479
58.668818 3.65875830
58.769450 3.65942594
58.870083 3.66008771
58.970716 3.66074360
59.071348 3.66139363
59.171981 3.66203778
59.272613 3.66267606
59.373246 3.66330847
59.473879 3.66393501
59.574511 3.66455568
59.675144 3.66517047
59.775777 3.66577939
59.876409 3.66638244
59.977042 3.66697962
60.077674 3.66757093
60.178307 3.66815636
60.278940 3.66873593
60.379572 3.66930962
60.480205 3.66987744
60.580838 3.67043938
60.681470 3.67099546
60.782103 3.67154566
60.882735 3.67208999
60.983368 3.67262845
61.084001 3.67316103
61.184633 3.67368774
61.285266 3.67420858
61.385899 3.67472355
61.486531 3.67523265
61.587164 3.67573587
61.687796 3.67623322
61.788429 3.67672470
61.889062 3.67721030
61.989694 3.67769004
62.090327 3.67816390
62.190959 3.67863188
62.291592 3.67909400
62.392225 3.67955024
62.492857 3.68000061
62.593490 3.68044510
62.694123 3.68088373
62.794755 3.68131648
62.895388 3.68174336
62.996020 3.68216436
63.096653 3.68257949
63.197286 3.68298875
63.297918 3.68339214
63.398551 3.68378965
63.499184 3.68418129
63.599816 3.68456706
63.700449 3.68494695
63.801081 3.68532097
63.901714 3.68568912
64.002347 3.68605139
64.102979 3.68640779
64.203612 3.68675832
64.304245 3.68710297
64.404877 3.68744175
64.505510 3.68777466
64.606142 3.68810170
64.706775 3.68842286
64.807408 3.68873814
64.908040 3.68904756
65.008673 3.68935110
65.109305 3.68964877
65.209938 3.68994056
65.310571 3.69022648
65.411203 3.69050653
65.511836 3.69078070
65.612469 3.69104900
65.713101 3.69131142
65.813734 3.69156798
65.914366 3.69181865
66.014999 3.69206346
66.115632 3.69230239
66.216264 3.69253545
66.316897 3.69276263
66.417530 3.69298394
66.518162 3.69319938
66.618795 3.69340894
66.719427 3.69361263
66.820060 3.69381044
66.920693 3.69400238
67.021325 3.69418845
67.121958 3.69436864
67.222591 3.69454296
67.323223 3.69471140
67.423856 3.69487397
67.524488 3.69503067
67.625121 3.69518149
67.725754 3.69532644
67.826386 3.69546551
67.927019 3.69559871
68.027651 3.69572604
68.128284 3.69584749
68.228917 3.69596307
68.329549 3.69607277
68.430182 3.69617660
68.530815 3.69627456
68.631447 3.69636664
68.732080 3.69645284
68.832712 3.69653318
68.933345 3.69660763
69.033978 3.69667622
69.134610 3.69673892
69.235243 3.69679576
69.335876 3.69684672
69.436508 3.69689180
69.537141 3.69693102
69.637773 3.69696435
69.738406 3.69699181
69.839039 3.69701340
69.939671 3.69702961
70.040304 3.69704532
70.140937 3.69706103
70.241569 3.69707674
70.342202 3.69709246
70.442834 3.69710817
70.543467 3.69712388
70.644100 3.69713955
70.744732 3.69715530
