0.100633 1.63345781
0.201265 1.63345979
0.301898 1.63345767
0.402530 1.63345746
0.503163 1.63345748
0.603796 1.63345751
0.704428 1.63345754
0.805061 1.63345757
0.905694 1.63345760
1.006326 1.63345763
1.106959 1.63345767
1.207591 1.63345770
1.308224 1.63345774
1.408857 1.63345778
1.509489 1.63345783
1.610122 1.63345788
1.710755 1.63345793
1.811387 1.63345798
1.912020 1.63345803
2.012652 1.63345809
2.113285 1.63345816
2.213918 1.63345823
2.314550 1.63345830
2.415183 1.63345837
2.515816 1.63345846
2.616448 1.63345854
2.717081 1.63345863
2.817713 1.63345873
2.918346 1.63345883
3.018979 1.63345893
3.119611 1.63345904
3.220244 1.63345916
3.320876 1.63345928
3.421509 1.63345941
3.522142 1.63345955
3.622774 1.63345969
3.723407 1.63345984
3.824040 1.63345999
3.924672 1.63346016
4.025305 1.63346033
4.125937 1.63346050
4.226570 1.63346069
4.327203 1.63346088
4.427835 1.63346108
4.528468 1.63346129
4.629101 1.63346150
4.729733 1.63346173
4.830366 1.63346196
4.930998 1.63346220
5.031631 1.63346245
5.132264 1.63346271
5.232896 1.63346298
5.333529 1.63346326
5.434162 1.63346355
5.534794 1.63346385
5.635427 1.63346415
5.736059 1.63346447
5.836692 1.63346480
5.937325 1.63346514
6.037957 1.63346548
6.138590 1.63346584
6.239222 1.63346621
6.339855 1.63346659
6.440488 1.63346698
6.541120 1.63346738
6.641753 1.63346780
6.742386 1.63346822
6.843018 1.63346866
6.943651 1.63346911
7.044283 1.63346957
7.144916 1.63347004
7.245549 1.63347053
7.346181 1.63347102
7.446814 1.63347153
7.547447 1.63347205
7.648079 1.63347259
7.748712 1.63347313
7.849344 1.63347369
7.949977 1.63347426
8.050610 1.63347485
8.151242 1.63347545
8.251875 1.63347606
8.352508 1.63347669
8.453140 1.63347733
8.553773 1.63347798
8.654405 1.63347865
8.755038 1.63347932
8.855671 1.63348002
8.956303 1.63348073
9.056936 1.63348145
9.157568 1.63348218
9.258201 1.63348294
9.358834 1.63348370
9.459466 1.63348448
9.560099 1.63348527
9.660732 1.63348608
9.761364 1.63348690
9.861997 1.63348774
9.962629 1.63348859
10.063262 1.63348946
10.163895 1.63349034
10.264527 1.63349124
10.365160 1.63349215
10.465793 1.63349307
10.566425 1.63349401
10.667058 1.63349497
10.767690 1.63349594
10.868323 1.63349693
10.968956 1.63349793
11.069588 1.63349895
11.170221 1.63349998
11.270853 1.63350102
11.371486 1.63350208
11.472119 1.63350316
11.572751 1.63350425
11.673384 1.63350536
11.774017 1.63350648
11.874649 1.63350762
11.975282 1.63350877
12.075914 1.63350994
12.176547 1.63351112
12.277180 1.63351232
12.377812 1.63351353
12.478445 1.63351476
12.579078 1.63351600
12.679710 1.63351725
12.780343 1.63351852
12.880975 1.63351981
12.981608 1.63352111
13.082241 1.63352243
13.182873 1.63352375
13.283506 1.63352510
13.384139 1.63352645
13.484771 1.63352783
13.585404 1.63352921
13.686036 1.63353062
13.786669 1.63353203
13.887302 1.63353346
13.987934 1.63353489
14.088567 1.63353635
14.189199 1.63353782
14.289832 1.63353930
14.390465 1.63354079
14.491097 1.63354230
14.591730 1.63354381
14.692363 1.63354535
14.792995 1.63354688
14.893628 1.63354844
14.994260 1.63355000
15.094893 1.63355158
15.195526 1.63355316
15.296158 1.63355476
15.396791 1.63355636
15.497424 1.63355797
15.598056 1.63355959
15.698689 1.63356122
15.799321 1.63356285
15.899954 1.63356449
16.000587 1.63356613
16.101219 1.63356777
16.201852 1.63356941
16.302485 1.63357106
16.403117 1.63357269
16.503750 1.63357433
16.604382 1.63357595
16.705015 1.63357757
16.805648 1.63357916
16.906280 1.63358075
17.006913 1.63358230
17.107545 1.63358383
17.208178 1.63358531
17.308811 1.63358676
17.409443 1.63358814
17.510076 1.63358948
17.610709 1.63359072
17.711341 1.63359189
17.811974 1.63359294
17.912606 1.63359388
18.013239 1.63359466
18.113872 1.63359528
18.214504 1.63359568
18.315137 1.63359586
18.415770 1.63359576
18.516402 1.63359533
18.617035 1.63359452
18.717667 1.63359327
18.818300 1.63359150
18.918933 1.63358912
19.019565 1.63358603
19.120198 1.63358211
19.220831 1.63357721
19.321463 1.63357119
19.422096 1.63356382
19.522728 1.63355490
19.623361 1.63354416
19.723994 1.63353128
19.824626 1.63351590
19.925259 1.63349759
20.025891 1.63347583
20.126524 1.63345004
20.227157 1.63341951
20.327789 1.63338343
20.428422 1.63334078
20.529055 1.63329045
20.629687 1.63323104
20.730320 1.63316095
20.830952 1.63307825
20.931585 1.63298064
21.032218 1.63286541
21.132850 1.63272930
21.233483 1.63256842
21.334116 1.63237812
21.434748 1.63215276
21.535381 1.63188560
21.636013 1.63156842
21.736646 1.63119130
21.837279 1.63074207
21.937911 1.63020587
22.038544 1.62956438
22.139177 1.62879493
22.239809 1.62786928
22.340442 1.62675207
22.441074 1.62539871
22.541707 1.62375258
22.642340 1.62174131
22.742972 1.61927158
22.843605 1.61622238
22.944237 1.61243521
23.044870 1.60770149
23.145503 1.60174377
23.246135 1.59419159
23.346768 1.58454517
23.447401 1.57212823
23.548033 1.55601678
23.648666 1.53494604
23.749298 1.50716963
23.849931 1.47027417
23.950564 1.42090138
24.051196 1.35437751
24.151829 1.26417541
24.252462 1.14118229
24.353094 0.97272309
24.453727 0.74112172
24.554359 0.42215957
24.654992 -0.01703890
24.755625 -0.61213456
24.856257 -1.34742198
24.956890 -2.01756092
25.057523 -2.31294555
25.158155 -2.33433830
25.258788 -2.52653711
25.359420 -3.17303498
25.460053 -4.37459819
25.560686 -6.17090240
25.661318 -8.51670909
25.761951 -11.10985647
25.862583 -13.19016945
25.963216 -13.78380442
26.063849 -12.55676372
26.164481 -10.19420176
26.265114 -7.69060594
26.365747 -5.65202095
26.466379 -4.28655342
26.567012 -3.63365137
26.667644 -3.69606231
26.768277 -4.47960556
26.868910 -5.96633065
26.969542 -7.99433283
27.070175 -10.02610801
27.170808 -11.11961834
27.271440 -10.58063125
27.372073 -8.69332730
27.472705 -6.39660552
27.573338 -4.43933733
27.673971 -3.12226287
27.774603 -2.50155414
27.875236 -2.57325246
27.975869 -3.33916679
28.076501 -4.79864844
28.177134 -6.87272856
28.277766 -9.20145229
28.378399 -10.96567015
28.479032 -11.26885420
28.579664 -9.99533740
28.680297 -7.94134278
28.780929 -6.00958561
28.881562 -4.66679752
28.982195 -4.03604815
29.082827 -4.12479844
29.183460 -4.92804883
29.284093 -6.43790862
29.384725 -8.59953768
29.485358 -11.15758292
29.585990 -13.42461160
29.686623 -14.39398964
29.787256 -13.52278409
29.887888 -11.30987547
29.988521 -8.76116143
30.089154 -6.58608526
30.189786 -5.05490511
30.290419 -4.22727819
30.391051 -4.11164963
30.491684 -4.71293781
30.592317 -6.02581177
30.692949 -7.93699393
30.793582 -10.00122802
30.894215 -11.33063834
30.994847 -11.10371911
31.095480 -9.38720486
31.196112 -7.06067689
31.296745 -4.96187970
31.397378 -3.47047747
31.498010 -2.67331660
31.598643 -2.57214341
31.699275 -3.16454024
31.799908 -4.45484317
31.900541 -6.39243114
32.001173 -8.69355492
32.101806 -10.63030236
32.202439 -11.25523791
32.303071 -10.23692798
32.403704 -8.23482662
32.504336 -6.19862091
32.604969 -4.68724406
32.705602 -3.87332535
32.806234 -3.77594102
32.906867 -4.38755259
33.007500 -5.70486509
33.108132 -7.69299310
33.208765 -10.16029683
33.309397 -12.52949341
33.410030 -13.82026723
33.510663 -13.31891138
33.611295 -11.32066866
33.711928 -8.80195360
33.812560 -6.55880429
33.913193 -4.93219196
34.013826 -4.00383511
34.114458 -3.78237331
34.215091 -4.27375243
34.315724 -5.47799842
34.416356 -7.31840888
34.516989 -9.44243107
34.617621 -11.03692632
34.718254 -11.19029988
34.818887 -9.75051959
34.919519 -7.48669301
35.020152 -5.29569212
35.120785 -3.64447470
35.221417 -2.65515075
35.322050 -2.33744228
35.422682 -2.69600979
35.523315 -3.74162618
35.623948 -5.44909800
35.724580 -7.60598276
35.825213 -9.57441009
35.925846 -10.38660508
36.026478 -9.50905358
36.127111 -7.41346905
36.227743 -5.04960069
36.328376 -3.05753755
36.429009 -1.63967859
36.529641 -0.79442222
36.630274 -0.46452589
36.730906 -0.52339455
36.831539 -0.64446290
36.932172 -0.40350010
37.032804 0.20203647
37.133437 0.84471347
37.234070 1.35762404
37.334702 1.73984445
37.435335 2.02399297
37.535967 2.23724939
37.636600 2.39820448
37.737233 2.51873733
37.837865 2.60585413
37.938498 2.66291343
38.039131 2.69414917
38.139763 2.70405997
38.240396 2.70511780
38.341028 2.70527746
38.441661 2.70522864
38.542294 2.70510155
38.642926 2.70493763
38.743559 2.70475393
38.844192 2.70455856
38.944824 2.70435582
39.045457 2.70414821
39.146089 2.70393726
39.246722 2.70372398
39.347355 2.70350903
39.447987 2.70329290
39.548620 2.70307595
39.649252 2.70285857
39.749885 2.70264130
39.850518 2.70242513
39.951150 2.70221227
40.051783 2.70200811
40.152416 2.70182879
40.253048 2.70173840
40.353681 2.70209345
40.454313 2.70365366
40.554946 2.70618811
40.655579 2.70906726
40.756211 2.71130506
40.856844 2.71139729
40.957477 2.70708567
41.058109 2.69499592
41.158742 2.67004633
41.259374 2.62487078
41.360007 2.54860240
41.460640 2.42701499
41.561272 2.24866308
41.661905 2.02237864
41.762538 1.80409361
41.863170 1.68891863
41.963803 1.73398290
42.064435 1.89697735
42.165068 2.08119382
42.265701 2.21622306
42.366333 2.27832399
42.466966 2.26823845
42.567598 2.19210246
42.668231 2.05466403
42.768864 1.86243867
42.869496 1.63696242
42.970129 1.43266553
43.070762 1.32447135
43.171394 1.33982229
43.272027 1.41510680
43.372659 1.44541823
43.473292 1.35129026
43.573925 1.10552238
43.674557 0.75944590
43.775190 0.46936068
43.875823 0.42501334
43.976455 0.67867869
44.077088 1.09411298
44.177720 1.49204243
44.278353 1.77843386
44.378986 1.93934805
44.479618 1.98931876
44.580251 1.94318362
44.680884 1.80793197
44.781516 1.58304293
44.882149 1.26573864
44.982781 0.86819189
45.083414 0.45523221
45.184047 0.16111272
45.284679 0.10402457
45.385312 0.26967617
45.485944 0.55670487
45.586577 0.87999602
45.687210 1.16464266
45.787842 1.38904183
45.888475 1.60885301
45.989108 1.84488333
46.089740 2.05586333
46.190373 2.21866878
46.291005 2.33853852
46.391638 2.42645126
46.492271 2.49121802
46.592903 2.53902284
46.693536 2.57406829
46.794169 2.59908081
46.894801 2.61584262
46.995434 2.62531127
47.096066 2.62865179
47.196699 2.62902546
47.297332 2.62899629
47.397964 2.62885747
47.498597 2.62867747
47.599230 2.62847832
47.699862 2.62826916
47.800495 2.62805438
47.901127 2.62783630
48.001760 2.62761620
48.102393 2.62739485
48.203025 2.62717270
48.303658 2.62695003
48.404290 2.62672703
48.504923 2.62650379
48.605556 2.62628041
48.706188 2.62605693
48.806821 2.62583337
48.907454 2.62560988
49.008086 2.62538750
49.108719 2.62516635
49.209351 2.62494643
49.309984 2.62472775
49.410617 2.62451032
49.511249 2.62429413
49.611882 2.62407918
49.712515 2.62386549
49.813147 2.62365304
49.913780 2.62344184
50.014412 2.62323189
50.115045 2.62302318
50.215678 2.62281573
50.316310 2.62260952
50.416943 2.62240457
50.517576 2.62220086
50.618208 2.62199841
50.718841 2.62179720
50.819473 2.62159724
50.920106 2.62139853
51.020739 2.62120108
51.121371 2.62100487
51.222004 2.62080991
51.322636 2.62061620
51.423269 2.62042373
51.523902 2.62023252
51.624534 2.62004256
51.725167 2.61985385
51.825800 2.61966638
51.926432 2.61948017
52.027065 2.61929520
52.127697 2.61911149
52.228330 2.61892902
52.328963 2.61874780
52.429595 2.61856784
52.530228 2.61838912
52.630861 2.61821165
52.731493 2.61803543
52.832126 2.61786046
52.932758 2.61768674
53.033391 2.61751427
53.134024 2.61734305
53.234656 2.61717308
53.335289 2.61700435
53.435921 2.61683688
53.536554 2.61667066
53.637187 2.61650568
53.737819 2.61634196
53.838452 2.61617948
53.939085 2.61601826
54.039717 2.61585828
54.140350 2.61569956
54.240982 2.61554208
54.341615 2.61538585
54.442248 2.61523087
54.542880 2.61507715
54.643513 2.61492467
54.744146 2.61477344
54.844778 2.61462346
54.945411 2.61447473
55.046043 2.61432725
55.146676 2.61418102
55.247309 2.61403604
55.347941 2.61389231
55.448574 2.61374983
55.549207 2.61360859
55.649839 2.61346861
55.750472 2.61332988
55.851104 2.61319240
55.951737 2.61305616
56.052370 2.61292118
56.153002 2.61278745
56.253635 2.61265496
56.354267 2.61252373
56.454900 2.61239374
56.555533 2.61226501
56.656165 2.61213753
56.756798 2.61201129
56.857431 2.61188631
56.958063 2.61176257
57.058696 2.61164008
57.159328 2.61151885
57.259961 2.61139886
57.360594 2.61128013
57.461226 2.61116264
57.561859 2.61104641
57.662492 2.61093142
57.763124 2.61081768
57.863757 2.61070520
57.964389 2.61059396
58.065022 2.61048398
58.165655 2.61037524
58.266287 2.61026775
58.366920 2.61016152
58.467553 2.61005653
58.568185 2.60995280
58.668818 2.60985031
58.769450 2.60974907
58.870083 2.60964909
58.970716 2.60955035
59.071348 2.60945287
59.171981 2.60935663
59.272613 2.60926165
59.373246 2.60916791
59.473879 2.60907543
59.574511 2.60898419
59.675144 2.60889421
59.775777 2.60880547
59.876409 2.60871799
59.977042 2.60863175
60.077674 2.60854677
60.178307 2.60846304
60.278940 2.60838055
60.379572 2.60829932
60.480205 2.60821934
60.580838 2.60814060
60.681470 2.60806312
60.782103 2.60798689
60.882735 2.60791191
60.983368 2.60783818
61.084001 2.60776570
61.184633 2.60769447
61.285266 2.60762449
61.385899 2.60755576
61.486531 2.60748828
61.587164 2.60742205
61.687796 2.60735707
61.788429 2.60729334
61.889062 2.60723087
61.989694 2.60716964
62.090327 2.60710966
62.190959 2.60705094
62.291592 2.60699346
62.392225 2.60693724
62.492857 2.60688226
62.593490 2.60682854
62.694123 2.60677607
62.794755 2.60672484
62.895388 2.60667487
62.996020 2.60662615
63.096653 2.60657868
63.197286 2.60653246
63.297918 2.60648749
63.398551 2.60644377
63.499184 2.60640130
63.599816 2.60636009
63.700449 2.60632012
63.801081 2.60628141
63.901714 2.60624394
64.002347 2.60620773
64.102979 2.60617276
64.203612 2.60613905
64.304245 2.60610659
64.404877 2.60607538
64.505510 2.60604541
64.606142 2.60601670
64.706775 2.60598925
64.807408 2.60596304
64.908040 2.60593808
65.008673 2.60591437
65.109305 2.60589192
65.209938 2.60587071
65.310571 2.60585076
65.411203 2.60583206
65.511836 2.60581461
65.612469 2.60579840
65.713101 2.60578345
65.813734 2.60576976
65.914366 2.60575731
66.014999 2.60574611
66.115632 2.60573616
66.216264 2.60572747
66.316897 2.60572002
66.417530 2.60571383
66.518162 2.60570889
66.618795 2.60570520
66.719427 2.60570276
66.820060 2.60570157
66.920693 2.60570163
67.021325 2.60570295
67.121958 2.60570551
67.222591 2.60570933
67.323223 2.60571439
67.423856 2.60572071
67.524488 2.60572828
67.625121 2.60573710
67.725754 2.60574717
67.826386 2.60575850
67.927019 2.60577107
68.027651 2.60578489
68.128284 2.60579997
68.228917 2.60581630
68.329549 2.60583388
68.430182 2.60585271
68.530815 2.60587279
68.631447 2.60589412
68.732080 2.60591671
68.832712 2.60594054
68.933345 2.60596563
69.033978 2.60599197
69.134610 2.60601956
69.235243 2.60604840
69.335876 2.60607849
69.436508 2.60610983
69.537141 2.60614243
69.637773 2.60617628
69.738406 2.60621138
69.839039 2.60624773
69.939671 2.60628522
70.040304 2.60632282
70.140937 2.60636042
70.241569 2.60639802
70.342202 2.60643562
70.442834 2.60647323
70.543467 2.60651083
70.644100 2.60654843
70.744732 2.60658603
