0.100633 1.63372346
0.201265 1.63372582
0.301898 1.63372328
0.402530 1.63372304
0.503163 1.63372307
0.603796 1.63372310
0.704428 1.63372314
0.805061 1.63372318
0.905694 1.63372321
1.006326 1.63372325
1.106959 1.63372328
1.207591 1.63372332
1.308224 1.63372336
1.408857 1.63372339
1.509489 1.63372343
1.610122 1.63372347
1.710755 1.63372350
1.811387 1.63372354
1.912020 1.63372358
2.012652 1.63372362
2.113285 1.63372366
2.213918 1.63372370
2.314550 1.63372373
2.415183 1.63372377
2.515816 1.63372381
2.616448 1.63372385
2.717081 1.63372389
2.817713 1.63372393
2.918346 1.63372397
3.018979 1.63372401
3.119611 1.63372405
3.220244 1.63372409
3.320876 1.63372413
3.421509 1.63372417
3.522142 1.63372421
3.622774 1.63372426
3.723407 1.63372430
3.824040 1.63372434
3.924672 1.63372438
4.025305 1.63372442
4.125937 1.63372446
4.226570 1.63372451
4.327203 1.63372455
4.427835 1.63372459
4.528468 1.63372463
4.629101 1.63372468
4.729733 1.63372471
4.830366 1.63372476
4.930998 1.63372480
5.031631 1.63372484
5.132264 1.63372488
5.232896 1.63372492
5.333529 1.63372496
5.434162 1.63372500
5.534794 1.63372504
5.635427 1.63372508
5.736059 1.63372512
5.836692 1.63372516
5.937325 1.63372519
6.037957 1.63372523
6.138590 1.63372527
6.239222 1.63372530
6.339855 1.63372534
6.440488 1.63372537
6.541120 1.63372540
6.641753 1.63372544
6.742386 1.63372547
6.843018 1.63372550
6.943651 1.63372552
7.044283 1.63372555
7.144916 1.63372558
7.245549 1.63372560
7.346181 1.63372562
7.446814 1.63372565
7.547447 1.63372567
7.648079 1.63372569
7.748712 1.63372570
7.849344 1.63372572
7.949977 1.63372573
8.050610 1.63372574
8.151242 1.63372575
8.251875 1.63372576
8.352508 1.63372577
8.453140 1.63372577
8.553773 1.63372577
8.654405 1.63372577
8.755038 1.63372577
8.855671 1.63372576
8.956303 1.63372575
9.056936 1.63372575
9.157568 1.63372573
9.258201 1.63372572
9.358834 1.63372570
9.459466 1.63372568
9.560099 1.63372566
9.660732 1.63372563
9.761364 1.63372560
9.861997 1.63372557
9.962629 1.63372554
10.063262 1.63372550
10.163895 1.63372546
10.264527 1.63372542
10.365160 1.63372537
10.465793 1.63372532
10.566425 1.63372527
10.667058 1.63372521
10.767690 1.63372515
10.868323 1.63372509
10.968956 1.63372503
11.069588 1.63372496
11.170221 1.63372489
11.270853 1.63372482
11.371486 1.63372474
11.472119 1.63372466
11.572751 1.63372458
11.673384 1.63372449
11.774017 1.63372440
11.874649 1.63372431
11.975282 1.63372422
12.075914 1.63372412
12.176547 1.63372402
12.277180 1.63372392
12.377812 1.63372381
12.478445 1.63372371
12.579078 1.63372360
12.679710 1.63372348
12.780343 1.63372337
12.880975 1.63372325
12.981608 1.63372313
13.082241 1.63372301
13.182873 1.63372289
13.283506 1.63372276
13.384139 1.63372263
13.484771 1.63372250
13.585404 1.63372237
13.686036 1.63372224
13.786669 1.63372211
13.887302 1.63372197
13.987934 1.63372184
14.088567 1.63372169
14.189199 1.63372156
14.289832 1.63372142
14.390465 1.63372128
14.491097 1.63372114
14.591730 1.63372100
14.692363 1.63372085
14.792995 1.63372072
14.893628 1.63372057
14.994260 1.63372043
15.094893 1.63372028
15.195526 1.63372014
15.296158 1.63371999
15.396791 1.63371985
15.497424 1.63371970
15.598056 1.63371955
15.698689 1.63371940
15.799321 1.63371925
15.899954 1.63371909
16.000587 1.63371894
16.101219 1.63371876
16.201852 1.63371860
16.302485 1.63371842
16.403117 1.63371824
16.503750 1.63371803
16.604382 1.63371783
16.705015 1.63371760
16.805648 1.63371736
16.906280 1.63371709
17.006913 1.63371680
17.107545 1.63371647
17.208178 1.63371611
17.308811 1.63371569
17.409443 1.63371524
17.510076 1.63371470
17.610709 1.63371411
17.711341 1.63371341
17.811974 1.63371263
17.912606 1.63371170
18.013239 1.63371065
18.113872 1.63370941
18.214504 1.63370800
18.315137 1.63370632
18.415770 1.63370440
18.516402 1.63370213
18.617035 1.63369952
18.717667 1.63369644
18.818300 1.63369287
18.918933 1.63368867
19.019565 1.63368380
19.120198 1.63367807
19.220831 1.63367141
19.321463 1.63366358
19.422096 1.63365446
19.522728 1.63364375
19.623361 1.63363125
19.723994 1.63361659
19.824626 1.63359946
19.925259 1.63357936
20.025891 1.63355586
20.126524 1.63352828
20.227157 1.63349599
20.327789 1.63345808
20.428422 1.63341365
20.529055 1.63336147
20.629687 1.63330023
20.730320 1.63322823
20.830952 1.63314361
20.931585 1.63304402
21.032218 1.63292678
21.132850 1.63278855
21.233483 1.63262552
21.334116 1.63243293
21.434748 1.63220522
21.535381 1.63193554
21.636013 1.63161575
21.736646 1.63123579
21.837279 1.63078360
21.937911 1.63024417
22.038544 1.62959926
22.139177 1.62882607
22.239809 1.62789643
22.340442 1.62677485
22.441074 1.62541679
22.541707 1.62376550
22.642340 1.62174867
22.742972 1.61927285
22.843605 1.61621707
22.944237 1.61242275
23.044870 1.60768131
23.145503 1.60171526
23.246135 1.59415417
23.346768 1.58449822
23.447401 1.57207119
23.548033 1.55594914
23.648666 1.53486738
23.749298 1.50707969
23.849931 1.47017283
23.950564 1.42078883
24.051196 1.35425421
24.151829 1.26404234
24.252462 1.14104079
24.353094 0.97257533
24.453727 0.74097031
24.554359 0.42200821
24.654992 -0.01718606
24.755625 -0.61227209
24.856257 -1.34754437
24.956890 -2.01766169
25.057523 -2.31308442
25.158155 -2.33449206
25.258788 -2.52669714
25.359420 -3.17319893
25.460053 -4.37476744
25.560686 -6.17107954
25.661318 -8.51689938
25.761951 -11.11006862
25.862583 -13.19041800
25.963216 -13.78410963
26.063849 -12.55714814
26.164481 -10.19468220
26.265114 -7.69119116
26.365747 -5.65271151
26.466379 -4.28734481
26.567012 -3.63453427
26.667644 -3.69702468
26.768277 -4.48063277
26.868910 -5.96740577
26.969542 -7.99543564
27.070175 -10.02721218
27.170808 -11.12068953
27.271440 -10.58162765
27.372073 -8.69420729
27.472705 -6.39733265
27.573338 -4.43988488
27.673971 -3.12262060
27.774603 -2.50172984
27.875236 -2.57326599
27.975869 -3.33904602
28.076501 -4.79842912
28.177134 -6.87244907
28.277766 -9.20114321
28.378399 -10.96534604
28.479032 -11.26850796
28.579664 -9.99494362
28.680297 -7.94086427
28.780929 -6.00897983
28.881562 -4.66602089
28.982195 -4.03505707
29.082827 -4.12355199
29.183460 -4.92650989
29.284093 -6.43604669
29.384725 -8.59733276
29.485358 -11.15502927
29.585990 -13.42172400
29.686623 -14.39080417
29.787256 -13.51935249
29.887888 -11.30625104
29.988521 -8.75738871
30.089154 -6.58219641
30.189786 -5.05092051
30.290419 -4.22320912
30.391051 -4.10750247
30.491684 -4.70872135
30.592317 -6.02154500
30.692949 -7.93271292
30.793582 -9.99699285
30.894215 -11.32653306
30.994847 -11.09984239
31.095480 -9.38364462
31.196112 -7.05748734
31.296745 -4.95907845
31.397378 -3.46805422
31.498010 -2.67123780
31.598643 -2.57034331
31.699275 -3.16291957
31.799908 -4.45327494
31.900541 -6.39075005
32.001173 -8.69153518
32.101806 -10.62763840
32.202439 -11.25153963
32.303071 -10.23176198
32.403704 -8.22778605
32.504336 -6.18934586
32.604969 -4.67539422
32.705602 -3.85854828
32.806234 -3.75783415
32.906867 -4.36562007
33.007500 -5.67846279
33.108132 -7.66124294
33.208765 -10.12195985
33.309397 -12.48300029
33.410030 -13.76407648
33.510663 -13.25146776
33.611295 -11.24039281
33.711928 -8.70726048
33.812560 -6.44806217
33.913193 -4.80364442
34.013826 -3.85549188
34.114458 -3.61187638
34.215091 -4.07821255
34.315724 -5.25379128
34.416356 -7.06100201
34.516989 -9.14639645
34.617621 -10.69642072
34.718254 -10.80059463
34.818887 -9.31086684
34.919519 -7.00360655
35.020152 -4.78481299
35.120785 -3.12939077
35.221417 -2.16302199
35.322050 -1.89325249
35.422682 -2.31825404
35.523315 -3.44118598
35.623948 -5.23084230
35.724580 -7.47136922
35.825213 -9.52371844
35.925846 -10.42028454
36.026478 -9.62817570
36.127111 -7.61952458
36.227743 -5.34400307
36.328376 -3.44088673
36.429009 -2.11034436
36.529641 -1.34617174
36.630274 -1.08401013
36.730906 -1.18919088
36.831539 -1.32914444
36.932172 -1.07831268
37.032804 -0.43758895
37.133437 0.25723563
37.234070 0.83018652
37.334702 1.27419155
37.435335 1.61861474
37.535967 1.88939081
37.636600 2.10489756
37.737233 2.27704315
37.837865 2.41305155
37.938498 2.51633764
38.039131 2.58917839
38.139763 2.63284235
38.240396 2.65959194
38.341028 2.67985881
38.441661 2.69498679
38.542294 2.70537945
38.642926 2.71126184
38.743559 2.71349033
38.844192 2.71458867
38.944824 2.71539575
39.045457 2.71610313
39.146089 2.71676589
39.246722 2.71740532
39.347355 2.71803153
39.447987 2.71864998
39.548620 2.71926392
39.649252 2.71987555
39.749885 2.72048673
39.850518 2.72109960
39.951150 2.72171750
40.051783 2.72234725
40.152416 2.72300685
40.253048 2.72376391
40.353681 2.72498639
40.454313 2.72745475
40.554946 2.73093528
40.655579 2.73479165
40.756211 2.73803127
40.856844 2.73914359
40.957477 2.73586431
41.058109 2.72481322
41.158742 2.70090304
41.259374 2.65676289
41.360007 2.58152212
41.460640 2.46095249
41.561272 2.28360816
41.661905 2.05832155
41.762538 1.84102319
41.863170 1.72681931
41.963803 1.77283617
42.064435 1.93676765
42.165068 2.12191343
42.265701 2.25787432
42.366333 2.32091962
42.466966 2.31180068
42.567598 2.23666067
42.668231 2.10025101
42.768864 1.90908636
42.869496 1.68469754
42.970129 1.48150570
43.070762 1.37442167
43.171394 1.39087494
43.272027 1.46724301
43.372659 1.49861231
43.473292 1.40551592
43.573925 1.16075929
43.674557 0.81568616
43.775190 0.52661108
43.875823 0.48329218
43.976455 0.73800618
44.077088 1.15449910
44.177720 1.55348683
44.278353 1.84093517
44.378986 2.00290957
44.479618 2.05394992
44.580251 2.00889920
44.680884 1.87474955
44.781516 1.65098022
44.882149 1.33481075
44.982781 0.93840755
45.083414 0.52658902
45.184047 0.23359549
45.284679 0.17760921
45.385312 0.34433946
45.485944 0.63243389
45.586577 0.95679152
45.687210 1.24251869
45.787842 1.46802407
45.888475 1.68897545
45.989108 1.92618314
46.089740 2.13837565
46.190373 2.30242197
46.291005 2.42355146
46.391638 2.51273095
46.492271 2.57875839
46.592903 2.62780377
46.693536 2.66405412
46.794169 2.69021828
46.894801 2.70806089
46.995434 2.71852452
47.096066 2.72277124
47.196699 2.72400007
47.297332 2.72481258
47.397964 2.72550865
47.498597 2.72615938
47.599230 2.72678826
47.699862 2.72740530
47.800495 2.72801548
47.901127 2.72862152
48.001760 2.72922496
48.102393 2.72982673
48.203025 2.73042741
48.303658 2.73102738
48.404290 2.73162686
48.504923 2.73222601
48.605556 2.73282494
48.706188 2.73342372
48.806821 2.73402239
48.907454 2.73462075
49.008086 2.73521657
49.108719 2.73580963
49.209351 2.73639995
49.309984 2.73698753
49.410617 2.73757237
49.511249 2.73815449
49.611882 2.73873388
49.712515 2.73931055
49.813147 2.73988449
49.913780 2.74045571
50.014412 2.74102421
50.115045 2.74159000
50.215678 2.74215306
50.316310 2.74271340
50.416943 2.74327102
50.517576 2.74382592
50.618208 2.74437811
50.718841 2.74492757
50.819473 2.74547432
50.920106 2.74601834
51.020739 2.74655965
51.121371 2.74709824
51.222004 2.74763411
51.322636 2.74816726
51.423269 2.74869769
51.523902 2.74922541
51.624534 2.74975040
51.725167 2.75027268
51.825800 2.75079223
51.926432 2.75130907
52.027065 2.75182319
52.127697 2.75233458
52.228330 2.75284326
52.328963 2.75334922
52.429595 2.75385247
52.530228 2.75435299
52.630861 2.75485079
52.731493 2.75534587
52.832126 2.75583824
52.932758 2.75632788
53.033391 2.75681481
53.134024 2.75729902
53.234656 2.75778050
53.335289 2.75825927
53.435921 2.75873532
53.536554 2.75920865
53.637187 2.75967926
53.737819 2.76014715
53.838452 2.76061232
53.939085 2.76107477
54.039717 2.76153450
54.140350 2.76199151
54.240982 2.76244581
54.341615 2.76289738
54.442248 2.76334623
54.542880 2.76379236
54.643513 2.76423578
54.744146 2.76467647
54.844778 2.76511445
54.945411 2.76554970
55.046043 2.76598224
55.146676 2.76641205
55.247309 2.76683915
55.347941 2.76726353
55.448574 2.76768518
55.549207 2.76810412
55.649839 2.76852034
55.750472 2.76893383
55.851104 2.76934461
55.951737 2.76975267
56.052370 2.77015801
56.153002 2.77056062
56.253635 2.77096052
56.354267 2.77135770
56.454900 2.77175216
56.555533 2.77214390
56.656165 2.77253291
56.756798 2.77291921
56.857431 2.77330279
56.958063 2.77368365
57.058696 2.77406179
57.159328 2.77443721
57.259961 2.77480991
57.360594 2.77517988
57.461226 2.77554714
57.561859 2.77591168
57.662492 2.77627350
57.763124 2.77663260
57.863757 2.77698898
57.964389 2.77734264
58.065022 2.77769358
58.165655 2.77804180
58.266287 2.77838729
58.366920 2.77873007
58.467553 2.77907013
58.568185 2.77940747
58.668818 2.77974209
58.769450 2.78007399
58.870083 2.78040317
58.970716 2.78072962
59.071348 2.78105336
59.171981 2.78137438
59.272613 2.78169268
59.373246 2.78200826
59.473879 2.78232112
59.574511 2.78263125
59.675144 2.78293867
59.775777 2.78324337
59.876409 2.78354535
59.977042 2.78384460
60.077674 2.78414114
60.178307 2.78443496
60.278940 2.78472606
60.379572 2.78501443
60.480205 2.78530009
60.580838 2.78558303
60.681470 2.78586324
60.782103 2.78614074
60.882735 2.78641552
60.983368 2.78668757
61.084001 2.78695691
61.184633 2.78722353
61.285266 2.78748742
61.385899 2.78774860
61.486531 2.78800705
61.587164 2.78826279
61.687796 2.78851581
61.788429 2.78876610
61.889062 2.78901368
61.989694 2.78925853
62.090327 2.78950067
62.190959 2.78974008
62.291592 2.78997678
62.392225 2.79021075
62.492857 2.79044201
62.593490 2.79067054
62.694123 2.79089636
62.794755 2.79111945
62.895388 2.79133983
62.996020 2.79155748
63.096653 2.79177242
63.197286 2.79198463
63.297918 2.79219413
63.398551 2.79240090
63.499184 2.79260496
63.599816 2.79280629
63.700449 2.79300491
63.801081 2.79320080
63.901714 2.79339397
64.002347 2.79358443
64.102979 2.79377216
64.203612 2.79395718
64.304245 2.79413947
64.404877 2.79431905
64.505510 2.79449590
64.606142 2.79467003
64.706775 2.79484145
64.807408 2.79501014
64.908040 2.79517612
65.008673 2.79533937
65.109305 2.79549990
65.209938 2.79565772
65.310571 2.79581281
65.411203 2.79596519
65.511836 2.79611484
65.612469 2.79626178
65.713101 2.79640599
65.813734 2.79654749
65.914366 2.79668626
66.014999 2.79682231
66.115632 2.79695565
66.216264 2.79708626
66.316897 2.79721416
66.417530 2.79733933
66.518162 2.79746179
66.618795 2.79758153
66.719427 2.79769854
66.820060 2.79781284
66.920693 2.79792441
67.021325 2.79803327
67.121958 2.79813940
67.222591 2.79824282
67.323223 2.79834352
67.423856 2.79844149
67.524488 2.79853675
67.625121 2.79862929
67.725754 2.79871910
67.826386 2.79880620
67.927019 2.79889058
68.027651 2.79897224
68.128284 2.79905117
68.228917 2.79912739
68.329549 2.79920089
68.430182 2.79927167
68.530815 2.79933973
68.631447 2.79940507
68.732080 2.79946769
68.832712 2.79952759
68.933345 2.79958477
69.033978 2.79963923
69.134610 2.79969097
69.235243 2.79973999
69.335876 2.79978629
69.436508 2.79982987
69.537141 2.79987073
69.637773 2.79990887
69.738406 2.79994429
69.839039 2.79997700
69.939671 2.80000721
70.040304 2.80003719
70.140937 2.80006717
70.241569 2.80009716
70.342202 2.80012714
70.442834 2.80015712
70.543467 2.80018710
70.644100 2.80021708
70.744732 2.80024707
