0.100633 1.64378291
0.201265 1.64378241
0.301898 1.64378295
0.402530 1.64378301
0.503163 1.64378302
0.603796 1.64378301
0.704428 1.64378301
0.805061 1.64378300
0.905694 1.64378299
1.006326 1.64378297
1.106959 1.64378295
1.207591 1.64378292
1.308224 1.64378289
1.408857 1.64378285
1.509489 1.64378281
1.610122 1.64378275
1.710755 1.64378269
1.811387 1.64378262
1.912020 1.64378255
2.012652 1.64378246
2.113285 1.64378236
2.213918 1.64378226
2.314550 1.64378214
2.415183 1.64378201
2.515816 1.64378187
2.616448 1.64378172
2.717081 1.64378156
2.817713 1.64378138
2.918346 1.64378119
3.018979 1.64378099
3.119611 1.64378077
3.220244 1.64378053
3.320876 1.64378029
3.421509 1.64378002
3.522142 1.64377974
3.622774 1.64377944
3.723407 1.64377913
3.824040 1.64377880
3.924672 1.64377845
4.025305 1.64377808
4.125937 1.64377770
4.226570 1.64377729
4.327203 1.64377687
4.427835 1.64377642
4.528468 1.64377596
4.629101 1.64377547
4.729733 1.64377496
4.830366 1.64377443
4.930998 1.64377388
5.031631 1.64377331
5.132264 1.64377271
5.232896 1.64377209
5.333529 1.64377144
5.434162 1.64377077
5.534794 1.64377008
5.635427 1.64376936
5.736059 1.64376862
5.836692 1.64376785
5.937325 1.64376705
6.037957 1.64376623
6.138590 1.64376538
6.239222 1.64376450
6.339855 1.64376360
6.440488 1.64376266
6.541120 1.64376170
6.641753 1.64376071
6.742386 1.64375969
6.843018 1.64375864
6.943651 1.64375757
7.044283 1.64375646
7.144916 1.64375532
7.245549 1.64375415
7.346181 1.64375295
7.446814 1.64375172
7.547447 1.64375045
7.648079 1.64374916
7.748712 1.64374783
7.849344 1.64374647
7.949977 1.64374508
8.050610 1.64374365
8.151242 1.64374219
8.251875 1.64374069
8.352508 1.64373917
8.453140 1.64373760
8.553773 1.64373601
8.654405 1.64373438
8.755038 1.64373271
8.855671 1.64373101
8.956303 1.64372927
9.056936 1.64372750
9.157568 1.64372569
9.258201 1.64372385
9.358834 1.64372197
9.459466 1.64372005
9.560099 1.64371810
9.660732 1.64371611
9.761364 1.64371408
9.861997 1.64371201
9.962629 1.64370992
10.063262 1.64370777
10.163895 1.64370560
10.264527 1.64370338
10.365160 1.64370114
10.465793 1.64369884
10.566425 1.64369652
10.667058 1.64369415
10.767690 1.64369175
10.868323 1.64368931
10.968956 1.64368683
11.069588 1.64368431
11.170221 1.64368176
11.270853 1.64367916
11.371486 1.64367653
11.472119 1.64367385
11.572751 1.64367115
11.673384 1.64366839
11.774017 1.64366561
11.874649 1.64366278
11.975282 1.64365992
12.075914 1.64365701
12.176547 1.64365408
12.277180 1.64365109
12.377812 1.64364808
12.478445 1.64364502
12.579078 1.64364193
12.679710 1.64363879
12.780343 1.64363563
12.880975 1.64363242
12.981608 1.64362918
13.082241 1.64362589
13.182873 1.64362257
13.283506 1.64361921
13.384139 1.64361582
13.484771 1.64361238
13.585404 1.64360892
13.686036 1.64360541
13.786669 1.64360187
13.887302 1.64359829
13.987934 1.64359468
14.088567 1.64359102
14.189199 1.64358734
14.289832 1.64358361
14.390465 1.64357986
14.491097 1.64357606
14.591730 1.64357224
14.692363 1.64356836
14.792995 1.64356447
14.893628 1.64356053
14.994260 1.64355657
15.094893 1.64355255
15.195526 1.64354852
15.296158 1.64354444
15.396791 1.64354034
15.497424 1.64353619
15.598056 1.64353202
15.698689 1.64352779
15.799321 1.64352355
15.899954 1.64351926
16.000587 1.64351494
16.101219 1.64351057
16.201852 1.64350618
16.302485 1.64350173
16.403117 1.64349726
16.503750 1.64349273
16.604382 1.64348817
16.705015 1.64348355
16.805648 1.64347889
16.906280 1.64347417
17.006913 1.64346940
17.107545 1.64346456
17.208178 1.64345966
17.308811 1.64345468
17.409443 1.64344963
17.510076 1.64344447
17.610709 1.64343922
17.711341 1.64343385
17.811974 1.64342836
17.912606 1.64342272
18.013239 1.64341692
18.113872 1.64341091
18.214504 1.64340471
18.315137 1.64339824
18.415770 1.64339149
18.516402 1.64338440
18.617035 1.64337694
18.717667 1.64336902
18.818300 1.64336060
18.918933 1.64335156
19.019565 1.64334184
19.120198 1.64333129
19.220831 1.64331981
19.321463 1.64330720
19.422096 1.64329332
19.522728 1.64327791
19.623361 1.64326075
19.723994 1.64324151
19.824626 1.64321985
19.925259 1.64319535
20.025891 1.64316753
20.126524 1.64313578
20.227157 1.64309945
20.327789 1.64305772
20.428422 1.64300964
20.529055 1.64295407
20.629687 1.64288969
20.730320 1.64281489
20.830952 1.64272781
20.931585 1.64262618
21.032218 1.64250734
21.132850 1.64236807
21.233483 1.64220456
21.334116 1.64201218
21.434748 1.64178540
21.535381 1.64151751
21.636013 1.64120042
21.736646 1.64082424
21.837279 1.64037693
21.937911 1.63984369
22.038544 1.63920632
22.139177 1.63844222
22.239809 1.63752328
22.340442 1.63641422
22.441074 1.63507056
22.541707 1.63343573
22.642340 1.63143745
22.742972 1.62898245
22.843605 1.62594973
22.944237 1.62218079
23.044870 1.61746696
23.145503 1.61153068
23.246135 1.60400128
23.346768 1.59437867
23.447401 1.58198614
23.548033 1.56589915
23.648666 1.54485214
23.749298 1.51709784
23.849931 1.48022160
23.950564 1.43086374
24.051196 1.36434865
24.151829 1.27414709
24.252462 1.15114365
24.353094 0.98266048
24.453727 0.75101806
24.554359 0.43199431
24.654992 -0.00729037
24.755625 -0.60250062
24.856257 -1.33793518
24.956890 -2.00825679
25.057523 -2.30345608
25.158155 -2.32481596
25.258788 -2.51705504
25.359420 -3.16363046
25.460053 -4.36529700
25.560686 -6.16172863
25.661318 -8.50768704
25.761951 -11.10100908
25.862583 -13.18151760
25.963216 -13.77536572
26.063849 -12.54854893
26.164481 -10.18620846
26.265114 -7.68281845
26.365747 -5.64441420
26.466379 -4.27909846
26.567012 -3.62631793
26.667644 -3.68881978
26.768277 -4.47241946
26.868910 -5.95916011
26.969542 -7.98713449
27.070175 -10.01885033
27.170808 -11.11230369
27.271440 -10.57331242
27.372073 -8.68610840
27.472705 -6.38962716
27.573338 -4.43274573
27.673971 -3.11616398
27.774603 -2.49598873
27.875236 -2.56823122
27.975869 -3.33468194
28.076501 -4.79464631
28.177134 -6.86910537
28.277766 -9.19807829
28.378399 -10.96239700
28.479032 -11.26551868
28.579664 -9.99178823
28.680297 -7.93746228
28.780929 -6.00528402
28.881562 -4.66199604
28.982195 -4.03066784
29.082827 -4.11876253
29.183460 -4.92128683
29.284093 -6.43035994
29.384725 -8.59115493
29.485358 -11.14833750
29.585990 -13.41450335
29.686623 -14.38305319
29.787256 -13.51108592
29.887888 -11.29750285
29.988521 -8.74821470
30.089154 -6.57267397
30.189786 -5.04114089
30.290419 -4.21326551
30.391051 -4.09747445
30.491684 -4.69865187
30.592317 -6.01141485
30.692949 -7.92242057
30.793582 -9.98634223
30.894215 -11.31523950
30.994847 -11.08756838
31.095480 -9.37008162
31.196112 -7.04243312
31.296745 -4.94243598
31.397378 -3.44977455
31.498010 -2.65127986
31.598643 -2.54870518
31.699275 -3.13966565
31.799908 -4.42850230
31.900541 -6.36456334
32.001173 -8.66409659
32.101806 -10.59922333
32.202439 -11.22256007
32.303071 -10.20270436
32.403704 -8.19909670
32.504336 -6.16140287
32.604969 -4.64856269
32.705602 -3.83324625
32.806234 -3.73460680
32.906867 -4.34521556
33.007500 -5.66190735
33.108132 -7.64994146
33.208765 -10.11782077
33.309397 -12.48838474
33.410030 -13.78144092
33.510663 -13.28329800
33.611295 -11.28896657
33.711928 -8.77450545
33.812560 -6.53568773
33.913193 -4.91336932
34.013826 -3.98929408
34.114458 -3.77221437
34.215091 -4.26822100
34.315724 -5.47750083
34.416356 -7.32350576
34.516989 -9.45379182
34.617621 -11.05531623
34.718254 -11.21654803
34.818887 -9.78530929
34.919519 -7.53034671
35.020152 -5.34820635
35.120785 -3.70576654
35.221417 -2.72537339
35.322050 -2.41717081
35.422682 -2.78606747
35.523315 -3.84279538
35.623948 -5.56264772
35.724580 -7.73405797
35.825213 -9.72026865
35.925846 -10.55463142
36.026478 -9.70405360
36.127111 -7.63939044
36.227743 -5.30868363
36.328376 -3.35047325
36.429009 -1.96626566
36.529641 -1.15407754
36.630274 -0.85667550
36.730906 -0.94783090
36.831539 -1.10139998
36.932172 -0.89333903
37.032804 -0.32063945
37.133437 0.28932268
37.234070 0.76948674
37.334702 1.11928260
37.435335 1.37201895
37.535967 1.55561271
37.636600 1.68968090
37.737233 1.78730522
37.837865 1.85628120
37.938498 1.90017393
38.039131 1.92292676
38.139763 1.92847850
38.240396 1.92709651
38.341028 1.92511541
38.441661 1.92303794
38.542294 1.92093893
38.642926 1.91883452
38.743559 1.91672838
38.844192 1.91462113
38.944824 1.91251275
39.045457 1.91040317
39.146089 1.90829240
39.246722 1.90618046
39.347355 1.90406741
39.447987 1.90195325
39.548620 1.89983798
39.649252 1.89772161
39.749885 1.89560421
39.850518 1.89348616
39.951150 1.89136875
40.051783 1.88925605
40.152416 1.88716211
40.253048 1.88514687
40.353681 1.88355202
40.454313 1.88310490
40.554946 1.88357383
40.655579 1.88433517
40.756211 1.88441007
40.856844 1.88230238
40.957477 1.87576259
41.058109 1.86142602
41.158742 1.83422056
41.259374 1.78678908
41.360007 1.70827198
41.460640 1.58444786
41.561272 1.40387259
41.661905 1.17537823
41.762538 0.95489969
41.863170 0.83755545
41.963803 0.88047972
42.064435 1.04135796
42.165068 1.22346755
42.265701 1.35638005
42.366333 1.41633389
42.466966 1.40405185
42.567598 1.32565555
42.668231 1.18588629
42.768864 0.99126181
42.869496 0.76332901
42.970129 0.55653701
43.070762 0.44583491
43.171394 0.45869194
43.272027 0.53151984
43.372659 0.55942691
43.473292 0.46294870
43.573925 0.21487231
43.674557 -0.13349686
43.775190 -0.42589037
43.875823 -0.47258671
43.976455 -0.22131493
44.077088 0.19170375
44.177720 0.58721828
44.278353 0.87119757
44.378986 1.02969179
44.479618 1.07722109
44.580251 1.02861134
44.680884 0.89084566
44.781516 0.66340283
44.882149 0.34351066
44.982781 -0.05664431
45.083414 -0.47220887
45.184047 -0.76890283
45.284679 -0.82851657
45.385312 -0.66534305
45.485944 -0.38076634
45.586577 -0.05992966
45.687210 0.22223210
45.787842 0.44409110
45.888475 0.66128944
45.989108 0.89462725
46.089740 1.10283997
46.190373 1.26281782
46.291005 1.37982040
46.391638 1.46485198
46.492271 1.52675189
46.592903 1.57173474
46.693536 1.60403688
46.794169 1.62642340
46.894801 1.64071501
46.995434 1.64790263
47.096066 1.64915765
47.196699 1.64755909
47.297332 1.64558835
47.397964 1.64352364
47.498597 1.64142740
47.599230 1.63931834
47.699862 1.63720350
47.800495 1.63508592
47.901127 1.63296702
48.001760 1.63084747
48.102393 1.62872763
48.203025 1.62660765
48.303658 1.62448765
48.404290 1.62236764
48.504923 1.62024767
48.605556 1.61812773
48.706188 1.61600781
48.806821 1.61388793
48.907454 1.61176898
49.008086 1.60965963
49.108719 1.60756076
49.209351 1.60547239
49.309984 1.60339450
49.410617 1.60132710
49.511249 1.59927018
49.611882 1.59722374
49.712515 1.59518778
49.813147 1.59316229
49.913780 1.59114728
50.014412 1.58914274
50.115045 1.58714868
50.215678 1.58516509
50.316310 1.58319197
50.416943 1.58122933
50.517576 1.57927716
50.618208 1.57733546
50.718841 1.57540424
50.819473 1.57348348
50.920106 1.57157320
51.020739 1.56967339
51.121371 1.56778405
51.222004 1.56590518
51.322636 1.56403679
51.423269 1.56217886
51.523902 1.56033141
51.624534 1.55849443
51.725167 1.55666791
51.825800 1.55485187
51.926432 1.55304631
52.027065 1.55125121
52.127697 1.54946658
52.228330 1.54769242
52.328963 1.54592874
52.429595 1.54417552
52.530228 1.54243278
52.630861 1.54070051
52.731493 1.53897871
52.832126 1.53726738
52.932758 1.53556651
53.033391 1.53387612
53.134024 1.53219621
53.234656 1.53052676
53.335289 1.52886778
53.435921 1.52721927
53.536554 1.52558123
53.637187 1.52395367
53.737819 1.52233657
53.838452 1.52072995
53.939085 1.51913379
54.039717 1.51754811
54.140350 1.51597289
54.240982 1.51440815
54.341615 1.51285387
54.442248 1.51131007
54.542880 1.50977673
54.643513 1.50825387
54.744146 1.50674148
54.844778 1.50523956
54.945411 1.50374810
55.046043 1.50226712
55.146676 1.50079661
55.247309 1.49933656
55.347941 1.49788699
55.448574 1.49644789
55.549207 1.49501926
55.649839 1.49360109
55.750472 1.49219340
55.851104 1.49079618
55.951737 1.48940942
56.052370 1.48803314
56.153002 1.48666732
56.253635 1.48531198
56.354267 1.48396711
56.454900 1.48263270
56.555533 1.48130877
56.656165 1.47999530
56.756798 1.47869231
56.857431 1.47739978
56.958063 1.47611772
57.058696 1.47484614
57.159328 1.47358502
57.259961 1.47233437
57.360594 1.47109419
57.461226 1.46986449
57.561859 1.46864525
57.662492 1.46743648
57.763124 1.46623818
57.863757 1.46505034
57.964389 1.46387298
58.065022 1.46270609
58.165655 1.46154967
58.266287 1.46040371
58.366920 1.45926823
58.467553 1.45814322
58.568185 1.45702867
58.668818 1.45592459
58.769450 1.45483099
58.870083 1.45374785
58.970716 1.45267518
59.071348 1.45161298
59.171981 1.45056125
59.272613 1.44951999
59.373246 1.44848920
59.473879 1.44746887
59.574511 1.44645902
59.675144 1.44545963
59.775777 1.44447072
59.876409 1.44349227
59.977042 1.44252429
60.077674 1.44156679
60.178307 1.44061975
60.278940 1.43968318
60.379572 1.43875707
60.480205 1.43784144
60.580838 1.43693628
60.681470 1.43604158
60.782103 1.43515736
60.882735 1.43428360
60.983368 1.43342031
61.084001 1.43256750
61.184633 1.43172515
61.285266 1.43089327
61.385899 1.43007185
61.486531 1.42926091
61.587164 1.42846044
61.687796 1.42767043
61.788429 1.42689090
61.889062 1.42612183
61.989694 1.42536323
62.090327 1.42461510
62.190959 1.42387744
62.291592 1.42315025
62.392225 1.42243353
62.492857 1.42172727
62.593490 1.42103149
62.694123 1.42034617
62.794755 1.41967132
62.895388 1.41900694
62.996020 1.41835303
63.096653 1.41770959
63.197286 1.41707662
63.297918 1.41645412
63.398551 1.41584208
63.499184 1.41524052
63.599816 1.41464942
63.700449 1.41406879
63.801081 1.41349863
63.901714 1.41293894
64.002347 1.41238972
64.102979 1.41185097
64.203612 1.41132269
64.304245 1.41080487
64.404877 1.41029753
64.505510 1.40980065
64.606142 1.40931424
64.706775 1.40883830
64.807408 1.40837283
64.908040 1.40791783
65.008673 1.40747330
65.109305 1.40703923
65.209938 1.40661564
65.310571 1.40620251
65.411203 1.40579985
65.511836 1.40540767
65.612469 1.40502595
65.713101 1.40465470
65.813734 1.40429391
65.914366 1.40394360
66.014999 1.40360376
66.115632 1.40327438
66.216264 1.40295548
66.316897 1.40264704
66.417530 1.40234907
66.518162 1.40206157
66.618795 1.40178454
66.719427 1.40151798
66.820060 1.40126189
66.920693 1.40101626
67.021325 1.40078111
67.121958 1.40055642
67.222591 1.40034221
67.323223 1.40013846
67.423856 1.39994518
67.524488 1.39976237
67.625121 1.39959003
67.725754 1.39942816
67.826386 1.39927675
67.927019 1.39913582
68.027651 1.39900536
68.128284 1.39888536
68.228917 1.39877583
68.329549 1.39867678
68.430182 1.39858819
68.530815 1.39851007
68.631447 1.39844242
68.732080 1.39838524
68.832712 1.39833853
68.933345 1.39830228
69.033978 1.39827651
69.134610 1.39826120
69.235243 1.39825637
69.335876 1.39826200
69.436508 1.39827811
69.537141 1.39830468
69.637773 1.39834172
69.738406 1.39838924
69.839039 1.39844722
69.939671 1.39851477
70.040304 1.39858323
70.140937 1.39865168
70.241569 1.39872013
70.342202 1.39878858
70.442834 1.39885703
70.543467 1.39892549
70.644100 1.39899399
70.744732 1.39906239
