0.100633 1.63366800
0.201265 1.63366674
0.301898 1.63366814
0.402530 1.63366829
0.503163 1.63366829
0.603796 1.63366828
0.704428 1.63366826
0.805061 1.63366824
0.905694 1.63366822
1.006326 1.63366818
1.106959 1.63366814
1.207591 1.63366808
1.308224 1.63366802
1.408857 1.63366795
1.509489 1.63366786
1.610122 1.63366776
1.710755 1.63366764
1.811387 1.63366752
1.912020 1.63366737
2.012652 1.63366721
2.113285 1.63366703
2.213918 1.63366683
2.314550 1.63366662
2.415183 1.63366638
2.515816 1.63366613
2.616448 1.63366585
2.717081 1.63366555
2.817713 1.63366522
2.918346 1.63366487
3.018979 1.63366450
3.119611 1.63366410
3.220244 1.63366367
3.320876 1.63366322
3.421509 1.63366273
3.522142 1.63366222
3.622774 1.63366168
3.723407 1.63366110
3.824040 1.63366050
3.924672 1.63365986
4.025305 1.63365919
4.125937 1.63365848
4.226570 1.63365774
4.327203 1.63365696
4.427835 1.63365614
4.528468 1.63365529
4.629101 1.63365440
4.729733 1.63365347
4.830366 1.63365250
4.930998 1.63365149
5.031631 1.63365043
5.132264 1.63364934
5.232896 1.63364820
5.333529 1.63364702
5.434162 1.63364579
5.534794 1.63364451
5.635427 1.63364319
5.736059 1.63364182
5.836692 1.63364040
5.937325 1.63363894
6.037957 1.63363742
6.138590 1.63363586
6.239222 1.63363424
6.339855 1.63363257
6.440488 1.63363085
6.541120 1.63362907
6.641753 1.63362724
6.742386 1.63362536
6.843018 1.63362342
6.943651 1.63362142
7.044283 1.63361936
7.144916 1.63361725
7.245549 1.63361508
7.346181 1.63361285
7.446814 1.63361056
7.547447 1.63360821
7.648079 1.63360579
7.748712 1.63360332
7.849344 1.63360078
7.949977 1.63359817
8.050610 1.63359550
8.151242 1.63359277
8.251875 1.63358997
8.352508 1.63358711
8.453140 1.63358418
8.553773 1.63358118
8.654405 1.63357811
8.755038 1.63357497
8.855671 1.63357177
8.956303 1.63356849
9.056936 1.63356514
9.157568 1.63356172
9.258201 1.63355823
9.358834 1.63355467
9.459466 1.63355103
9.560099 1.63354732
9.660732 1.63354353
9.761364 1.63353967
9.861997 1.63353573
9.962629 1.63353172
10.063262 1.63352762
10.163895 1.63352346
10.264527 1.63351921
10.365160 1.63351489
10.465793 1.63351048
10.566425 1.63350600
10.667058 1.63350144
10.767690 1.63349680
10.868323 1.63349207
10.968956 1.63348727
11.069588 1.63348238
11.170221 1.63347741
11.270853 1.63347235
11.371486 1.63346722
11.472119 1.63346200
11.572751 1.63345670
11.673384 1.63345130
11.774017 1.63344583
11.874649 1.63344027
11.975282 1.63343463
12.075914 1.63342889
12.176547 1.63342308
12.277180 1.63341717
12.377812 1.63341118
12.478445 1.63340510
12.579078 1.63339894
12.679710 1.63339267
12.780343 1.63338633
12.880975 1.63337989
12.981608 1.63337338
13.082241 1.63336676
13.182873 1.63336006
13.283506 1.63335326
13.384139 1.63334639
13.484771 1.63333941
13.585404 1.63333235
13.686036 1.63332519
13.786669 1.63331795
13.887302 1.63331060
13.987934 1.63330318
14.088567 1.63329565
14.189199 1.63328804
14.289832 1.63328032
14.390465 1.63327253
14.491097 1.63326462
14.591730 1.63325664
14.692363 1.63324856
14.792995 1.63324039
14.893628 1.63323211
14.994260 1.63322375
15.094893 1.63321529
15.195526 1.63320674
15.296158 1.63319808
15.396791 1.63318934
15.497424 1.63318049
15.598056 1.63317156
15.698689 1.63316251
15.799321 1.63315338
15.899954 1.63314414
16.000587 1.63313481
16.101219 1.63312537
16.201852 1.63311584
16.302485 1.63310618
16.403117 1.63309644
16.503750 1.63308657
16.604382 1.63307661
16.705015 1.63306652
16.805648 1.63305633
16.906280 1.63304600
17.006913 1.63303557
17.107545 1.63302499
17.208178 1.63301428
17.308811 1.63300342
17.409443 1.63299243
17.510076 1.63298125
17.610709 1.63296993
17.711341 1.63295840
17.811974 1.63294668
17.912606 1.63293474
18.013239 1.63292257
18.113872 1.63291012
18.214504 1.63289739
18.315137 1.63288433
18.415770 1.63287091
18.516402 1.63285707
18.617035 1.63284279
18.717667 1.63282797
18.818300 1.63281256
18.918933 1.63279645
19.019565 1.63277958
19.120198 1.63276179
19.220831 1.63274299
19.321463 1.63272296
19.422096 1.63270157
19.522728 1.63267856
19.623361 1.63265369
19.723994 1.63262664
19.824626 1.63259707
19.925259 1.63256452
20.025891 1.63252855
20.126524 1.63248852
20.227157 1.63244378
20.327789 1.63239348
20.428422 1.63233669
20.529055 1.63227223
20.629687 1.63219879
20.730320 1.63211474
20.830952 1.63201820
20.931585 1.63190688
21.032218 1.63177811
21.132850 1.63162863
21.233483 1.63145463
21.334116 1.63125144
21.434748 1.63101351
21.535381 1.63073409
21.636013 1.63040506
21.736646 1.63001649
21.837279 1.62955633
21.937911 1.62900972
22.038544 1.62835845
22.139177 1.62757986
22.239809 1.62664586
22.340442 1.62552110
22.441074 1.62416113
22.541707 1.62250938
22.642340 1.62049361
22.742972 1.61802056
22.843605 1.61496938
22.944237 1.61118166
23.044870 1.60644894
23.145503 1.60049390
23.246135 1.59294621
23.346768 1.58330620
23.447401 1.57089770
23.548033 1.55479682
23.648666 1.53373883
23.749298 1.50597737
23.849931 1.46909898
23.950564 1.41974519
24.051196 1.35324188
24.151829 1.26306132
24.252462 1.14008972
24.353094 0.97165081
24.453727 0.74006661
24.554359 0.42111640
24.654992 -0.01807808
24.755625 -0.61318028
24.856257 -1.34848720
24.956890 -2.01865899
25.057523 -2.31355205
25.158155 -2.33460133
25.258788 -2.52649058
25.359420 -3.17265985
25.460053 -4.37385887
25.560686 -6.16976529
25.661318 -8.51515149
25.761951 -11.10787189
25.862583 -13.18777137
25.963216 -13.78102538
26.063849 -12.55364435
26.164481 -10.19077620
26.265114 -7.68689838
26.365747 -5.64804741
26.466379 -4.28232413
26.567012 -3.62917059
26.667644 -3.69132633
26.768277 -4.47459598
26.868910 -5.96101054
26.969542 -7.98865318
27.070175 -10.02002946
27.170808 -11.11314343
27.271440 -10.57382428
27.372073 -8.68631089
27.472705 -6.38954116
27.573338 -4.43238844
27.673971 -3.11553725
27.774603 -2.49507563
27.875236 -2.56701369
27.975869 -3.33315144
28.076501 -4.79279675
28.177134 -6.86692942
28.277766 -9.19557970
28.378399 -10.95960493
28.479032 -11.26249028
28.579664 -9.98859017
28.680297 -7.93414962
28.780929 -6.00189565
28.881562 -4.65856277
28.982195 -4.02722436
29.082827 -4.11535441
29.183460 -4.91797190
29.284093 -6.42720584
29.384725 -8.58823286
29.485358 -11.14571202
29.585990 -13.41222392
29.686623 -14.38114944
29.787256 -13.50956099
29.887888 -11.29632914
29.988521 -8.74734808
30.089154 -6.57208777
30.189786 -5.04086723
30.290419 -4.21342341
30.391051 -4.09828337
30.491684 -4.70044237
30.592317 -6.01463446
30.692949 -7.92763768
30.793582 -9.99426316
30.894215 -11.32671607
30.994847 -11.10354124
31.095480 -9.39141855
31.196112 -7.06977714
31.296745 -4.97624306
31.397378 -3.49048054
31.498010 -2.69945582
31.598643 -2.60509531
31.699275 -3.20510728
31.799908 -4.50402776
31.900541 -6.45164726
32.001173 -8.76482010
32.101806 -10.71638365
32.202439 -11.35972524
32.303071 -10.36406310
32.403704 -8.38913440
32.504336 -6.38472523
32.604969 -4.90990474
32.705602 -4.13749012
32.806234 -4.08666501
32.906867 -4.74954188
33.007500 -6.12129768
33.108132 -8.16340162
33.208765 -10.67785145
33.309397 -13.07913767
33.410030 -14.37964781
33.510663 -13.86187026
33.611295 -11.82232491
33.711928 -9.24328255
33.812560 -6.92865489
33.913193 -5.22634466
34.013826 -4.22250627
34.114458 -3.92773117
34.215091 -4.34823082
34.315724 -5.48340712
34.416356 -7.25555732
34.516989 -9.31113648
34.617621 -10.83658265
34.718254 -10.92131021
34.818887 -9.41664211
34.919519 -7.09784816
35.020152 -4.86980291
35.120785 -3.20654518
35.221417 -2.23320652
35.322050 -1.95697161
35.422682 -2.37541119
35.523315 -3.49053676
35.623948 -5.27056422
35.724580 -7.49970719
35.825213 -9.53938053
35.925846 -10.42251410
36.026478 -9.61613965
36.127111 -7.59126471
36.227743 -5.29595276
36.328376 -3.36874671
36.429009 -2.01128149
36.529641 -1.22186899
36.630274 -0.94374339
36.730906 -1.05133921
36.831539 -1.21922397
36.932172 -1.02391439
37.032804 -0.46254145
37.133437 0.13681935
37.234070 0.60654549
37.334702 0.94603812
37.435335 1.18877389
37.535967 1.36288288
37.636600 1.48829602
37.737233 1.57848162
37.837865 1.64149590
37.938498 1.68098841
38.039131 1.70082966
38.139763 1.70479670
38.240396 1.70245985
38.341028 1.69962775
38.441661 1.69674041
38.542294 1.69385307
38.642926 1.69097253
38.743559 1.68809738
38.844192 1.68522533
38.944824 1.68235467
39.045457 1.67948428
39.146089 1.67661353
39.246722 1.67374205
39.347355 1.67086958
39.447987 1.66799594
39.548620 1.66512093
39.649252 1.66224432
39.749885 1.65936593
39.850518 1.65648576
39.951150 1.65360457
40.051783 1.65072569
40.152416 1.64786198
40.253048 1.64507114
40.353681 1.64268696
40.454313 1.64142064
40.554946 1.64104184
40.655579 1.64093121
40.756211 1.64011430
40.856844 1.63709933
40.957477 1.62964118
41.058109 1.61437973
41.158742 1.58624730
41.259374 1.53789073
41.360007 1.45845360
41.460640 1.33371647
41.561272 1.15223557
41.661905 0.92284269
41.762538 0.70147378
41.863170 0.58325065
41.963803 0.62530966
42.064435 0.78533393
42.165068 0.96659462
42.265701 1.09865506
42.366333 1.15774490
42.466966 1.14457881
42.567598 1.06527222
42.668231 0.92456351
42.768864 0.72897124
42.869496 0.50004677
42.970129 0.29224713
43.070762 0.18053229
43.171394 0.19238279
43.272027 0.26422026
43.372659 0.29115939
43.473292 0.19373656
43.573925 -0.05526630
43.674557 -0.40455479
43.775190 -0.69787375
43.875823 -0.74551238
43.976455 -0.49520152
44.077088 -0.08315306
44.177720 0.31139149
44.278353 0.59440206
44.378986 0.75192459
44.479618 0.79847369
44.580251 0.74887033
44.680884 0.61009506
44.781516 0.38162643
44.882149 0.06069447
44.982781 -0.34050866
45.083414 -0.75712004
45.184047 -1.05484827
45.284679 -1.11547598
45.385312 -0.95329649
45.485944 -0.66970241
45.586577 -0.34984849
45.687210 -0.06868100
45.787842 0.15216205
45.888475 0.36831552
45.989108 0.60057650
46.089740 0.80768215
46.190373 0.96652837
46.291005 1.08238299
46.391638 1.16626054
46.492271 1.22701177
46.592903 1.27086366
46.693536 1.30206627
46.794169 1.32340031
46.894801 1.33670213
46.995434 1.34297615
47.096066 1.34339640
47.196699 1.34100869
47.297332 1.33826107
47.397964 1.33542575
47.498597 1.33256274
47.599230 1.32968942
47.699862 1.32681201
47.800495 1.32393301
47.901127 1.32105348
48.001760 1.31817384
48.102393 1.31529428
48.203025 1.31241487
48.303658 1.30953561
48.404290 1.30665649
48.504923 1.30377749
48.605556 1.30089860
48.706188 1.29801978
48.806821 1.29514104
48.907454 1.29226357
49.008086 1.28939911
49.108719 1.28654885
49.209351 1.28371281
49.309984 1.28089097
49.410617 1.27808332
49.511249 1.27528986
49.611882 1.27251058
49.712515 1.26974549
49.813147 1.26699459
49.913780 1.26425786
50.014412 1.26153532
50.115045 1.25882695
50.215678 1.25613276
50.316310 1.25345275
50.416943 1.25078691
50.517576 1.24813526
50.618208 1.24549777
50.718841 1.24287447
50.819473 1.24026534
50.920106 1.23767038
51.020739 1.23508961
51.121371 1.23252300
51.222004 1.22997057
51.322636 1.22743232
51.423269 1.22490824
51.523902 1.22239834
51.624534 1.21990261
51.725167 1.21742106
51.825800 1.21495368
51.926432 1.21250048
52.027065 1.21006145
52.127697 1.20763659
52.228330 1.20522591
52.328963 1.20282941
52.429595 1.20044708
52.530228 1.19807893
52.630861 1.19572495
52.731493 1.19338514
52.832126 1.19105951
52.932758 1.18874805
53.033391 1.18645077
53.134024 1.18416767
53.234656 1.18189873
53.335289 1.17964398
53.435921 1.17740339
53.536554 1.17517699
53.637187 1.17296475
53.737819 1.17076669
53.838452 1.16858281
53.939085 1.16641310
54.039717 1.16425757
54.140350 1.16211621
54.240982 1.15998902
54.341615 1.15787601
54.442248 1.15577717
54.542880 1.15369251
54.643513 1.15162202
54.744146 1.14956571
54.844778 1.14752357
54.945411 1.14549561
55.046043 1.14348182
55.146676 1.14148220
55.247309 1.13949676
55.347941 1.13752549
55.448574 1.13556840
55.549207 1.13362548
55.649839 1.13169674
55.750472 1.12978217
55.851104 1.12788178
55.951737 1.12599556
56.052370 1.12412351
56.153002 1.12226564
56.253635 1.12042194
56.354267 1.11859242
56.454900 1.11677707
56.555533 1.11497590
56.656165 1.11318890
56.756798 1.11141607
56.857431 1.10965742
56.958063 1.10791295
57.058696 1.10618264
57.159328 1.10446652
57.259961 1.10276456
57.360594 1.10107678
57.461226 1.09940318
57.561859 1.09774375
57.662492 1.09609849
57.763124 1.09446741
57.863757 1.09285050
57.964389 1.09124776
58.065022 1.08965920
58.165655 1.08808481
58.266287 1.08652460
58.366920 1.08497856
58.467553 1.08344670
58.568185 1.08192901
58.668818 1.08042549
58.769450 1.07893615
58.870083 1.07746099
58.970716 1.07599999
59.071348 1.07455317
59.171981 1.07312053
59.272613 1.07170205
59.373246 1.07029776
59.473879 1.06890763
59.574511 1.06753168
59.675144 1.06616991
59.775777 1.06482231
59.876409 1.06348888
59.977042 1.06216963
60.077674 1.06086455
60.178307 1.05957364
60.278940 1.05829691
60.379572 1.05703435
60.480205 1.05578597
60.580838 1.05455176
60.681470 1.05333172
60.782103 1.05212586
60.882735 1.05093417
60.983368 1.04975666
61.084001 1.04859332
61.184633 1.04744415
61.285266 1.04630916
61.385899 1.04518834
61.486531 1.04408169
61.587164 1.04298922
61.687796 1.04191092
61.788429 1.04084680
61.889062 1.03979685
61.989694 1.03876107
62.090327 1.03773947
62.190959 1.03673204
62.291592 1.03573879
62.392225 1.03475971
62.492857 1.03379480
62.593490 1.03284407
62.694123 1.03190751
62.794755 1.03098512
62.895388 1.03007691
62.996020 1.02918287
63.096653 1.02830300
63.197286 1.02743731
63.297918 1.02658580
63.398551 1.02574845
63.499184 1.02492528
63.599816 1.02411629
63.700449 1.02332146
63.801081 1.02254081
63.901714 1.02177434
64.002347 1.02102204
64.102979 1.02028391
64.203612 1.01955995
64.304245 1.01885017
64.404877 1.01815457
64.505510 1.01747313
64.606142 1.01680587
64.706775 1.01615279
64.807408 1.01551388
64.908040 1.01488914
65.008673 1.01427857
65.109305 1.01368218
65.209938 1.01309996
65.310571 1.01253192
65.411203 1.01197805
65.511836 1.01143835
65.612469 1.01091283
65.713101 1.01040148
65.813734 1.00990430
65.914366 1.00942130
66.014999 1.00895247
66.115632 1.00849781
66.216264 1.00805733
66.316897 1.00763102
66.417530 1.00721889
66.518162 1.00682093
66.618795 1.00643714
66.719427 1.00606753
66.820060 1.00571209
66.920693 1.00537082
67.021325 1.00504372
67.121958 1.00473080
67.222591 1.00443206
67.323223 1.00414749
67.423856 1.00387709
67.524488 1.00362086
67.625121 1.00337881
67.725754 1.00315093
67.826386 1.00293722
67.927019 1.00273769
68.027651 1.00255233
68.128284 1.00238115
68.228917 1.00222414
68.329549 1.00208130
68.430182 1.00195264
68.530815 1.00183815
68.631447 1.00173783
68.732080 1.00165169
68.832712 1.00157972
68.933345 1.00152192
69.033978 1.00147830
69.134610 1.00144885
69.235243 1.00143357
69.335876 1.00143247
69.436508 1.00144554
69.537141 1.00147278
69.637773 1.00151420
69.738406 1.00156980
69.839039 1.00163957
69.939671 1.00172230
70.040304 1.00180624
70.140937 1.00189019
70.241569 1.00197413
70.342202 1.00205807
70.442834 1.00214200
70.543467 1.00222595
70.644100 1.00230997
70.744732 1.00239383
