0.100633 1.63390512
0.201265 1.63390724
0.301898 1.63390492
0.402530 1.63390469
0.503163 1.63390470
0.603796 1.63390473
0.704428 1.63390476
0.805061 1.63390479
0.905694 1.63390483
1.006326 1.63390487
1.106959 1.63390492
1.207591 1.63390497
1.308224 1.63390504
1.408857 1.63390510
1.509489 1.63390518
1.610122 1.63390527
1.710755 1.63390536
1.811387 1.63390546
1.912020 1.63390558
2.012652 1.63390570
2.113285 1.63390584
2.213918 1.63390598
2.314550 1.63390614
2.415183 1.63390632
2.515816 1.63390650
2.616448 1.63390670
2.717081 1.63390692
2.817713 1.63390715
2.918346 1.63390739
3.018979 1.63390766
3.119611 1.63390793
3.220244 1.63390823
3.320876 1.63390854
3.421509 1.63390888
3.522142 1.63390922
3.622774 1.63390960
3.723407 1.63390998
3.824040 1.63391040
3.924672 1.63391083
4.025305 1.63391128
4.125937 1.63391175
4.226570 1.63391225
4.327203 1.63391277
4.427835 1.63391331
4.528468 1.63391388
4.629101 1.63391447
4.729733 1.63391509
4.830366 1.63391573
4.930998 1.63391640
5.031631 1.63391709
5.132264 1.63391781
5.232896 1.63391856
5.333529 1.63391934
5.434162 1.63392014
5.534794 1.63392097
5.635427 1.63392184
5.736059 1.63392273
5.836692 1.63392365
5.937325 1.63392460
6.037957 1.63392559
6.138590 1.63392660
6.239222 1.63392765
6.339855 1.63392872
6.440488 1.63392983
6.541120 1.63393097
6.641753 1.63393215
6.742386 1.63393336
6.843018 1.63393461
6.943651 1.63393589
7.044283 1.63393720
7.144916 1.63393855
7.245549 1.63393994
7.346181 1.63394135
7.446814 1.63394282
7.547447 1.63394431
7.648079 1.63394584
7.748712 1.63394741
7.849344 1.63394902
7.949977 1.63395066
8.050610 1.63395235
8.151242 1.63395407
8.251875 1.63395583
8.352508 1.63395763
8.453140 1.63395947
8.553773 1.63396135
8.654405 1.63396327
8.755038 1.63396523
8.855671 1.63396724
8.956303 1.63396928
9.056936 1.63397137
9.157568 1.63397349
9.258201 1.63397566
9.358834 1.63397787
9.459466 1.63398012
9.560099 1.63398242
9.660732 1.63398476
9.761364 1.63398714
9.861997 1.63398956
9.962629 1.63399203
10.063262 1.63399454
10.163895 1.63399709
10.264527 1.63399970
10.365160 1.63400234
10.465793 1.63400503
10.566425 1.63400776
10.667058 1.63401054
10.767690 1.63401336
10.868323 1.63401623
10.968956 1.63401914
11.069588 1.63402210
11.170221 1.63402509
11.270853 1.63402815
11.371486 1.63403124
11.472119 1.63403438
11.572751 1.63403756
11.673384 1.63404079
11.774017 1.63404406
11.874649 1.63404739
11.975282 1.63405075
12.075914 1.63405417
12.176547 1.63405762
12.277180 1.63406113
12.377812 1.63406468
12.478445 1.63406828
12.579078 1.63407191
12.679710 1.63407561
12.780343 1.63407934
12.880975 1.63408312
12.981608 1.63408694
13.082241 1.63409082
13.182873 1.63409473
13.283506 1.63409869
13.384139 1.63410269
13.484771 1.63410675
13.585404 1.63411084
13.686036 1.63411499
13.786669 1.63411917
13.887302 1.63412341
13.987934 1.63412768
14.088567 1.63413201
14.189199 1.63413637
14.289832 1.63414078
14.390465 1.63414523
14.491097 1.63414973
14.591730 1.63415426
14.692363 1.63415885
14.792995 1.63416347
14.893628 1.63416814
14.994260 1.63417284
15.094893 1.63417759
15.195526 1.63418238
15.296158 1.63418721
15.396791 1.63419207
15.497424 1.63419699
15.598056 1.63420192
15.698689 1.63420691
15.799321 1.63421192
15.899954 1.63421698
16.000587 1.63422206
16.101219 1.63422718
16.201852 1.63423232
16.302485 1.63423750
16.403117 1.63424270
16.503750 1.63424792
16.604382 1.63425316
16.705015 1.63425843
16.805648 1.63426370
16.906280 1.63426899
17.006913 1.63427427
17.107545 1.63427956
17.208178 1.63428483
17.308811 1.63429010
17.409443 1.63429533
17.510076 1.63430053
17.610709 1.63430568
17.711341 1.63431077
17.811974 1.63431577
17.912606 1.63432069
18.013239 1.63432547
18.113872 1.63433012
18.214504 1.63433458
18.315137 1.63433884
18.415770 1.63434284
18.516402 1.63434655
18.617035 1.63434989
18.717667 1.63435282
18.818300 1.63435524
18.918933 1.63435708
19.019565 1.63435823
19.120198 1.63435857
19.220831 1.63435795
19.321463 1.63435623
19.422096 1.63435317
19.522728 1.63434858
19.623361 1.63434218
19.723994 1.63433366
19.824626 1.63432263
19.925259 1.63430869
20.025891 1.63429130
20.126524 1.63426989
20.227157 1.63424372
20.327789 1.63421199
20.428422 1.63417370
20.529055 1.63412769
20.629687 1.63407258
20.730320 1.63400675
20.830952 1.63392827
20.931585 1.63383484
21.032218 1.63372371
21.132850 1.63359164
21.233483 1.63343470
21.334116 1.63324824
21.434748 1.63302659
21.535381 1.63276301
21.636013 1.63244924
21.736646 1.63207534
21.837279 1.63162911
21.937911 1.63109567
22.038544 1.63045665
22.139177 1.62968935
22.239809 1.62876549
22.340442 1.62764967
22.441074 1.62629725
22.541707 1.62465156
22.642340 1.62264016
22.742972 1.62016968
22.843605 1.61711906
22.944237 1.61332974
23.044870 1.60859306
23.145503 1.60263154
23.246135 1.59507464
23.346768 1.58542256
23.447401 1.57299897
23.548033 1.55687985
23.648666 1.53580043
23.749298 1.50801437
23.849931 1.47110832
23.950564 1.42172415
24.051196 1.35518824
24.151829 1.26497371
24.252462 1.14196801
24.353094 0.97349653
24.453727 0.74188355
24.554359 0.42291101
24.654992 -0.01629627
24.755625 -0.61139866
24.856257 -1.34669067
24.956890 -2.01683203
25.057523 -2.31224594
25.158155 -2.33365940
25.258788 -2.52587644
25.359420 -3.17239256
25.460053 -4.37397502
25.560686 -6.17029986
25.661318 -8.51612958
25.761951 -11.10930505
25.862583 -13.18965527
25.963216 -13.78334183
26.063849 -12.55636822
26.164481 -10.19388432
26.265114 -7.69037017
26.365747 -5.65186419
26.466379 -4.28646883
26.567012 -3.63362869
26.667644 -3.69608908
26.768277 -4.47966712
26.868910 -5.96641006
26.969542 -7.99441042
27.070175 -10.02616024
27.170808 -11.11961816
27.271440 -10.58054927
27.372073 -8.69313769
27.472705 -6.39628841
27.573338 -4.43888126
27.673971 -3.12166715
27.774603 -2.50082917
27.875236 -2.57241684
27.975869 -3.33824497
28.076501 -4.79766851
28.177134 -6.87171699
28.277766 -9.20042673
28.378399 -10.96463219
28.479032 -11.26778466
28.579664 -9.99420152
28.680297 -7.94009782
28.780929 -6.00818661
28.881562 -4.66519913
28.982195 -4.03420482
29.082827 -4.12266630
29.183460 -4.92558725
29.284093 -6.43508282
29.384725 -8.59632237
29.485358 -11.15396666
29.585990 -13.42060324
29.686623 -14.38962043
29.787256 -13.51810258
29.887888 -11.30493533
29.988521 -8.75601164
30.089154 -6.58076634
30.189786 -5.04944827
30.290419 -4.22170615
30.391051 -4.10597942
30.491684 -4.70718596
30.592317 -6.01999986
30.692949 -7.93115439
30.793582 -9.99540985
30.894215 -11.32490851
30.994847 -11.09815493
31.095480 -9.38187452
31.196112 -7.05562113
31.296745 -4.95710880
31.397378 -3.46597551
31.498010 -2.66904214
31.598643 -2.56802292
31.699275 -3.16046889
31.799908 -4.45068862
31.900541 -6.38802054
32.001173 -8.68865606
32.101806 -10.62460907
32.202439 -11.24836758
32.303071 -10.22846011
32.403704 -8.22436655
32.504336 -6.18581847
32.604969 -4.67176930
32.705602 -3.85483937
32.806234 -3.75406151
32.906867 -4.36181269
33.007500 -5.67465943
33.108132 -7.65749321
33.208765 -10.11832420
33.309397 -12.47954917
33.410030 -13.76088839
33.510663 -13.24862062
33.611295 -11.23794219
33.711928 -8.70522906
33.812560 -6.44644859
33.913193 -4.80243654
34.013826 -3.85468013
34.114458 -3.61146174
34.215091 -4.07821039
34.315724 -5.25423437
34.416356 -7.06194104
34.516989 -9.14789862
34.617621 -10.69856931
34.718254 -10.80348761
34.818887 -9.31459220
34.919519 -7.00821901
35.020152 -4.79033349
35.120785 -3.13582945
35.221417 -2.17040568
35.322050 -1.90164099
35.422682 -2.32772006
35.523315 -3.45178768
35.623948 -5.24267177
35.724580 -7.48459091
35.825213 -9.53858783
35.925846 -10.43715306
36.026478 -9.64742617
36.127111 -7.64146423
36.227743 -5.36878742
36.328376 -3.46853795
36.429009 -2.14081097
36.529641 -1.37937689
36.630274 -1.11989086
36.730906 -1.22773158
36.831539 -1.37039070
36.932172 -1.12236302
37.032804 -0.48457506
37.133437 0.20718940
37.234070 0.77699361
37.334702 1.21782284
37.435335 1.55911719
37.535967 1.82689114
37.636600 2.03962373
37.737233 2.20934164
37.837865 2.34334231
37.938498 2.44506099
38.039131 2.51678144
38.139763 2.55977334
38.240396 2.58611052
38.341028 2.60604458
38.441661 2.62089197
38.542294 2.63104589
38.642926 2.63672524
38.743559 2.63877783
38.844192 2.63970965
38.944824 2.64035340
39.045457 2.64089895
39.146089 2.64140072
39.246722 2.64187968
39.347355 2.64234575
39.447987 2.64280426
39.548620 2.64325836
39.649252 2.64371021
39.749885 2.64416160
39.850518 2.64461459
39.951150 2.64507248
40.051783 2.64554195
40.152416 2.64604088
40.253048 2.64663654
40.353681 2.64769582
40.454313 2.64999673
40.554946 2.65330535
40.655579 2.65698570
40.756211 2.66004567
40.856844 2.66097532
40.957477 2.65751100
41.058109 2.64627325
41.158742 2.62217552
41.259374 2.57784759
41.360007 2.50241938
41.460640 2.38166294
41.561272 2.20413259
41.661905 1.97866081
41.762538 1.76117849
41.863170 1.64679265
41.963803 1.69263002
42.064435 1.85638404
42.165068 2.04135311
42.265701 2.17713638
42.366333 2.24000144
42.466966 2.23069800
42.567598 2.15536810
42.668231 2.01876264
42.768864 1.82739650
42.869496 1.60280147
42.970129 1.39940030
43.070762 1.29210598
43.171394 1.30835022
43.272027 1.38451239
43.372659 1.41568008
43.473292 1.32238642
43.573925 1.07743584
43.674557 0.73216996
43.775190 0.44290082
43.875823 0.39938462
43.976455 0.65389778
44.077088 1.07018813
44.177720 1.46897330
44.278353 1.75621912
44.378986 1.91799014
44.479618 1.96882510
44.580251 1.92356609
44.680884 1.78920482
44.781516 1.56522063
44.882149 1.24883366
44.982781 0.85221153
45.083414 0.44017469
45.184047 0.14696567
45.284679 0.09076826
45.385312 0.25729137
45.485944 0.54518071
45.586577 0.86933267
45.687210 1.15485110
45.787842 1.38014255
45.888475 1.60087326
45.989108 1.83785314
46.089740 2.04981120
46.190373 2.21361789
46.291005 2.33450443
46.391638 2.42343988
46.492271 2.48922466
46.592903 2.53803135
46.693536 2.57404983
46.794169 2.59999219
46.894801 2.61762633
46.995434 2.62789759
47.096066 2.63196857
47.196699 2.63303126
47.297332 2.63368023
47.397964 2.63421408
47.498597 2.63470341
47.599230 2.63517142
47.699862 2.63562794
47.800495 2.63607785
47.901127 2.63652378
48.001760 2.63696722
48.102393 2.63740907
48.203025 2.63784990
48.303658 2.63829004
48.404290 2.63872972
48.504923 2.63916910
48.605556 2.63960826
48.706188 2.64004728
48.806821 2.64048620
48.907454 2.64092488
49.008086 2.64136174
49.108719 2.64179662
49.209351 2.64222954
49.309984 2.64266049
49.410617 2.64308949
49.511249 2.64351654
49.611882 2.64394165
49.712515 2.64436480
49.813147 2.64478602
49.913780 2.64520528
50.014412 2.64562261
50.115045 2.64603799
50.215678 2.64645143
50.316310 2.64686293
50.416943 2.64727249
50.517576 2.64768010
50.618208 2.64808577
50.718841 2.64848951
50.819473 2.64889130
50.920106 2.64929115
51.020739 2.64968905
51.121371 2.65008502
51.222004 2.65047905
51.322636 2.65087113
51.423269 2.65126127
51.523902 2.65164947
51.624534 2.65203573
51.725167 2.65242005
51.825800 2.65280243
51.926432 2.65318287
52.027065 2.65356136
52.127697 2.65393792
52.228330 2.65431253
52.328963 2.65468520
52.429595 2.65505593
52.530228 2.65542472
52.630861 2.65579157
52.731493 2.65615648
52.832126 2.65651944
52.932758 2.65688047
53.033391 2.65723955
53.134024 2.65759669
53.234656 2.65795190
53.335289 2.65830515
53.435921 2.65865647
53.536554 2.65900585
53.637187 2.65935329
53.737819 2.65969878
53.838452 2.66004233
53.939085 2.66038395
54.039717 2.66072362
54.140350 2.66106135
54.240982 2.66139713
54.341615 2.66173098
54.442248 2.66206289
54.542880 2.66239285
54.643513 2.66272087
54.744146 2.66304696
54.844778 2.66337110
54.945411 2.66369330
55.046043 2.66401356
55.146676 2.66433187
55.247309 2.66464825
55.347941 2.66496268
55.448574 2.66527518
55.549207 2.66558573
55.649839 2.66589434
55.750472 2.66620101
55.851104 2.66650574
55.951737 2.66680852
56.052370 2.66710937
56.153002 2.66740827
56.253635 2.66770524
56.354267 2.66800026
56.454900 2.66829334
56.555533 2.66858448
56.656165 2.66887368
56.756798 2.66916094
56.857431 2.66944625
56.958063 2.66972963
57.058696 2.67001106
57.159328 2.67029056
57.259961 2.67056811
57.360594 2.67084372
57.461226 2.67111739
57.561859 2.67138912
57.662492 2.67165890
57.763124 2.67192675
57.863757 2.67219265
57.964389 2.67245662
58.065022 2.67271864
58.165655 2.67297872
58.266287 2.67323686
58.366920 2.67349306
58.467553 2.67374732
58.568185 2.67399963
58.668818 2.67425001
58.769450 2.67449845
58.870083 2.67474494
58.970716 2.67498949
59.071348 2.67523210
59.171981 2.67547277
59.272613 2.67571150
59.373246 2.67594829
59.473879 2.67618314
59.574511 2.67641604
59.675144 2.67664701
59.775777 2.67687603
59.876409 2.67710312
59.977042 2.67732826
60.077674 2.67755146
60.178307 2.67777272
60.278940 2.67799204
60.379572 2.67820941
60.480205 2.67842485
60.580838 2.67863835
60.681470 2.67884990
60.782103 2.67905952
60.882735 2.67926719
60.983368 2.67947292
61.084001 2.67967671
61.184633 2.67987856
61.285266 2.68007847
61.385899 2.68027644
61.486531 2.68047246
61.587164 2.68066655
61.687796 2.68085870
61.788429 2.68104890
61.889062 2.68123716
61.989694 2.68142349
62.090327 2.68160787
62.190959 2.68179031
62.291592 2.68197081
62.392225 2.68214936
62.492857 2.68232598
62.593490 2.68250066
62.694123 2.68267339
62.794755 2.68284419
62.895388 2.68301304
62.996020 2.68317996
63.096653 2.68334493
63.197286 2.68350796
63.297918 2.68366905
63.398551 2.68382820
63.499184 2.68398541
63.599816 2.68414068
63.700449 2.68429400
63.801081 2.68444539
63.901714 2.68459483
64.002347 2.68474234
64.102979 2.68488790
64.203612 2.68503152
64.304245 2.68517321
64.404877 2.68531295
64.505510 2.68545075
64.606142 2.68558661
64.706775 2.68572052
64.807408 2.68585250
64.908040 2.68598254
65.008673 2.68611063
65.109305 2.68623679
65.209938 2.68636100
65.310571 2.68648328
65.411203 2.68660361
65.511836 2.68672200
65.612469 2.68683845
65.713101 2.68695296
65.813734 2.68706553
65.914366 2.68717616
66.014999 2.68728485
66.115632 2.68739159
66.216264 2.68749640
66.316897 2.68759926
66.417530 2.68770019
66.518162 2.68779917
66.618795 2.68789621
66.719427 2.68799132
66.820060 2.68808448
66.920693 2.68817570
67.021325 2.68826498
67.121958 2.68835231
67.222591 2.68843771
67.323223 2.68852117
67.423856 2.68860269
67.524488 2.68868226
67.625121 2.68875990
67.725754 2.68883559
67.826386 2.68890934
67.927019 2.68898116
68.027651 2.68905103
68.128284 2.68911896
68.228917 2.68918495
68.329549 2.68924900
68.430182 2.68931111
68.530815 2.68937127
68.631447 2.68942950
68.732080 2.68948579
68.832712 2.68954013
68.933345 2.68959254
69.033978 2.68964300
69.134610 2.68969152
69.235243 2.68973811
69.335876 2.68978275
69.436508 2.68982545
69.537141 2.68986621
69.637773 2.68990503
69.738406 2.68994191
69.839039 2.68997684
69.939671 2.69001001
70.040304 2.69004300
70.140937 2.69007600
70.241569 2.69010900
70.342202 2.69014199
70.442834 2.69017499
70.543467 2.69020799
70.644100 2.69024098
70.744732 2.69027398
