0.100633 1.62265106
0.201265 1.62265447
0.301898 1.62265085
0.402530 1.62265048
0.503163 1.62265052
0.603796 1.62265057
0.704428 1.62265062
0.805061 1.62265068
0.905694 1.62265073
1.006326 1.62265079
1.106959 1.62265085
1.207591 1.62265091
1.308224 1.62265098
1.408857 1.62265105
1.509489 1.62265112
1.610122 1.62265120
1.710755 1.62265128
1.811387 1.62265136
1.912020 1.62265146
2.012652 1.62265155
2.113285 1.62265165
2.213918 1.62265176
2.314550 1.62265187
2.415183 1.62265199
2.515816 1.62265212
2.616448 1.62265225
2.717081 1.62265239
2.817713 1.62265254
2.918346 1.62265269
3.018979 1.62265286
3.119611 1.62265303
3.220244 1.62265321
3.320876 1.62265340
3.421509 1.62265359
3.522142 1.62265380
3.622774 1.62265401
3.723407 1.62265424
3.824040 1.62265448
3.924672 1.62265473
4.025305 1.62265498
4.125937 1.62265525
4.226570 1.62265553
4.327203 1.62265583
4.427835 1.62265613
4.528468 1.62265645
4.629101 1.62265678
4.729733 1.62265712
4.830366 1.62265747
4.930998 1.62265785
5.031631 1.62265823
5.132264 1.62265863
5.232896 1.62265904
5.333529 1.62265947
5.434162 1.62265991
5.534794 1.62266037
5.635427 1.62266084
5.736059 1.62266134
5.836692 1.62266184
5.937325 1.62266237
6.037957 1.62266291
6.138590 1.62266347
6.239222 1.62266404
6.339855 1.62266464
6.440488 1.62266525
6.541120 1.62266589
6.641753 1.62266654
6.742386 1.62266721
6.843018 1.62266790
6.943651 1.62266862
7.044283 1.62266935
7.144916 1.62267011
7.245549 1.62267088
7.346181 1.62267168
7.446814 1.62267250
7.547447 1.62267335
7.648079 1.62267421
7.748712 1.62267510
7.849344 1.62267601
7.949977 1.62267695
8.050610 1.62267791
8.151242 1.62267890
8.251875 1.62267991
8.352508 1.62268095
8.453140 1.62268201
8.553773 1.62268310
8.654405 1.62268422
8.755038 1.62268536
8.855671 1.62268653
8.956303 1.62268773
9.056936 1.62268896
9.157568 1.62269022
9.258201 1.62269150
9.358834 1.62269282
9.459466 1.62269416
9.560099 1.62269553
9.660732 1.62269694
9.761364 1.62269837
9.861997 1.62269984
9.962629 1.62270134
10.063262 1.62270287
10.163895 1.62270444
10.264527 1.62270603
10.365160 1.62270766
10.465793 1.62270932
10.566425 1.62271102
10.667058 1.62271275
10.767690 1.62271452
10.868323 1.62271632
10.968956 1.62271816
11.069588 1.62272004
11.170221 1.62272195
11.270853 1.62272390
11.371486 1.62272588
11.472119 1.62272790
11.572751 1.62272997
11.673384 1.62273206
11.774017 1.62273420
11.874649 1.62273638
11.975282 1.62273860
12.075914 1.62274085
12.176547 1.62274315
12.277180 1.62274549
12.377812 1.62274787
12.478445 1.62275029
12.579078 1.62275275
12.679710 1.62275525
12.780343 1.62275780
12.880975 1.62276039
12.981608 1.62276303
13.082241 1.62276570
13.182873 1.62276843
13.283506 1.62277119
13.384139 1.62277400
13.484771 1.62277686
13.585404 1.62277976
13.686036 1.62278271
13.786669 1.62278570
13.887302 1.62278874
13.987934 1.62279183
14.088567 1.62279497
14.189199 1.62279815
14.289832 1.62280138
14.390465 1.62280465
14.491097 1.62280798
14.591730 1.62281135
14.692363 1.62281478
14.792995 1.62281824
14.893628 1.62282177
14.994260 1.62282533
15.094893 1.62282895
15.195526 1.62283262
15.296158 1.62283633
15.396791 1.62284010
15.497424 1.62284391
15.598056 1.62284777
15.698689 1.62285168
15.799321 1.62285563
15.899954 1.62285964
16.000587 1.62286368
16.101219 1.62286778
16.201852 1.62287191
16.302485 1.62287610
16.403117 1.62288031
16.503750 1.62288457
16.604382 1.62288886
16.705015 1.62289319
16.805648 1.62289754
16.906280 1.62290193
17.006913 1.62290632
17.107545 1.62291074
17.208178 1.62291516
17.308811 1.62291959
17.409443 1.62292400
17.510076 1.62292840
17.610709 1.62293276
17.711341 1.62293708
17.811974 1.62294132
17.912606 1.62294550
18.013239 1.62294955
18.113872 1.62295349
18.214504 1.62295724
18.315137 1.62296081
18.415770 1.62296412
18.516402 1.62296715
18.617035 1.62296982
18.717667 1.62297207
18.818300 1.62297381
18.918933 1.62297498
19.019565 1.62297543
19.120198 1.62297506
19.220831 1.62297371
19.321463 1.62297122
19.422096 1.62296737
19.522728 1.62296195
19.623361 1.62295465
19.723994 1.62294517
19.824626 1.62293311
19.925259 1.62291805
20.025891 1.62289944
20.126524 1.62287668
20.227157 1.62284903
20.327789 1.62281567
20.428422 1.62277555
20.529055 1.62272751
20.629687 1.62267014
20.730320 1.62260180
20.830952 1.62252050
20.931585 1.62242393
21.032218 1.62230930
21.132850 1.62217332
21.233483 1.62201204
21.334116 1.62182074
21.434748 1.62159373
21.535381 1.62132421
21.636013 1.62100389
21.736646 1.62062277
21.837279 1.62016864
21.937911 1.61962656
22.038544 1.61897816
22.139177 1.61820071
22.239809 1.61726595
22.340442 1.61613848
22.441074 1.61477375
22.541707 1.61311514
22.642340 1.61109039
22.742972 1.60860629
22.843605 1.60554204
22.944237 1.60173941
23.044870 1.59699019
23.145503 1.59101743
23.246135 1.58345131
23.346768 1.57379283
23.447401 1.56136672
23.548033 1.54525020
23.648666 1.52417994
23.749298 1.49641137
23.849931 1.45953311
23.950564 1.41018933
24.051196 1.34370895
24.151829 1.25356794
24.252462 1.13065667
24.353094 0.96230375
24.453727 0.73083638
24.554359 0.41203950
24.654992 -0.02695953
24.755625 -0.62181890
24.856257 -1.35683071
24.956890 -2.02665308
25.057523 -2.32191037
25.158155 -2.34305927
25.258788 -2.53493903
25.359420 -3.18106292
25.460053 -4.38220651
25.560686 -6.17805457
25.661318 -8.52338375
25.761951 -11.11605689
25.862583 -13.19593186
25.963216 -13.78919902
26.063849 -12.56188188
26.164481 -10.19913432
26.265114 -7.69543431
26.365747 -5.65681460
26.466379 -4.29136990
26.567012 -3.63853412
26.667644 -3.70104064
26.768277 -4.48469357
26.868910 -5.97152676
26.969542 -7.99961492
27.070175 -10.03142466
27.170808 -11.12487771
27.271440 -10.58569889
27.372073 -8.69804258
27.472705 -6.40080165
27.573338 -4.44286360
27.673971 -3.12501341
27.774603 -2.50348107
27.875236 -2.57434837
27.975869 -3.33946032
28.076501 -4.79821859
28.177134 -6.87170212
28.277766 -9.19999016
28.378399 -10.96397130
28.479032 -11.26715005
28.579664 -9.99384378
28.680297 -7.94021479
28.780929 -6.00892010
28.881562 -4.66666498
28.982195 -4.03652131
29.082827 -4.12596560
29.183460 -4.93001525
29.284093 -6.44079433
29.384725 -8.60347001
29.485358 -11.16268057
29.585990 -13.43096741
29.686623 -14.40165722
29.787256 -13.53176488
29.887888 -11.32011007
29.988521 -8.77254065
30.089154 -6.59848643
30.189786 -5.06824366
30.290419 -4.24154860
30.391051 -4.12695525
30.491684 -4.72952210
30.592317 -6.04408814
30.692949 -7.95756789
30.793582 -10.02492741
30.894215 -11.35852086
30.994847 -11.13699332
31.095480 -9.42700445
31.196112 -7.10784363
31.296745 -5.01700261
31.397378 -3.53411402
31.498010 -2.74618475
31.598643 -2.65511421
31.699275 -3.25851372
31.799908 -4.56087555
31.900541 -6.51201008
32.001173 -8.82872869
32.101806 -10.78374841
32.202439 -11.43029697
32.303071 -10.43750842
32.403704 -8.46518022
32.504336 -6.46319454
32.604969 -4.99064184
32.705602 -4.22027070
32.806234 -4.17110477
32.906867 -4.83502701
33.007500 -6.20695458
33.108132 -8.24807515
33.208765 -10.76009971
33.309397 -13.15727879
33.410030 -14.45180551
33.510663 -13.92619223
33.611295 -11.87747842
33.711928 -9.28870087
33.812560 -6.96434199
33.913193 -5.25255713
34.013826 -4.23945102
34.114458 -3.93537243
34.215091 -4.34620880
34.315724 -5.47098619
34.416356 -7.23161520
34.516989 -9.27422446
34.617621 -10.78491249
34.718254 -10.85279835
34.818887 -9.32936903
34.919519 -6.99055541
35.020152 -4.74186896
35.120785 -3.05751312
35.221417 -2.06218148
35.322050 -1.76231451
35.422682 -2.15524530
35.523315 -3.24351063
35.623948 -4.99468981
35.724580 -7.19150093
35.825213 -9.19339983
35.925846 -10.03133739
36.026478 -9.17170450
36.127111 -7.08728834
36.227743 -4.72953590
36.328376 -2.74004423
36.429009 -1.32220119
36.529641 -0.47500540
36.630274 -0.14152414
36.730906 -0.19519536
36.831539 -0.30933243
36.932172 -0.05927503
37.032804 0.55857247
37.133437 1.21609065
37.234070 1.74493968
37.334702 2.14347220
37.435335 2.44368657
37.535967 2.67223916
37.636600 2.84709707
37.737233 2.97945975
37.837865 3.07590838
37.938498 3.13970378
38.039131 3.17523888
38.139763 3.18730606
38.240396 3.18953031
38.341028 3.19070584
38.441661 3.19161759
38.542294 3.19242334
38.642926 3.19317693
38.743559 3.19390194
38.844192 3.19461005
38.944824 3.19530768
39.045457 3.19599851
39.146089 3.19668486
39.246722 3.19736816
39.347355 3.19804940
39.447987 3.19872925
39.548620 3.19940825
39.649252 3.20008694
39.749885 3.20076603
39.850518 3.20144674
39.951150 3.20213159
40.051783 3.20282646
40.152416 3.20354823
40.253048 3.20436255
40.353681 3.20563141
40.454313 3.20812705
40.554946 3.21162009
40.655579 3.21547957
40.756211 3.21871731
40.856844 3.21982634
40.957477 3.21654516
41.058109 3.20549583
41.158742 3.18159270
41.259374 3.13746593
41.360007 3.06224529
41.460640 2.94170216
41.561272 2.76439001
41.661905 2.53914023
41.762538 2.32188302
41.863170 2.20772540
41.963803 2.25379436
42.064435 2.41778365
42.165068 2.60299179
42.265701 2.73901821
42.366333 2.80213084
42.466966 2.79307986
42.567598 2.71800761
42.668231 2.58166487
42.768864 2.39056613
42.869496 2.16624245
42.970129 1.96311563
43.070762 1.85609748
43.171394 1.87261841
43.272027 1.94905660
43.372659 1.98049870
43.473292 1.88747749
43.573925 1.64279792
43.674557 1.29780305
43.775190 1.00880680
43.875823 0.96556703
43.976455 1.22036024
44.077088 1.63693254
44.177720 2.03599982
44.278353 2.32352796
44.378986 2.48558256
44.479618 2.53670364
44.580251 2.49173446
44.680884 2.35766740
44.781516 2.13398187
44.882149 1.81789760
44.982781 1.42158088
45.083414 1.00985012
45.184047 0.71694529
45.284679 0.66104854
45.385312 0.82786877
45.485944 1.11605349
45.586577 1.44050169
45.687210 1.72631962
45.787842 1.95191625
45.888475 2.17295930
45.989108 2.41025949
46.089740 2.62254532
46.190373 2.78668588
46.291005 2.90791034
46.391638 2.99718512
46.492271 3.06330778
46.592903 3.11244764
46.693536 3.14879112
46.794169 3.17504619
46.894801 3.19297674
46.995434 3.20352454
47.096066 3.20785139
47.196699 3.20915758
47.297332 3.21004636
47.397964 3.21081802
47.498597 3.21154391
47.599230 3.21224766
47.699862 3.21293939
47.800495 3.21362414
47.901127 3.21430466
48.001760 3.21498253
48.102393 3.21565869
48.203025 3.21633374
48.303658 3.21700806
48.404290 3.21768188
48.504923 3.21835536
48.605556 3.21902862
48.706188 3.21970172
48.806821 3.22037471
48.907454 3.22104735
49.008086 3.22171711
49.108719 3.22238374
49.209351 3.22304724
49.309984 3.22370762
49.410617 3.22436489
49.511249 3.22501906
49.611882 3.22567012
49.712515 3.22631808
49.813147 3.22696294
49.913780 3.22760470
50.014412 3.22824336
50.115045 3.22887893
50.215678 3.22951140
50.316310 3.23014077
50.416943 3.23076705
50.517576 3.23139023
50.618208 3.23201032
50.718841 3.23262731
50.819473 3.23324120
50.920106 3.23385200
51.020739 3.23445971
51.121371 3.23506431
51.222004 3.23566583
51.322636 3.23626425
51.423269 3.23685957
51.523902 3.23745180
51.624534 3.23804093
51.725167 3.23862697
51.825800 3.23920991
51.926432 3.23978976
52.027065 3.24036651
52.127697 3.24094016
52.228330 3.24151073
52.328963 3.24207819
52.429595 3.24264257
52.530228 3.24320384
52.630861 3.24376202
52.731493 3.24431711
52.832126 3.24486910
52.932758 3.24541800
53.033391 3.24596380
53.134024 3.24650651
53.234656 3.24704612
53.335289 3.24758264
53.435921 3.24811606
53.536554 3.24864639
53.637187 3.24917362
53.737819 3.24969775
53.838452 3.25021880
53.939085 3.25073674
54.039717 3.25125159
54.140350 3.25176335
54.240982 3.25227201
54.341615 3.25277758
54.442248 3.25328005
54.542880 3.25377943
54.643513 3.25427571
54.744146 3.25476889
54.844778 3.25525898
54.945411 3.25574598
55.046043 3.25622988
55.146676 3.25671069
55.247309 3.25718840
55.347941 3.25766301
55.448574 3.25813453
55.549207 3.25860296
55.649839 3.25906829
55.750472 3.25953052
55.851104 3.25998966
55.951737 3.26044571
56.052370 3.26089866
56.153002 3.26134851
56.253635 3.26179527
56.354267 3.26223893
56.454900 3.26267950
56.555533 3.26311697
56.656165 3.26355135
56.756798 3.26398264
56.857431 3.26441082
56.958063 3.26483591
57.058696 3.26525791
57.159328 3.26567681
57.259961 3.26609262
57.360594 3.26650533
57.461226 3.26691494
57.561859 3.26732146
57.662492 3.26772489
57.763124 3.26812522
57.863757 3.26852245
57.964389 3.26891659
58.065022 3.26930763
58.165655 3.26969558
58.266287 3.27008043
58.366920 3.27046218
58.467553 3.27084084
58.568185 3.27121641
58.668818 3.27158888
58.769450 3.27195825
58.870083 3.27232453
58.970716 3.27268771
59.071348 3.27304780
59.171981 3.27340479
59.272613 3.27375868
59.373246 3.27410948
59.473879 3.27445718
59.574511 3.27480179
59.675144 3.27514330
59.775777 3.27548172
59.876409 3.27581704
59.977042 3.27614926
60.077674 3.27647839
60.178307 3.27680442
60.278940 3.27712736
60.379572 3.27744720
60.480205 3.27776394
60.580838 3.27807759
60.681470 3.27838814
60.782103 3.27869560
60.882735 3.27899996
60.983368 3.27930122
61.084001 3.27959939
61.184633 3.27989446
61.285266 3.28018644
61.385899 3.28047532
61.486531 3.28076110
61.587164 3.28104379
61.687796 3.28132338
61.788429 3.28159988
61.889062 3.28187327
61.989694 3.28214358
62.090327 3.28241078
62.190959 3.28267489
62.291592 3.28293590
62.392225 3.28319382
62.492857 3.28344864
62.593490 3.28370036
62.694123 3.28394899
62.794755 3.28419452
62.895388 3.28443695
62.996020 3.28467629
63.096653 3.28491253
63.197286 3.28514567
63.297918 3.28537572
63.398551 3.28560267
63.499184 3.28582652
63.599816 3.28604728
63.700449 3.28626494
63.801081 3.28647950
63.901714 3.28669097
64.002347 3.28689934
64.102979 3.28710461
64.203612 3.28730679
64.304245 3.28750587
64.404877 3.28770185
64.505510 3.28789474
64.606142 3.28808452
64.706775 3.28827121
64.807408 3.28845481
64.908040 3.28863530
65.008673 3.28881270
65.109305 3.28898701
65.209938 3.28915821
65.310571 3.28932632
65.411203 3.28949133
65.511836 3.28965324
65.612469 3.28981206
65.713101 3.28996778
65.813734 3.29012040
65.914366 3.29026993
66.014999 3.29041635
66.115632 3.29055968
66.216264 3.29069991
66.316897 3.29083705
66.417530 3.29097108
66.518162 3.29110202
66.618795 3.29122987
66.719427 3.29135461
66.820060 3.29147626
66.920693 3.29159480
67.021325 3.29171026
67.121958 3.29182261
67.222591 3.29193186
67.323223 3.29203802
67.423856 3.29214108
67.524488 3.29224104
67.625121 3.29233791
67.725754 3.29243167
67.826386 3.29252234
67.927019 3.29260991
68.027651 3.29269439
68.128284 3.29277576
68.228917 3.29285404
68.329549 3.29292921
68.430182 3.29300129
68.530815 3.29307028
68.631447 3.29313616
68.732080 3.29319895
68.832712 3.29325863
68.933345 3.29331522
69.033978 3.29336871
69.134610 3.29341911
69.235243 3.29346640
69.335876 3.29351060
69.436508 3.29355169
69.537141 3.29358969
69.637773 3.29362459
69.738406 3.29365639
69.839039 3.29368509
69.939671 3.29371096
70.040304 3.29373657
70.140937 3.29376217
70.241569 3.29378778
70.342202 3.29381338
70.442834 3.29383899
70.543467 3.29386459
70.644100 3.29389017
70.744732 3.29391580
