0.098756 1.55522958
0.197513 1.55523271
0.296269 1.55522936
0.395025 1.55522902
0.493782 1.55522906
0.592538 1.55522910
0.691295 1.55522915
0.790051 1.55522920
0.888807 1.55522925
0.987564 1.55522930
1.086320 1.55522936
1.185076 1.55522942
1.283833 1.55522948
1.382589 1.55522954
1.481345 1.55522961
1.580102 1.55522969
1.678858 1.55522977
1.777614 1.55522985
1.876371 1.55522994
1.975127 1.55523003
2.073884 1.55523013
2.172640 1.55523023
2.271396 1.55523035
2.370153 1.55523046
2.468909 1.55523059
2.567665 1.55523072
2.666422 1.55523086
2.765178 1.55523100
2.863934 1.55523115
2.962691 1.55523132
3.061447 1.55523148
3.160204 1.55523166
3.258960 1.55523185
3.357716 1.55523204
3.456473 1.55523225
3.555229 1.55523246
3.653985 1.55523269
3.752742 1.55523292
3.851498 1.55523317
3.950254 1.55523342
4.049011 1.55523369
4.147767 1.55523396
4.246523 1.55523425
4.345280 1.55523455
4.444036 1.55523486
4.542793 1.55523519
4.641549 1.55523552
4.740305 1.55523587
4.839062 1.55523623
4.937818 1.55523660
5.036574 1.55523699
5.135331 1.55523739
5.234087 1.55523780
5.332843 1.55523823
5.431600 1.55523867
5.530356 1.55523913
5.629113 1.55523959
5.727869 1.55524008
5.826625 1.55524058
5.925382 1.55524109
6.024138 1.55524162
6.122894 1.55524217
6.221651 1.55524272
6.320407 1.55524330
6.419163 1.55524389
6.517920 1.55524450
6.616676 1.55524512
6.715432 1.55524577
6.814189 1.55524642
6.912945 1.55524710
7.011702 1.55524779
7.110458 1.55524850
7.209214 1.55524922
7.307971 1.55524996
7.406727 1.55525072
7.505483 1.55525150
7.604240 1.55525230
7.702996 1.55525311
7.801752 1.55525394
7.900509 1.55525479
7.999265 1.55525566
8.098022 1.55525655
8.196778 1.55525745
8.295534 1.55525838
8.394291 1.55525932
8.493047 1.55526028
8.591803 1.55526126
8.690560 1.55526226
8.789316 1.55526328
8.888072 1.55526432
8.986829 1.55526537
9.085585 1.55526645
9.184341 1.55526754
9.283098 1.55526866
9.381854 1.55526979
9.480611 1.55527094
9.579367 1.55527211
9.678123 1.55527331
9.776880 1.55527452
9.875636 1.55527575
9.974392 1.55527700
10.073149 1.55527827
10.171905 1.55527956
10.270661 1.55528087
10.369418 1.55528219
10.468174 1.55528354
10.566931 1.55528491
10.665687 1.55528630
10.764443 1.55528770
10.863200 1.55528913
10.961956 1.55529057
11.060712 1.55529203
11.159469 1.55529351
11.258225 1.55529501
11.356981 1.55529653
11.455738 1.55529807
11.554494 1.55529962
11.653250 1.55530120
11.752007 1.55530279
11.850763 1.55530440
11.949520 1.55530603
12.048276 1.55530768
12.147032 1.55530934
12.245789 1.55531103
12.344545 1.55531272
12.443301 1.55531444
12.542058 1.55531617
12.640814 1.55531792
12.739570 1.55531969
12.838327 1.55532147
12.937083 1.55532327
13.035840 1.55532508
13.134596 1.55532691
13.233352 1.55532876
13.332109 1.55533061
13.430865 1.55533249
13.529621 1.55533438
13.628378 1.55533629
13.727134 1.55533820
13.825890 1.55534013
13.924647 1.55534207
14.023403 1.55534403
14.122159 1.55534600
14.220916 1.55534799
14.319672 1.55534997
14.418429 1.55535198
14.517185 1.55535399
14.615941 1.55535603
14.714698 1.55535806
14.813454 1.55536011
14.912210 1.55536216
15.010967 1.55536424
15.109723 1.55536631
15.208479 1.55536840
15.307236 1.55537048
15.405992 1.55537259
15.504749 1.55537468
15.603505 1.55537680
15.702261 1.55537892
15.801018 1.55538105
15.899774 1.55538317
15.998530 1.55538531
16.097287 1.55538743
16.196043 1.55538958
16.294799 1.55539172
16.393556 1.55539386
16.492312 1.55539600
16.591068 1.55539815
16.689825 1.55540029
16.788581 1.55540244
16.887338 1.55540457
16.986094 1.55540671
17.084850 1.55540884
17.183607 1.55541097
17.282363 1.55541308
17.381119 1.55541519
17.479876 1.55541727
17.578632 1.55541936
17.677388 1.55542141
17.776145 1.55542346
17.874901 1.55542547
17.973658 1.55542747
18.072414 1.55542942
18.171170 1.55543134
18.269927 1.55543320
18.368683 1.55543503
18.467439 1.55543677
18.566196 1.55543846
18.664952 1.55544004
18.763708 1.55544153
18.862465 1.55544288
18.961221 1.55544409
19.059977 1.55544512
19.158734 1.55544595
19.257490 1.55544652
19.356247 1.55544681
19.455003 1.55544673
19.553759 1.55544624
19.652516 1.55544524
19.751272 1.55544364
19.850028 1.55544131
19.948785 1.55543813
20.047541 1.55543389
20.146297 1.55542842
20.245054 1.55542142
20.343810 1.55541263
20.442567 1.55540164
20.541323 1.55538803
20.640079 1.55537121
20.738836 1.55535056
20.837592 1.55532521
20.936348 1.55529420
21.035105 1.55525629
21.133861 1.55521001
21.232617 1.55515348
21.331374 1.55508447
21.430130 1.55500015
21.528886 1.55489708
21.627643 1.55477094
21.726399 1.55461637
21.825156 1.55442664
21.923912 1.55419337
22.022668 1.55390592
22.121425 1.55355091
22.220181 1.55311128
22.318937 1.55256535
22.417694 1.55188527
22.516450 1.55103526
22.615206 1.54996900
22.713963 1.54862635
22.812719 1.54692877
22.911476 1.54477323
23.010232 1.54202403
23.108988 1.53850132
23.207745 1.53396612
23.306501 1.52809875
23.405257 1.52047073
23.504014 1.51050391
23.602770 1.49741712
23.701526 1.48014782
23.800283 1.45724974
23.899039 1.42674221
23.997795 1.38591187
24.096552 1.33102509
24.195308 1.25694430
24.294065 1.15659853
24.392821 1.02024673
24.491577 0.83460026
24.590334 0.58139295
24.689090 0.23678881
24.787846 -0.22138211
24.886603 -0.76139026
24.985359 -1.18434277
25.084115 -1.24112062
25.182872 -1.03268725
25.281628 -0.91071749
25.380385 -1.08594850
25.479141 -1.62809774
25.577897 -2.57103882
25.676654 -3.94484653
25.775410 -5.76052105
25.874166 -7.93556800
25.972923 -10.13066224
26.071679 -11.68011352
26.170435 -12.01403000
26.269192 -11.30039695
26.367948 -10.36058134
26.466704 -9.95946089
26.565461 -10.36603336
26.664217 -11.28496602
26.762974 -11.94495004
26.861730 -11.57060139
26.960486 -10.07214747
27.059243 -8.05719920
27.157999 -6.16524664
27.256755 -4.68219131
27.355512 -3.64329043
27.454268 -3.01300208
27.553024 -2.76949730
27.651781 -2.92506646
27.750537 -3.51953758
27.849294 -4.60373426
27.948050 -6.19499609
28.046806 -8.15710401
28.145563 -10.02358247
28.244319 -11.06672650
28.343075 -10.89438465
28.441832 -9.93693917
28.540588 -9.05579888
28.639344 -8.86283087
28.738101 -9.48139400
28.836857 -10.53427627
28.935613 -11.21912003
29.034370 -10.79916561
29.133126 -9.26764303
29.231883 -7.28017605
29.330639 -5.47329858
29.429395 -4.12057531
29.528152 -3.25119174
29.626908 -2.81864038
29.725664 -2.77975790
29.824421 -3.12309182
29.923177 -3.87361592
30.021933 -5.07919039
30.120690 -6.75304161
30.219446 -8.72842414
30.318203 -10.48704586
30.416959 -11.31000875
30.515715 -10.92730945
30.614472 -9.88882579
30.713228 -9.05531906
30.811984 -8.96490787
30.910741 -9.66421067
31.009497 -10.70176787
31.108253 -11.24078452
31.207010 -10.61986710
31.305766 -8.95920696
31.404522 -6.95536635
31.503279 -5.19858244
31.602035 -3.91408103
31.700792 -3.11152978
31.799548 -2.74091984
31.898304 -2.75955579
31.997061 -3.15684751
32.095817 -3.95849188
32.194573 -5.21152510
32.293330 -6.92080903
32.392086 -8.89341323
32.490842 -10.57778939
32.589599 -11.26775411
32.688355 -10.77152005
32.787112 -9.70288769
32.885868 -8.91251226
32.984624 -8.88876892
33.083381 -9.62111575
33.182137 -10.59568855
33.280893 -10.95520266
33.379650 -10.11725974
33.478406 -8.31030735
33.577162 -6.25491077
33.675919 -4.50001223
33.774675 -3.23833606
33.873431 -2.47428479
33.972188 -2.16474811
34.070944 -2.27323308
34.169701 -2.78954940
34.268457 -3.73349401
34.367213 -5.13944410
34.465970 -6.98338914
34.564726 -9.01133068
34.663482 -10.60991443
34.762239 -11.11370790
34.860995 -10.48470581
34.959751 -9.43988246
35.058508 -8.79661516
35.157264 -8.95078019
35.256021 -9.79125436
35.354777 -10.70488818
35.453533 -10.82797705
35.552290 -9.73330834
35.651046 -7.81237963
35.749802 -5.79501577
35.848559 -4.15199922
35.947315 -3.02233246
36.046071 -2.39548880
36.144828 -2.22687315
36.243584 -2.47498117
36.342340 -3.11670358
36.441097 -4.15544878
36.539853 -5.61263940
36.638610 -7.45531199
36.737366 -9.41795102
36.836122 -10.88553617
36.934879 -11.23861856
37.033635 -10.52128811
37.132391 -9.49363921
37.231148 -8.94313791
37.329904 -9.16897923
37.428660 -9.88479216
37.527417 -10.31241598
37.626173 -9.68758274
37.724929 -7.95357136
37.823686 -5.73004672
37.922442 -3.64856538
38.021199 -1.99093476
38.119955 -0.79213613
38.218711 -0.01271386
38.317468 0.38906995
38.416224 0.45135713
38.514980 0.25383805
38.613737 0.03425244
38.712493 0.13808267
38.811249 0.60256588
38.910006 1.15504730
39.008762 1.62373131
39.107519 1.98851782
39.206275 2.27047292
39.305031 2.48904648
39.403788 2.65845273
39.502544 2.78846864
39.601300 2.88523839
39.700057 2.95287060
39.798813 2.99504993
39.897569 3.01468071
39.996326 3.01886441
40.095082 3.02076953
40.193838 3.02209578
40.292595 3.02321931
40.391351 3.02425034
40.490108 3.02523199
40.588864 3.02618481
40.687620 3.02711982
40.786377 3.02804340
40.885133 3.02895943
40.983889 3.02987039
41.082646 3.03077793
41.181402 3.03168316
41.280158 3.03258692
41.378915 3.03348989
41.477671 3.03439276
41.576428 3.03529640
41.675184 3.03620220
41.773940 3.03711274
41.872697 3.03803358
41.971453 3.03897948
42.070209 3.04000423
42.168966 3.04137311
42.267722 3.04382851
42.366478 3.04726249
42.465235 3.05119657
42.563991 3.05487308
42.662747 3.05714077
42.761504 3.05628104
42.860260 3.04973521
42.959017 3.03369793
43.057773 3.00266653
43.156529 2.94851332
43.255286 2.86025372
43.354042 2.72684276
43.452798 2.54737128
43.551555 2.35286984
43.650311 2.21475556
43.749067 2.20043804
43.847824 2.30809686
43.946580 2.46841057
44.045337 2.60898840
44.144093 2.69458788
44.242849 2.71949144
44.341606 2.68810590
44.440362 2.60475313
44.539118 2.47259794
44.637875 2.29813124
44.736631 2.10347233
44.835387 1.93909388
44.934144 1.86267942
45.032900 1.88112744
45.131656 1.92980210
45.230413 1.92223042
45.329169 1.80274774
45.427926 1.56956615
45.526682 1.29623029
45.625438 1.12422094
45.724195 1.17272381
45.822951 1.43386518
45.921707 1.78625903
46.020464 2.10505435
46.119220 2.33038670
46.217976 2.45589010
46.316733 2.49411462
46.415489 2.45630051
46.514246 2.34762044
46.613002 2.16772577
46.711758 1.91397927
46.810515 1.59323955
46.909271 1.24848603
47.008027 0.97801390
47.106784 0.88573740
47.205540 0.97892354
47.304296 1.16184684
47.403053 1.35875773
47.501809 1.57839510
47.600565 1.82824003
47.699322 2.07849395
47.798078 2.30964598
47.896835 2.50643120
47.995591 2.65947392
48.094347 2.77360478
48.193104 2.85826771
48.291860 2.92143270
48.390616 2.96886260
48.489373 3.00446645
48.588129 3.03085545
48.686885 3.04950329
48.785642 3.06087855
48.884398 3.06616985
48.983155 3.06836074
49.081911 3.06957689
49.180667 3.07060278
49.279424 3.07156587
49.378180 3.07250062
49.476936 3.07342043
49.575693 3.07433169
49.674449 3.07523780
49.773205 3.07614069
49.871962 3.07704153
49.970718 3.07794102
50.069474 3.07883961
50.168231 3.07973759
50.266987 3.08063516
50.365744 3.08153245
50.464500 3.08242954
50.563256 3.08332649
50.662013 3.08422334
50.760769 3.08511982
50.859525 3.08601309
50.958282 3.08690288
51.057038 3.08778919
51.155794 3.08867203
51.254551 3.08955141
51.353307 3.09042733
51.452064 3.09129978
51.550820 3.09216878
51.649576 3.09303433
51.748333 3.09389642
51.847089 3.09475506
51.945845 3.09561025
52.044602 3.09646199
52.143358 3.09731027
52.242114 3.09815510
52.340871 3.09899648
52.439627 3.09983441
52.538383 3.10066889
52.637140 3.10149992
52.735896 3.10232750
52.834653 3.10315163
52.933409 3.10397231
53.032165 3.10478953
53.130922 3.10560331
53.229678 3.10641364
53.328434 3.10722051
53.427191 3.10802394
53.525947 3.10882391
53.624703 3.10962044
53.723460 3.11041351
53.822216 3.11120314
53.920973 3.11198931
54.019729 3.11277204
54.118485 3.11355131
54.217242 3.11432714
54.315998 3.11509951
54.414754 3.11586843
54.513511 3.11663391
54.612267 3.11739593
54.711023 3.11815450
54.809780 3.11890963
54.908536 3.11966130
55.007292 3.12040952
55.106049 3.12115430
55.204805 3.12189562
55.303562 3.12263349
55.402318 3.12336791
55.501074 3.12409889
55.599831 3.12482641
55.698587 3.12555048
55.797343 3.12627110
55.896100 3.12698828
55.994856 3.12770200
56.093612 3.12841227
56.192369 3.12911909
56.291125 3.12982247
56.389882 3.13052239
56.488638 3.13121886
56.587394 3.13191188
56.686151 3.13260146
56.784907 3.13328758
56.883663 3.13397025
56.982420 3.13464948
57.081176 3.13532525
57.179932 3.13599757
57.278689 3.13666645
57.377445 3.13733187
57.476201 3.13799384
57.574958 3.13865237
57.673714 3.13930744
57.772471 3.13995907
57.871227 3.14060724
57.969983 3.14125197
58.068740 3.14189324
58.167496 3.14253107
58.266252 3.14316544
58.365009 3.14379637
58.463765 3.14442385
58.562521 3.14504787
58.661278 3.14566845
58.760034 3.14628558
58.858791 3.14689925
58.957547 3.14750948
59.056303 3.14811626
59.155060 3.14871959
59.253816 3.14931947
59.352572 3.14991590
59.451329 3.15050888
59.550085 3.15109841
59.648841 3.15168449
59.747598 3.15226712
59.846354 3.15284630
59.945110 3.15342203
60.043867 3.15399431
60.142623 3.15456315
60.241380 3.15512853
60.340136 3.15569046
60.438892 3.15624895
60.537649 3.15680398
60.636405 3.15735557
60.735161 3.15790370
60.833918 3.15844839
60.932674 3.15898963
61.031430 3.15952741
61.130187 3.16006175
61.228943 3.16059264
61.327700 3.16112008
61.426456 3.16164407
61.525212 3.16216461
61.623969 3.16268170
61.722725 3.16319534
61.821481 3.16370553
61.920238 3.16421228
62.018994 3.16471557
62.117750 3.16521541
62.216507 3.16571181
62.315263 3.16620475
62.414019 3.16669425
62.512776 3.16718030
62.611532 3.16766290
62.710289 3.16814204
62.809045 3.16861774
62.907801 3.16908999
63.006558 3.16955879
63.105314 3.17002415
63.204070 3.17048605
63.302827 3.17094450
63.401583 3.17139951
63.500339 3.17185106
63.599096 3.17229917
63.697852 3.17274382
63.796609 3.17318503
63.895365 3.17362279
63.994121 3.17405710
64.092878 3.17448796
64.191634 3.17491537
64.290390 3.17533933
64.389147 3.17575984
64.487903 3.17617691
64.586659 3.17659052
64.685416 3.17700069
64.784172 3.17740740
64.882928 3.17781067
64.981685 3.17821049
65.080441 3.17860686
65.179198 3.17899978
65.277954 3.17938925
65.376710 3.17977527
65.475467 3.18015785
65.574223 3.18053697
65.672979 3.18091265
65.771736 3.18128487
65.870492 3.18165365
65.969248 3.18201898
66.068005 3.18238086
66.166761 3.18273929
66.265518 3.18309427
66.364274 3.18344580
66.463030 3.18379389
66.561787 3.18413852
66.660543 3.18447971
66.759299 3.18481745
66.858056 3.18515174
66.956812 3.18548258
67.055568 3.18580997
67.154325 3.18613391
67.253081 3.18645440
67.351837 3.18677145
67.450594 3.18708504
67.549350 3.18739519
67.648107 3.18770189
67.746863 3.18800514
67.845619 3.18830494
67.944376 3.18860129
68.043132 3.18889420
68.141888 3.18918365
68.240645 3.18946966
68.339401 3.18975221
68.438157 3.19003132
68.536914 3.19030698
68.635670 3.19057919
68.734427 3.19084796
68.833183 3.19111327
68.931939 3.19137514
69.030696 3.19163355
69.129452 3.19188852
69.228208 3.19214004
69.326965 3.19238811
69.425721 3.19263273
69.524477 3.19287391
69.623234 3.19311163
69.721990 3.19334591
69.820746 3.19357674
69.919503 3.19380412
70.018259 3.19402805
70.117016 3.19424853
70.215772 3.19446557
70.314528 3.19467915
70.413285 3.19488929
70.512041 3.19509598
70.610797 3.19529922
70.709554 3.19549901
70.808310 3.19569535
70.907066 3.19588825
71.005823 3.19607770
71.104579 3.19626369
71.203336 3.19644624
71.302092 3.19662535
71.400848 3.19680100
71.499605 3.19697320
71.598361 3.19714196
71.697117 3.19730756
71.795874 3.19747287
71.894630 3.19763817
71.993386 3.19780348
72.092143 3.19796879
72.190899 3.19813409
72.289655 3.19829940
72.388412 3.19846472
72.487168 3.19863011
72.585925 3.19879534
