0.098756 1.55489142
0.197513 1.55489474
0.296269 1.55489118
0.395025 1.55489081
0.493782 1.55489084
0.592538 1.55489089
0.691295 1.55489092
0.790051 1.55489096
0.888807 1.55489100
0.987564 1.55489104
1.086320 1.55489108
1.185076 1.55489112
1.283833 1.55489115
1.382589 1.55489119
1.481345 1.55489123
1.580102 1.55489126
1.678858 1.55489130
1.777614 1.55489134
1.876371 1.55489137
1.975127 1.55489140
2.073884 1.55489144
2.172640 1.55489147
2.271396 1.55489150
2.370153 1.55489154
2.468909 1.55489157
2.567665 1.55489160
2.666422 1.55489162
2.765178 1.55489165
2.863934 1.55489168
2.962691 1.55489171
3.061447 1.55489173
3.160204 1.55489176
3.258960 1.55489178
3.357716 1.55489180
3.456473 1.55489182
3.555229 1.55489185
3.653985 1.55489186
3.752742 1.55489188
3.851498 1.55489190
3.950254 1.55489191
4.049011 1.55489192
4.147767 1.55489193
4.246523 1.55489194
4.345280 1.55489195
4.444036 1.55489196
4.542793 1.55489196
4.641549 1.55489196
4.740305 1.55489196
4.839062 1.55489196
4.937818 1.55489195
5.036574 1.55489195
5.135331 1.55489194
5.234087 1.55489193
5.332843 1.55489191
5.431600 1.55489189
5.530356 1.55489188
5.629113 1.55489185
5.727869 1.55489183
5.826625 1.55489180
5.925382 1.55489177
6.024138 1.55489173
6.122894 1.55489169
6.221651 1.55489165
6.320407 1.55489161
6.419163 1.55489156
6.517920 1.55489150
6.616676 1.55489144
6.715432 1.55489139
6.814189 1.55489132
6.912945 1.55489125
7.011702 1.55489117
7.110458 1.55489110
7.209214 1.55489101
7.307971 1.55489092
7.406727 1.55489083
7.505483 1.55489073
7.604240 1.55489062
7.702996 1.55489052
7.801752 1.55489040
7.900509 1.55489028
7.999265 1.55489015
8.098022 1.55489002
8.196778 1.55488988
8.295534 1.55488973
8.394291 1.55488958
8.493047 1.55488942
8.591803 1.55488925
8.690560 1.55488908
8.789316 1.55488890
8.888072 1.55488871
8.986829 1.55488851
9.085585 1.55488831
9.184341 1.55488809
9.283098 1.55488787
9.381854 1.55488764
9.480611 1.55488740
9.579367 1.55488715
9.678123 1.55488690
9.776880 1.55488663
9.875636 1.55488635
9.974392 1.55488607
10.073149 1.55488577
10.171905 1.55488546
10.270661 1.55488515
10.369418 1.55488482
10.468174 1.55488448
10.566931 1.55488413
10.665687 1.55488377
10.764443 1.55488339
10.863200 1.55488300
10.961956 1.55488260
11.060712 1.55488220
11.159469 1.55488177
11.258225 1.55488133
11.356981 1.55488088
11.455738 1.55488042
11.554494 1.55487994
11.653250 1.55487945
11.752007 1.55487894
11.850763 1.55487842
11.949520 1.55487788
12.048276 1.55487733
12.147032 1.55487676
12.245789 1.55487618
12.344545 1.55487558
12.443301 1.55487497
12.542058 1.55487433
12.640814 1.55487368
12.739570 1.55487301
12.838327 1.55487233
12.937083 1.55487163
13.035840 1.55487091
13.134596 1.55487016
13.233352 1.55486941
13.332109 1.55486863
13.430865 1.55486783
13.529621 1.55486701
13.628378 1.55486617
13.727134 1.55486531
13.825890 1.55486444
13.924647 1.55486353
14.023403 1.55486261
14.122159 1.55486167
14.220916 1.55486070
14.319672 1.55485971
14.418429 1.55485870
14.517185 1.55485766
14.615941 1.55485661
14.714698 1.55485552
14.813454 1.55485442
14.912210 1.55485328
15.010967 1.55485213
15.109723 1.55485095
15.208479 1.55484974
15.307236 1.55484850
15.405992 1.55484724
15.504749 1.55484596
15.603505 1.55484464
15.702261 1.55484330
15.801018 1.55484193
15.899774 1.55484053
15.998530 1.55483910
16.097287 1.55483764
16.196043 1.55483615
16.294799 1.55483463
16.393556 1.55483308
16.492312 1.55483150
16.591068 1.55482988
16.689825 1.55482823
16.788581 1.55482655
16.887338 1.55482483
16.986094 1.55482308
17.084850 1.55482129
17.183607 1.55481946
17.282363 1.55481759
17.381119 1.55481568
17.479876 1.55481372
17.578632 1.55481172
17.677388 1.55480967
17.776145 1.55480756
17.874901 1.55480540
17.973658 1.55480319
18.072414 1.55480090
18.171170 1.55479855
18.269927 1.55479612
18.368683 1.55479360
18.467439 1.55479098
18.566196 1.55478826
18.664952 1.55478541
18.763708 1.55478242
18.862465 1.55477928
18.961221 1.55477595
19.059977 1.55477241
19.158734 1.55476861
19.257490 1.55476454
19.356247 1.55476012
19.455003 1.55475530
19.553759 1.55475001
19.652516 1.55474417
19.751272 1.55473767
19.850028 1.55473038
19.948785 1.55472216
20.047541 1.55471282
20.146297 1.55470213
20.245054 1.55468985
20.343810 1.55467565
20.442567 1.55465913
20.541323 1.55463982
20.640079 1.55461716
20.738836 1.55459043
20.837592 1.55455880
20.936348 1.55452122
21.035105 1.55447642
21.133861 1.55442283
21.232617 1.55435855
21.331374 1.55428121
21.430130 1.55418791
21.528886 1.55407502
21.627643 1.55393808
21.726399 1.55377149
21.825156 1.55356829
21.923912 1.55331969
22.022668 1.55301469
22.121425 1.55263931
22.220181 1.55217586
22.318937 1.55160171
22.417694 1.55088791
22.516450 1.54999716
22.615206 1.54888125
22.713963 1.54747745
22.812719 1.54570395
22.911476 1.54345328
23.010232 1.54058387
23.108988 1.53690801
23.207745 1.53217621
23.306501 1.52605448
23.405257 1.51809514
23.504014 1.50769369
23.602770 1.49403316
23.701526 1.47600180
23.800283 1.45208579
23.899039 1.42021128
23.997795 1.37753637
24.096552 1.32015006
24.195308 1.24267006
24.294065 1.13769113
24.392821 0.99501251
24.491577 0.80073304
24.590334 0.53577149
24.689090 0.17560958
24.787846 -0.29911880
24.886603 -0.83931521
24.985359 -1.22024368
25.084115 -1.22191135
25.182872 -1.00582588
25.281628 -0.91949515
25.380385 -1.14573843
25.479141 -1.74419439
25.577897 -2.74716652
25.676654 -4.18361406
25.775410 -6.05810861
25.874166 -8.26304288
25.972923 -10.40942939
26.071679 -11.80672075
26.170435 -11.95914445
26.269192 -11.15727213
26.367948 -10.25973280
26.466704 -9.97394768
26.565461 -10.48883684
26.664217 -11.43099917
26.762974 -11.98634603
26.861730 -11.43990713
26.960486 -9.82337858
27.059243 -7.79245004
27.157999 -5.94520333
27.256755 -4.51867713
27.355512 -3.52947267
27.454268 -2.94331626
27.553024 -2.74551096
27.651781 -2.95467823
27.750537 -3.61366457
27.849294 -4.77144839
27.948050 -6.43230918
28.046806 -8.42171904
28.145563 -10.21879041
28.244319 -11.09773237
28.343075 -10.77083586
28.441832 -9.77329470
28.540588 -8.96618838
28.639344 -8.89508069
28.738101 -9.61168578
28.836857 -10.66667644
28.935613 -11.22360939
29.034370 -10.61946738
29.133126 -8.97233882
29.231883 -6.97851738
29.330639 -5.22925715
29.429395 -3.95048262
29.528152 -3.15222692
29.626908 -2.78548573
29.725664 -2.80985377
29.824421 -3.21792732
29.923177 -4.03813850
30.021933 -5.31775349
30.120690 -7.05541851
30.219446 -9.04068641
30.318203 -10.70185388
30.416959 -11.34054496
30.515715 -10.80748482
30.614472 -9.74756498
30.713228 -9.00363101
30.811984 -9.04106871
30.910741 -9.83172551
31.009497 -10.84997768
31.108253 -11.23717938
31.207010 -10.42617408
31.305766 -8.66246672
31.404522 -6.66677413
31.503279 -4.97540660
31.602035 -3.76709936
31.700792 -3.03443188
31.799548 -2.72593174
31.898304 -2.80292415
31.997061 -3.26062530
32.095817 -4.12967287
32.194573 -5.45642337
32.293330 -7.22785876
32.392086 -9.20131099
32.490842 -10.77148148
32.589599 -11.26547651
32.688355 -10.62327880
32.787112 -9.54758561
32.885868 -8.85985401
32.984624 -8.96998517
33.083381 -9.78780861
33.182137 -10.72382548
33.280893 -10.91223097
33.379650 -9.88244686
33.478406 -7.98547752
33.577162 -5.95146825
33.675919 -4.27026109
33.774675 -3.09074426
33.873431 -2.40257810
33.972188 -2.16171986
34.070944 -2.33545030
34.169701 -2.91906155
34.268457 -3.93690476
34.367213 -5.42083861
34.465970 -7.32271691
34.564726 -9.33005693
34.663482 -10.78134902
34.762239 -11.07181050
34.860995 -10.31010078
34.959751 -9.28483342
35.058508 -8.76429562
35.157264 -9.05729412
35.256021 -9.96459702
35.354777 -10.79813361
35.453533 -10.71432847
35.552290 -9.42604250
35.651046 -7.43617890
35.749802 -5.45891202
35.848559 -3.89964280
35.947315 -2.85873760
36.046071 -2.31478313
36.144828 -2.22301531
36.243584 -2.54478781
36.342340 -3.26107370
36.441097 -4.37885611
36.539853 -5.91620788
36.638610 -7.81353870
36.737366 -9.74351624
36.836122 -11.04732177
36.934879 -11.18058465
37.033635 -10.34075240
37.132391 -9.34984838
37.231148 -8.93187817
37.329904 -9.28177478
37.428660 -10.01049055
37.527417 -10.29054964
37.626173 -9.44201490
37.724929 -7.56061237
37.823686 -5.31921814
37.922442 -3.29485037
38.021199 -1.71122571
38.119955 -0.58137420
38.218711 0.13637649
38.317468 0.48157209
38.416224 0.49396749
38.514980 0.27143199
38.613737 0.08595571
38.712493 0.26291637
38.811249 0.76441871
38.910006 1.31061584
39.008762 1.76257966
39.107519 2.11359299
39.206275 2.38553031
39.305031 2.59678537
39.403788 2.76075427
39.502544 2.88654420
39.601300 2.97957999
39.700057 3.04346034
39.798813 3.08174727
39.897569 3.09757419
39.996326 3.10090598
40.095082 3.10270562
40.193838 3.10408565
40.292595 3.10530113
40.391351 3.10643627
40.490108 3.10752706
40.588864 3.10859149
40.687620 3.10963946
40.786377 3.11067678
40.885133 3.11170705
40.983889 3.11273259
41.082646 3.11375491
41.181402 3.11477509
41.280158 3.11579391
41.378915 3.11681201
41.477671 3.11783007
41.576428 3.11884892
41.675184 3.11986989
41.773940 3.12089543
41.872697 3.12193070
41.971453 3.12298905
42.070209 3.12411731
42.168966 3.12552901
42.267722 3.12799000
42.366478 3.13146308
42.465235 3.13549702
42.563991 3.13936631
42.662747 3.14196651
42.761504 3.14164590
42.860260 3.13594204
42.959017 3.12120444
43.057773 3.09212822
43.156529 3.04087369
43.255286 2.95672604
43.354042 2.82836436
43.452798 2.65292878
43.551555 2.45735572
43.650311 2.31003383
43.749067 2.28199745
43.847824 2.37995506
43.946580 2.53890942
44.045337 2.68396170
44.144093 2.77587368
44.242849 2.80695939
44.341606 2.78126106
44.440362 2.70326080
44.539118 2.57618460
44.637875 2.40576425
44.736631 2.21173718
44.835387 2.04181476
44.934144 1.95546841
45.032900 1.96730540
45.131656 2.01869969
45.230413 2.02221331
45.329169 1.91625170
45.427926 1.68928772
45.526682 1.40461423
45.625438 1.20509924
45.724195 1.22775887
45.822951 1.48036834
45.921707 1.83956407
46.020464 2.17021360
46.119220 2.40633772
46.217976 2.54049565
46.316733 2.58587963
46.415489 2.55443503
46.514246 2.45188577
46.613002 2.27821221
46.711758 2.03036963
46.810515 1.71266057
46.909271 1.36254557
47.008027 1.07524689
47.106784 0.96238666
47.205540 1.04539222
47.304296 1.23538221
47.403053 1.44758998
47.501809 1.66822553
47.600565 1.90480203
47.699322 2.14826356
47.798078 2.38157323
47.896835 2.58300726
47.995591 2.74023295
48.094347 2.85755468
48.193104 2.94457890
48.291860 3.00950123
48.390616 3.05826354
48.489373 3.09492009
48.588129 3.12219188
48.686885 3.14167666
48.785642 3.15406677
48.884398 3.15993359
48.983155 3.16234573
49.081911 3.16369846
49.180667 3.16484725
49.279424 3.16592887
49.378180 3.16698024
49.476936 3.16801568
49.575693 3.16904201
49.674449 3.17006286
49.773205 3.17108028
49.871962 3.17209550
49.970718 3.17310929
50.069474 3.17412212
50.168231 3.17513431
50.266987 3.17614605
50.365744 3.17715749
50.464500 3.17816873
50.563256 3.17917981
50.662013 3.18019080
50.760769 3.18120135
50.859525 3.18220808
50.958282 3.18321066
51.057038 3.18420909
51.155794 3.18520337
51.254551 3.18619352
51.353307 3.18717954
51.452064 3.18816143
51.550820 3.18913919
51.649576 3.19011283
51.748333 3.19108235
51.847089 3.19204774
51.945845 3.19300901
52.044602 3.19396616
52.143358 3.19491919
52.242114 3.19586810
52.340871 3.19681289
52.439627 3.19775356
52.538383 3.19869010
52.637140 3.19962253
52.735896 3.20055084
52.834653 3.20147502
52.933409 3.20239509
53.032165 3.20331104
53.130922 3.20422286
53.229678 3.20513057
53.328434 3.20603416
53.427191 3.20693362
53.525947 3.20782897
53.624703 3.20872019
53.723460 3.20960730
53.822216 3.21049028
53.920973 3.21136915
54.019729 3.21224390
54.118485 3.21311452
54.217242 3.21398102
54.315998 3.21484341
54.414754 3.21570167
54.513511 3.21655582
54.612267 3.21740584
54.711023 3.21825174
54.809780 3.21909353
54.908536 3.21993119
55.007292 3.22076473
55.106049 3.22159416
55.204805 3.22241946
55.303562 3.22324064
55.402318 3.22405770
55.501074 3.22487064
55.599831 3.22567946
55.698587 3.22648416
55.797343 3.22728474
55.896100 3.22808120
55.994856 3.22887354
56.093612 3.22966175
56.192369 3.23044585
56.291125 3.23122583
56.389882 3.23200168
56.488638 3.23277342
56.587394 3.23354103
56.686151 3.23430453
56.784907 3.23506390
56.883663 3.23581915
56.982420 3.23657028
57.081176 3.23731729
57.179932 3.23806019
57.278689 3.23879896
57.377445 3.23953360
57.476201 3.24026413
57.574958 3.24099054
57.673714 3.24171283
57.772471 3.24243099
57.871227 3.24314504
57.969983 3.24385496
58.068740 3.24456077
58.167496 3.24526245
58.266252 3.24596001
58.365009 3.24665345
58.463765 3.24734277
58.562521 3.24802797
58.661278 3.24870905
58.760034 3.24938601
58.858791 3.25005885
58.957547 3.25072756
59.056303 3.25139216
59.155060 3.25205263
59.253816 3.25270898
59.352572 3.25336122
59.451329 3.25400933
59.550085 3.25465332
59.648841 3.25529319
59.747598 3.25592893
59.846354 3.25656056
59.945110 3.25718807
60.043867 3.25781145
60.142623 3.25843072
60.241380 3.25904586
60.340136 3.25965688
60.438892 3.26026379
60.537649 3.26086657
60.636405 3.26146523
60.735161 3.26205976
60.833918 3.26265018
60.932674 3.26323648
61.031430 3.26381865
61.130187 3.26439671
61.228943 3.26497064
61.327700 3.26554045
61.426456 3.26610614
61.525212 3.26666771
61.623969 3.26722516
61.722725 3.26777849
61.821481 3.26832770
61.920238 3.26887278
62.018994 3.26941375
62.117750 3.26995059
62.216507 3.27048331
62.315263 3.27101191
62.414019 3.27153639
62.512776 3.27205675
62.611532 3.27257299
62.710289 3.27308511
62.809045 3.27359310
62.907801 3.27409698
63.006558 3.27459673
63.105314 3.27509237
63.204070 3.27558388
63.302827 3.27607127
63.401583 3.27655454
63.500339 3.27703369
63.599096 3.27750871
63.697852 3.27797962
63.796609 3.27844640
63.895365 3.27890907
63.994121 3.27936761
64.092878 3.27982203
64.191634 3.28027233
64.290390 3.28071851
64.389147 3.28116057
64.487903 3.28159851
64.586659 3.28203232
64.685416 3.28246202
64.784172 3.28288759
64.882928 3.28330905
64.981685 3.28372638
65.080441 3.28413959
65.179198 3.28454868
65.277954 3.28495365
65.376710 3.28535449
65.475467 3.28575122
65.574223 3.28614383
65.672979 3.28653231
65.771736 3.28691667
65.870492 3.28729692
65.969248 3.28767304
66.068005 3.28804504
66.166761 3.28841292
66.265518 3.28877667
66.364274 3.28913631
66.463030 3.28949183
66.561787 3.28984322
66.660543 3.29019049
66.759299 3.29053365
66.858056 3.29087268
66.956812 3.29120759
67.055568 3.29153838
67.154325 3.29186504
67.253081 3.29218759
67.351837 3.29250602
67.450594 3.29282032
67.549350 3.29313051
67.648107 3.29343657
67.746863 3.29373851
67.845619 3.29403633
67.944376 3.29433003
68.043132 3.29461961
68.141888 3.29490507
68.240645 3.29518641
68.339401 3.29546362
68.438157 3.29573672
68.536914 3.29600569
68.635670 3.29627054
68.734427 3.29653127
68.833183 3.29678789
68.931939 3.29704038
69.030696 3.29728874
69.129452 3.29753299
69.228208 3.29777312
69.326965 3.29800912
69.425721 3.29824101
69.524477 3.29846877
69.623234 3.29869242
69.721990 3.29891194
69.820746 3.29912734
69.919503 3.29933862
70.018259 3.29954578
70.117016 3.29974882
70.215772 3.29994773
70.314528 3.30014253
70.413285 3.30033321
70.512041 3.30051976
70.610797 3.30070219
70.709554 3.30088051
70.808310 3.30105470
70.907066 3.30122477
71.005823 3.30139072
71.104579 3.30155255
71.203336 3.30171026
71.302092 3.30186384
71.400848 3.30201331
71.499605 3.30215865
71.598361 3.30229987
71.697117 3.30243733
71.795874 3.30257443
71.894630 3.30271153
71.993386 3.30284864
72.092143 3.30298574
72.190899 3.30312284
72.289655 3.30325995
72.388412 3.30339706
72.487168 3.30353422
72.585925 3.30367127
