0.098756 1.52815073
0.197513 1.52815064
0.296269 1.52815068
0.395025 1.52815068
0.493782 1.52815067
0.592538 1.52815067
0.691295 1.52815066
0.790051 1.52815066
0.888807 1.52815066
0.987564 1.52815067
1.086320 1.52815068
1.185076 1.52815070
1.283833 1.52815072
1.382589 1.52815075
1.481345 1.52815078
1.580102 1.52815082
1.678858 1.52815087
1.777614 1.52815093
1.876371 1.52815100
1.975127 1.52815107
2.073884 1.52815116
2.172640 1.52815125
2.271396 1.52815135
2.370153 1.52815147
2.468909 1.52815160
2.567665 1.52815173
2.666422 1.52815188
2.765178 1.52815205
2.863934 1.52815222
2.962691 1.52815241
3.061447 1.52815261
3.160204 1.52815283
3.258960 1.52815306
3.357716 1.52815331
3.456473 1.52815357
3.555229 1.52815385
3.653985 1.52815415
3.752742 1.52815446
3.851498 1.52815479
3.950254 1.52815514
4.049011 1.52815551
4.147767 1.52815590
4.246523 1.52815630
4.345280 1.52815673
4.444036 1.52815717
4.542793 1.52815764
4.641549 1.52815812
4.740305 1.52815863
4.839062 1.52815916
4.937818 1.52815972
5.036574 1.52816029
5.135331 1.52816089
5.234087 1.52816151
5.332843 1.52816216
5.431600 1.52816283
5.530356 1.52816353
5.629113 1.52816425
5.727869 1.52816499
5.826625 1.52816577
5.925382 1.52816657
6.024138 1.52816739
6.122894 1.52816825
6.221651 1.52816913
6.320407 1.52817004
6.419163 1.52817098
6.517920 1.52817195
6.616676 1.52817294
6.715432 1.52817397
6.814189 1.52817503
6.912945 1.52817612
7.011702 1.52817723
7.110458 1.52817839
7.209214 1.52817957
7.307971 1.52818079
7.406727 1.52818203
7.505483 1.52818332
7.604240 1.52818463
7.702996 1.52818598
7.801752 1.52818736
7.900509 1.52818878
7.999265 1.52819023
8.098022 1.52819173
8.196778 1.52819325
8.295534 1.52819481
8.394291 1.52819641
8.493047 1.52819805
8.591803 1.52819972
8.690560 1.52820143
8.789316 1.52820318
8.888072 1.52820498
8.986829 1.52820680
9.085585 1.52820867
9.184341 1.52821058
9.283098 1.52821253
9.381854 1.52821452
9.480611 1.52821656
9.579367 1.52821863
9.678123 1.52822075
9.776880 1.52822291
9.875636 1.52822511
9.974392 1.52822736
10.073149 1.52822965
10.171905 1.52823198
10.270661 1.52823436
10.369418 1.52823679
10.468174 1.52823926
10.566931 1.52824178
10.665687 1.52824434
10.764443 1.52824696
10.863200 1.52824962
10.961956 1.52825232
11.060712 1.52825508
11.159469 1.52825789
11.258225 1.52826074
11.356981 1.52826365
11.455738 1.52826661
11.554494 1.52826961
11.653250 1.52827267
11.752007 1.52827578
11.850763 1.52827895
11.949520 1.52828217
12.048276 1.52828544
12.147032 1.52828876
12.245789 1.52829214
12.344545 1.52829558
12.443301 1.52829907
12.542058 1.52830262
12.640814 1.52830622
12.739570 1.52830988
12.838327 1.52831360
12.937083 1.52831738
13.035840 1.52832122
13.134596 1.52832512
13.233352 1.52832907
13.332109 1.52833309
13.430865 1.52833717
13.529621 1.52834132
13.628378 1.52834552
13.727134 1.52834979
13.825890 1.52835412
13.924647 1.52835852
14.023403 1.52836298
14.122159 1.52836751
14.220916 1.52837210
14.319672 1.52837676
14.418429 1.52838149
14.517185 1.52838629
14.615941 1.52839115
14.714698 1.52839609
14.813454 1.52840109
14.912210 1.52840617
15.010967 1.52841132
15.109723 1.52841654
15.208479 1.52842183
15.307236 1.52842720
15.405992 1.52843264
15.504749 1.52843816
15.603505 1.52844375
15.702261 1.52844942
15.801018 1.52845516
15.899774 1.52846099
15.998530 1.52846688
16.097287 1.52847286
16.196043 1.52847891
16.294799 1.52848506
16.393556 1.52849127
16.492312 1.52849757
16.591068 1.52850394
16.689825 1.52851041
16.788581 1.52851694
16.887338 1.52852357
16.986094 1.52853026
17.084850 1.52853705
17.183607 1.52854391
17.282363 1.52855086
17.381119 1.52855787
17.479876 1.52856498
17.578632 1.52857215
17.677388 1.52857941
17.776145 1.52858673
17.874901 1.52859414
17.973658 1.52860158
18.072414 1.52860912
18.171170 1.52861668
18.269927 1.52862432
18.368683 1.52863197
18.467439 1.52863968
18.566196 1.52864738
18.664952 1.52865510
18.763708 1.52866279
18.862465 1.52867046
18.961221 1.52867804
19.059977 1.52868556
19.158734 1.52869291
19.257490 1.52870012
19.356247 1.52870706
19.455003 1.52871373
19.553759 1.52871999
19.652516 1.52872580
19.751272 1.52873099
19.850028 1.52873549
19.948785 1.52873905
20.047541 1.52874155
20.146297 1.52874267
20.245054 1.52874219
20.343810 1.52873969
20.442567 1.52873479
20.541323 1.52872692
20.640079 1.52871550
20.738836 1.52869969
20.837592 1.52867863
20.936348 1.52865110
21.035105 1.52861578
21.133861 1.52857087
21.232617 1.52851435
21.331374 1.52844356
21.430130 1.52835537
21.528886 1.52824577
21.627643 1.52810993
21.726399 1.52794166
21.825156 1.52773342
21.923912 1.52747555
22.022668 1.52715609
22.121425 1.52675973
22.220181 1.52626719
22.318937 1.52565371
22.417694 1.52488777
22.516450 1.52392853
22.615206 1.52272343
22.713963 1.52120387
22.812719 1.51928048
22.911476 1.51683567
23.010232 1.51371462
23.108988 1.50971173
23.207745 1.50455372
23.306501 1.49787439
23.405257 1.48918259
23.504014 1.47781458
23.602770 1.46287268
23.701526 1.44313439
23.800283 1.41693395
23.899039 1.38198804
23.997795 1.33516589
24.096552 1.27215847
24.195308 1.18703451
24.294065 1.07164125
24.392821 0.91474991
24.491577 0.70109408
24.590334 0.40982839
24.689090 0.01550521
24.787846 -0.49150284
24.886603 -1.01805328
24.985359 -1.29883281
25.084115 -1.19858524
25.182872 -0.98707184
25.281628 -0.98026396
25.380385 -1.31100013
25.479141 -2.02525489
25.577897 -3.15437551
25.676654 -4.72465394
25.775410 -6.72103135
25.874166 -8.96831616
25.972923 -10.96735808
26.071679 -12.01081184
26.170435 -11.80325366
26.269192 -10.87402356
26.367948 -10.10715211
26.466704 -10.06767094
26.565461 -10.77404388
26.664217 -11.69279982
26.762974 -11.95981580
26.861730 -11.04123667
26.960486 -9.21624161
27.059243 -7.19210712
27.157999 -5.46323873
27.256755 -4.17721794
27.355512 -3.32090299
27.454268 -2.86108133
27.553024 -2.79169984
27.651781 -3.13933027
27.750537 -3.95106806
27.849294 -5.27055291
27.948050 -7.06614217
28.046806 -9.06601165
28.145563 -10.64040500
28.244319 -11.12333317
28.343075 -10.48967112
28.441832 -9.46192940
28.540588 -8.85013023
28.639344 -9.04412018
28.738101 -9.93905329
28.836857 -10.93595313
28.935613 -11.16990888
29.034370 -10.18496926
29.133126 -8.34557229
29.231883 -6.38032122
29.330639 -4.76794595
29.429395 -3.64539378
29.528152 -2.99222005
29.626908 -2.75825415
29.725664 -2.91161271
29.824421 -3.45595407
29.923177 -4.42786259
30.021933 -5.86869684
30.120690 -7.72996345
30.219446 -9.68648209
30.318203 -11.06600932
30.416959 -11.27891581
30.515715 -10.46512273
30.614472 -9.42358925
30.713228 -8.90959461
30.811984 -9.22289887
30.910741 -10.17399806
31.009497 -11.09223017
31.108253 -11.12658224
31.207010 -9.94990701
31.305766 -8.03499562
31.404522 -6.09854877
31.503279 -4.55548268
31.602035 -3.50256139
31.700792 -2.90700308
31.799548 -2.71892840
31.898304 -2.91152033
31.997061 -3.49480491
32.095817 -4.50976741
32.194573 -5.99489488
32.293330 -7.88167551
32.392086 -9.80380304
32.490842 -11.06584374
32.589599 -11.13291697
32.688355 -10.23997215
32.787112 -9.21717245
32.885868 -8.77866325
32.984624 -9.16385509
33.083381 -10.11612839
33.182137 -10.90834016
33.280893 -10.71781650
33.379650 -9.33762464
33.478406 -7.32320624
33.577162 -5.37252345
33.675919 -3.85319190
33.774675 -2.84228106
33.873431 -2.30961793
33.972188 -2.21282143
34.070944 -2.52822954
34.169701 -3.26247883
34.268457 -4.44698281
34.367213 -6.09930627
34.465970 -8.10071182
34.564726 -10.00388735
34.663482 -11.08852185
34.762239 -10.94849184
34.860995 -9.99218962
34.959751 -9.08366448
35.058508 -8.85058918
35.157264 -9.42241625
35.256021 -10.42499540
35.354777 -11.05449488
35.453533 -10.57732151
35.552290 -8.99835021
35.651046 -6.97560145
35.749802 -5.14545611
35.848559 -3.78783319
35.947315 -2.93802853
36.046071 -2.55285613
36.144828 -2.58367477
36.243584 -3.00066558
36.342340 -3.80572755
36.441097 -5.02936662
36.539853 -6.68863173
36.638610 -8.65363431
36.737366 -10.45614337
36.836122 -11.38892077
36.934879 -11.12663129
37.033635 -10.15908121
37.132391 -9.35273194
37.231148 -9.26213576
37.329904 -9.86820217
37.428660 -10.58932617
37.527417 -10.56078406
37.626173 -9.33373911
37.724929 -7.27585593
37.823686 -5.09276553
37.922442 -3.23677795
38.021199 -1.83977793
38.119955 -0.88945883
38.218711 -0.34409644
38.317468 -0.16473263
38.416224 -0.29962608
38.514980 -0.60168948
38.613737 -0.74217990
38.712493 -0.47970370
38.811249 0.01746197
38.910006 0.49170040
39.008762 0.86272431
39.107519 1.14152669
39.206275 1.35058709
39.305031 1.50721448
39.403788 1.62333551
39.502544 1.70678301
39.601300 1.76355220
39.700057 1.79836525
39.798813 1.81546825
39.897569 1.81868492
39.996326 1.81806543
40.095082 1.81695455
40.193838 1.81573507
40.292595 1.81447595
40.391351 1.81319733
40.490108 1.81190722
40.588864 1.81060950
40.687620 1.80930640
40.786377 1.80799935
40.885133 1.80668935
40.983889 1.80537711
41.082646 1.80406318
41.181402 1.80274793
41.280158 1.80143167
41.378915 1.80011463
41.477671 1.79879705
41.576428 1.79747926
41.675184 1.79616187
41.773940 1.79484618
41.872697 1.79353537
41.971453 1.79223840
42.070209 1.79098685
42.168966 1.78991388
42.267722 1.78971886
42.366478 1.79052499
42.465235 1.79194276
42.563991 1.79331360
42.662747 1.79362834
42.761504 1.79137047
42.860260 1.78427541
42.959017 1.76898188
43.057773 1.74058710
43.156529 1.69180373
43.255286 1.61251974
43.354042 1.49111344
43.452798 1.32150719
43.551555 1.12296091
43.650311 0.95667613
43.749067 0.89857991
43.847824 0.97205480
43.946580 1.12286949
44.045337 1.27259504
44.144093 1.37374810
44.242849 1.41401072
44.341606 1.39631877
44.440362 1.32536197
44.539118 1.20457639
44.637875 1.03867723
44.736631 0.84365000
44.835387 0.66200988
44.934144 0.55469405
45.032900 0.54891295
45.131656 0.59806474
45.230413 0.61519212
45.329169 0.53105959
45.427926 0.32169950
45.526682 0.03276769
45.625438 -0.20383865
45.724195 -0.23570428
45.822951 -0.02230798
45.921707 0.32857017
46.020464 0.67163900
46.119220 0.92559944
46.217976 1.07571913
46.316733 1.13414776
46.415489 1.11381402
46.514246 1.02171804
46.613002 0.85885321
46.711758 0.62227466
46.810515 0.31334313
46.909271 -0.03944071
47.008027 -0.35112416
47.106784 -0.50461631
47.205540 -0.45455282
47.304296 -0.27625681
47.403053 -0.06796771
47.501809 0.14046041
47.600565 0.36299344
47.699322 0.60318122
47.798078 0.84191446
47.896835 1.05063438
47.995591 1.21352522
48.094347 1.33422671
48.193104 1.42275335
48.291860 1.48782999
48.390616 1.53583296
48.489373 1.57116444
48.588129 1.59680263
48.686885 1.61458151
48.785642 1.62542118
48.884398 1.62964498
48.983155 1.62985219
49.081911 1.62885600
49.180667 1.62764625
49.279424 1.62637366
49.378180 1.62507619
49.476936 1.62376714
49.575693 1.62245221
49.674449 1.62113413
49.773205 1.61981430
49.871962 1.61849347
49.970718 1.61717205
50.069474 1.61585029
50.168231 1.61452834
50.266987 1.61320626
50.365744 1.61188412
50.464500 1.61056193
50.563256 1.60923972
50.662013 1.60791751
50.760769 1.60659593
50.859525 1.60528125
50.958282 1.60397412
51.057038 1.60267454
51.155794 1.60138250
51.254551 1.60009802
51.353307 1.59882108
51.452064 1.59755168
51.550820 1.59628983
51.649576 1.59503553
51.748333 1.59378877
51.847089 1.59254956
51.945845 1.59131789
52.044602 1.59009376
52.143358 1.58887718
52.242114 1.58766815
52.340871 1.58646665
52.439627 1.58527270
52.538383 1.58408630
52.637140 1.58290744
52.735896 1.58173612
52.834653 1.58057234
52.933409 1.57941611
53.032165 1.57826743
53.130922 1.57712628
53.229678 1.57599268
53.328434 1.57486662
53.427191 1.57374811
53.525947 1.57263713
53.624703 1.57153371
53.723460 1.57043782
53.822216 1.56934948
53.920973 1.56826868
54.019729 1.56719543
54.118485 1.56612971
54.217242 1.56507154
54.315998 1.56402092
54.414754 1.56297784
54.513511 1.56194230
54.612267 1.56091430
54.711023 1.55989385
54.809780 1.55888094
54.908536 1.55787557
55.007292 1.55687775
55.106049 1.55588747
55.204805 1.55490473
55.303562 1.55392953
55.402318 1.55296188
55.501074 1.55200178
55.599831 1.55104921
55.698587 1.55010419
55.797343 1.54916671
55.896100 1.54823678
55.994856 1.54731439
56.093612 1.54639954
56.192369 1.54549223
56.291125 1.54459247
56.389882 1.54370025
56.488638 1.54281557
56.587394 1.54193844
56.686151 1.54106885
56.784907 1.54020681
56.883663 1.53935230
56.982420 1.53850535
57.081176 1.53766593
57.179932 1.53683406
57.278689 1.53600973
57.377445 1.53519294
57.476201 1.53438370
57.574958 1.53358200
57.673714 1.53278784
57.772471 1.53200123
57.871227 1.53122216
57.969983 1.53045064
58.068740 1.52968665
58.167496 1.52893021
58.266252 1.52818132
58.365009 1.52743997
58.463765 1.52670616
58.562521 1.52597989
58.661278 1.52526117
58.760034 1.52454999
58.858791 1.52384636
58.957547 1.52315026
59.056303 1.52246172
59.155060 1.52178071
59.253816 1.52110725
59.352572 1.52044133
59.451329 1.51978296
59.550085 1.51913213
59.648841 1.51848884
59.747598 1.51785310
59.846354 1.51722490
59.945110 1.51660424
60.043867 1.51599113
60.142623 1.51538556
60.241380 1.51478754
60.340136 1.51419706
60.438892 1.51361412
60.537649 1.51303873
60.636405 1.51247088
60.735161 1.51191057
60.833918 1.51135781
60.932674 1.51081259
61.031430 1.51027491
61.130187 1.50974478
61.228943 1.50922220
61.327700 1.50870715
61.426456 1.50819965
61.525212 1.50769970
61.623969 1.50720729
61.722725 1.50672242
61.821481 1.50624510
61.920238 1.50577532
62.018994 1.50531308
62.117750 1.50485839
62.216507 1.50441124
62.315263 1.50397164
62.414019 1.50353958
62.512776 1.50311506
62.611532 1.50269809
62.710289 1.50228866
62.809045 1.50188678
62.907801 1.50149244
63.006558 1.50110564
63.105314 1.50072639
63.204070 1.50035469
63.302827 1.49999052
63.401583 1.49963391
63.500339 1.49928483
63.599096 1.49894330
63.697852 1.49860932
63.796609 1.49828287
63.895365 1.49796398
63.994121 1.49765263
64.092878 1.49734882
64.191634 1.49705255
64.290390 1.49676383
64.389147 1.49648266
64.487903 1.49620903
64.586659 1.49594294
64.685416 1.49568440
64.784172 1.49543340
64.882928 1.49518995
64.981685 1.49495404
65.080441 1.49472568
65.179198 1.49450486
65.277954 1.49429158
65.376710 1.49408585
65.475467 1.49388767
65.574223 1.49369703
65.672979 1.49351393
65.771736 1.49333838
65.870492 1.49317037
65.969248 1.49300991
66.068005 1.49285699
66.166761 1.49271162
66.265518 1.49257379
66.364274 1.49244351
66.463030 1.49232077
66.561787 1.49220558
66.660543 1.49209793
66.759299 1.49199782
66.858056 1.49190527
66.956812 1.49182025
67.055568 1.49174278
67.154325 1.49167286
67.253081 1.49161048
67.351837 1.49155565
67.450594 1.49150836
67.549350 1.49146861
67.648107 1.49143641
67.746863 1.49141176
67.845619 1.49139465
67.944376 1.49138509
68.043132 1.49138307
68.141888 1.49138859
68.240645 1.49140166
68.339401 1.49142228
68.438157 1.49145044
68.536914 1.49148615
68.635670 1.49152940
68.734427 1.49158020
68.833183 1.49163854
68.931939 1.49170443
69.030696 1.49177786
69.129452 1.49185884
69.228208 1.49194737
69.326965 1.49204343
69.425721 1.49214705
69.524477 1.49225821
69.623234 1.49237691
69.721990 1.49250317
69.820746 1.49263696
69.919503 1.49277830
70.018259 1.49292719
70.117016 1.49308362
70.215772 1.49324760
70.314528 1.49341913
70.413285 1.49359820
70.512041 1.49378481
70.610797 1.49397897
70.709554 1.49418068
70.808310 1.49438993
70.907066 1.49460673
71.005823 1.49483107
71.104579 1.49506296
71.203336 1.49530240
71.302092 1.49554938
71.400848 1.49580390
71.499605 1.49606598
71.598361 1.49633560
71.697117 1.49661212
71.795874 1.49688928
71.894630 1.49716645
71.993386 1.49744362
72.092143 1.49772078
72.190899 1.49799794
72.289655 1.49827511
72.388412 1.49855229
72.487168 1.49882968
72.585925 1.49910664
