0.098756 1.53827244
0.197513 1.53827236
0.296269 1.53827244
0.395025 1.53827245
0.493782 1.53827245
0.592538 1.53827244
0.691295 1.53827244
0.790051 1.53827244
0.888807 1.53827244
0.987564 1.53827244
1.086320 1.53827244
1.185076 1.53827244
1.283833 1.53827245
1.382589 1.53827245
1.481345 1.53827246
1.580102 1.53827246
1.678858 1.53827247
1.777614 1.53827248
1.876371 1.53827249
1.975127 1.53827250
2.073884 1.53827252
2.172640 1.53827253
2.271396 1.53827255
2.370153 1.53827257
2.468909 1.53827259
2.567665 1.53827262
2.666422 1.53827265
2.765178 1.53827267
2.863934 1.53827270
2.962691 1.53827274
3.061447 1.53827277
3.160204 1.53827281
3.258960 1.53827285
3.357716 1.53827290
3.456473 1.53827294
3.555229 1.53827299
3.653985 1.53827304
3.752742 1.53827310
3.851498 1.53827316
3.950254 1.53827322
4.049011 1.53827328
4.147767 1.53827335
4.246523 1.53827342
4.345280 1.53827350
4.444036 1.53827357
4.542793 1.53827365
4.641549 1.53827374
4.740305 1.53827383
4.839062 1.53827392
4.937818 1.53827402
5.036574 1.53827411
5.135331 1.53827422
5.234087 1.53827432
5.332843 1.53827444
5.431600 1.53827455
5.530356 1.53827467
5.629113 1.53827479
5.727869 1.53827492
5.826625 1.53827505
5.925382 1.53827519
6.024138 1.53827532
6.122894 1.53827547
6.221651 1.53827561
6.320407 1.53827577
6.419163 1.53827592
6.517920 1.53827608
6.616676 1.53827625
6.715432 1.53827642
6.814189 1.53827659
6.912945 1.53827677
7.011702 1.53827695
7.110458 1.53827714
7.209214 1.53827733
7.307971 1.53827752
7.406727 1.53827772
7.505483 1.53827792
7.604240 1.53827813
7.702996 1.53827834
7.801752 1.53827856
7.900509 1.53827878
7.999265 1.53827901
8.098022 1.53827924
8.196778 1.53827947
8.295534 1.53827971
8.394291 1.53827995
8.493047 1.53828020
8.591803 1.53828045
8.690560 1.53828070
8.789316 1.53828096
8.888072 1.53828122
8.986829 1.53828149
9.085585 1.53828176
9.184341 1.53828203
9.283098 1.53828231
9.381854 1.53828259
9.480611 1.53828288
9.579367 1.53828316
9.678123 1.53828346
9.776880 1.53828375
9.875636 1.53828405
9.974392 1.53828435
10.073149 1.53828466
10.171905 1.53828496
10.270661 1.53828528
10.369418 1.53828559
10.468174 1.53828591
10.566931 1.53828622
10.665687 1.53828655
10.764443 1.53828687
10.863200 1.53828720
10.961956 1.53828752
11.060712 1.53828785
11.159469 1.53828818
11.258225 1.53828852
11.356981 1.53828885
11.455738 1.53828919
11.554494 1.53828952
11.653250 1.53828986
11.752007 1.53829020
11.850763 1.53829054
11.949520 1.53829088
12.048276 1.53829122
12.147032 1.53829155
12.245789 1.53829190
12.344545 1.53829223
12.443301 1.53829257
12.542058 1.53829291
12.640814 1.53829325
12.739570 1.53829358
12.838327 1.53829391
12.937083 1.53829424
13.035840 1.53829458
13.134596 1.53829490
13.233352 1.53829523
13.332109 1.53829555
13.430865 1.53829587
13.529621 1.53829618
13.628378 1.53829650
13.727134 1.53829680
13.825890 1.53829711
13.924647 1.53829741
14.023403 1.53829770
14.122159 1.53829799
14.220916 1.53829828
14.319672 1.53829855
14.418429 1.53829883
14.517185 1.53829909
14.615941 1.53829936
14.714698 1.53829961
14.813454 1.53829986
14.912210 1.53830009
15.010967 1.53830032
15.109723 1.53830054
15.208479 1.53830076
15.307236 1.53830096
15.405992 1.53830115
15.504749 1.53830133
15.603505 1.53830151
15.702261 1.53830167
15.801018 1.53830182
15.899774 1.53830196
15.998530 1.53830209
16.097287 1.53830220
16.196043 1.53830230
16.294799 1.53830238
16.393556 1.53830246
16.492312 1.53830251
16.591068 1.53830256
16.689825 1.53830257
16.788581 1.53830258
16.887338 1.53830256
16.986094 1.53830253
17.084850 1.53830247
17.183607 1.53830240
17.282363 1.53830229
17.381119 1.53830217
17.479876 1.53830200
17.578632 1.53830182
17.677388 1.53830159
17.776145 1.53830134
17.874901 1.53830103
17.973658 1.53830069
18.072414 1.53830028
18.171170 1.53829983
18.269927 1.53829931
18.368683 1.53829872
18.467439 1.53829804
18.566196 1.53829727
18.664952 1.53829638
18.763708 1.53829536
18.862465 1.53829419
18.961221 1.53829286
19.059977 1.53829131
19.158734 1.53828953
19.257490 1.53828745
19.356247 1.53828505
19.455003 1.53828224
19.553759 1.53827898
19.652516 1.53827514
19.751272 1.53827065
19.850028 1.53826536
19.948785 1.53825913
20.047541 1.53825175
20.146297 1.53824303
20.245054 1.53823267
20.343810 1.53822036
20.442567 1.53820570
20.541323 1.53818820
20.640079 1.53816728
20.738836 1.53814225
20.837592 1.53811221
20.936348 1.53807613
21.035105 1.53803271
21.133861 1.53798038
21.232617 1.53791718
21.331374 1.53784075
21.430130 1.53774812
21.528886 1.53763565
21.627643 1.53749880
21.726399 1.53733195
21.825156 1.53712803
21.923912 1.53687822
22.022668 1.53657136
22.121425 1.53619339
22.220181 1.53572642
22.318937 1.53514766
22.417694 1.53442788
22.516450 1.53352950
22.615206 1.53240388
22.713963 1.53098781
22.812719 1.52919879
22.911476 1.52692848
23.010232 1.52403416
23.108988 1.52032656
23.207745 1.51555412
23.306501 1.50938007
23.405257 1.50135292
23.504014 1.49086300
23.602770 1.47708625
23.701526 1.45890114
23.800283 1.43478046
23.899039 1.40263175
23.997795 1.35958747
24.096552 1.30170118
24.195308 1.22354169
24.294065 1.11763706
24.392821 0.97369500
24.491577 0.77769273
24.590334 0.51038894
24.689090 0.14714047
24.787846 -0.33083260
24.886603 -0.87114194
24.985359 -1.24492082
25.084115 -1.23489757
25.182872 -1.01604641
25.281628 -0.93436269
25.380385 -1.16825672
25.479141 -1.77613924
25.577897 -2.79044210
25.676654 -4.23991817
25.775410 -6.12718167
25.874166 -8.33835927
25.972923 -10.47374487
26.071679 -11.83875698
26.170435 -11.95375411
26.269192 -11.13296124
26.367948 -10.24080008
26.466704 -9.97307944
26.565461 -10.50346697
26.664217 -11.44397484
26.762974 -11.97372132
26.861730 -11.39105180
26.960486 -9.75113465
27.059243 -7.71871427
27.157999 -5.88533175
27.256755 -4.48010223
27.355512 -3.51532978
27.454268 -2.95402603
27.553024 -2.77930884
27.651781 -3.00873835
27.750537 -3.68552681
27.849294 -4.85943194
27.948050 -6.53292333
28.046806 -8.52270982
28.145563 -10.29541030
28.244319 -11.12820311
28.343075 -10.76078954
28.441832 -9.75238222
28.540588 -8.96151071
28.639344 -8.91701970
28.738101 -9.65401971
28.836857 -10.70758431
28.935613 -11.23549497
29.034370 -10.59231809
29.133126 -8.92210541
29.231883 -6.92776877
29.330639 -5.19028070
29.429395 -3.92590073
29.528152 -3.14104298
29.626908 -2.78659375
29.725664 -2.82341969
29.824421 -3.24586344
29.923177 -4.08374693
30.021933 -5.38394361
30.120690 -7.13958433
30.219446 -9.12535230
30.318203 -10.75336805
30.416959 -11.33429538
30.515715 -10.75673651
30.614472 -9.69130631
30.713228 -8.97258693
30.811984 -9.04462265
30.910741 -9.86052981
31.009497 -10.87894416
31.108253 -11.23864363
31.207010 -10.39372510
31.305766 -8.61439724
31.404522 -6.62408934
31.503279 -4.94710263
31.602035 -3.75240901
31.700792 -3.02894951
31.799548 -2.72557479
31.898304 -2.80632648
31.997061 -3.27025769
32.095817 -4.15113345
32.194573 -5.49541914
32.293330 -7.28365088
32.392086 -9.25704864
32.490842 -10.79497171
32.589599 -11.23602356
32.688355 -10.55701750
32.787112 -9.48170043
32.885868 -8.82093939
32.984624 -8.96429687
33.083381 -9.80461345
33.182137 -10.73925154
33.280893 -10.90299577
33.379650 -9.84593423
33.478406 -7.93902628
33.577162 -5.91284988
33.675919 -4.24766126
33.774675 -3.08600830
33.873431 -2.41585867
33.972188 -2.19358653
34.070944 -2.38769611
34.169701 -2.99502940
34.268457 -4.04099635
34.367213 -5.55571352
34.465970 -7.48108280
34.564726 -9.48307367
34.663482 -10.88557880
34.762239 -11.10891245
34.860995 -10.31122835
34.959751 -9.30002803
35.058508 -8.82461651
35.157264 -9.16817932
35.256021 -10.11124242
35.354777 -10.95251203
35.453533 -10.85591988
35.552290 -9.56268476
35.651046 -7.59450481
35.749802 -5.65924969
35.848559 -4.14674868
35.947315 -3.14498761
36.046071 -2.62333214
36.144828 -2.53108226
36.243584 -2.83062853
36.342340 -3.51355168
36.441097 -4.60364152
36.539853 -6.13178272
36.638610 -8.03353431
36.737366 -9.95434726
36.836122 -11.21413855
36.934879 -11.29512883
37.033635 -10.44724680
37.132391 -9.50727462
37.231148 -9.17229050
37.329904 -9.60226427
37.428660 -10.37804937
37.527417 -10.66120097
37.626173 -9.79868660
37.724929 -7.92545390
37.823686 -5.72225725
37.922442 -3.74909628
38.021199 -2.21765345
38.119955 -1.14051518
38.218711 -0.47871082
38.317468 -0.19289615
38.416224 -0.24037522
38.514980 -0.51695843
38.613737 -0.74247336
38.712493 -0.59765508
38.811249 -0.13639977
38.910006 0.36156450
39.008762 0.76436065
39.107519 1.06821941
39.206275 1.29587184
39.305031 1.46641587
39.403788 1.59338464
39.502544 1.68576180
39.601300 1.75019226
39.700057 1.79167575
39.798813 1.81385303
39.897569 1.82078848
39.996326 1.82038795
40.095082 1.81934171
40.193838 1.81815218
40.292595 1.81691253
40.391351 1.81564967
40.490108 1.81437367
40.588864 1.81308916
40.687620 1.81179870
40.786377 1.81050388
40.885133 1.80920581
40.983889 1.80790528
41.082646 1.80660286
41.181402 1.80529899
41.280158 1.80399400
41.378915 1.80268816
41.477671 1.80138174
41.576428 1.80007515
41.675184 1.79876915
41.773940 1.79746542
41.872697 1.79616817
41.971453 1.79488996
42.070209 1.79367960
42.168966 1.79278141
42.267722 1.79290768
42.366478 1.79395618
42.465235 1.79545751
42.563991 1.79666605
42.662747 1.79644527
42.761504 1.79309477
42.860260 1.78408050
42.959017 1.76563319
43.057773 1.73228672
43.156529 1.67596588
43.255286 1.58573051
43.354042 1.45049399
43.452798 1.26903622
43.551555 1.07176757
43.650311 0.92969356
43.749067 0.91083116
43.847824 1.01463911
43.946580 1.17237659
44.045337 1.31121425
44.144093 1.39527917
44.242849 1.41853914
44.341606 1.38533462
44.440362 1.30001960
44.539118 1.16580641
44.637875 0.98917229
44.736631 0.79209681
44.835387 0.62491921
44.934144 0.54566109
45.032900 0.56210697
45.131656 0.61027083
45.230413 0.60339899
45.329169 0.48401555
45.427926 0.24644952
45.526682 -0.03876247
45.625438 -0.22584665
45.724195 -0.18586352
45.822951 0.07620930
45.921707 0.43269308
46.020464 0.75337329
46.119220 0.97799313
46.217976 1.10149394
46.316733 1.13722582
46.415489 1.09665481
46.514246 0.98496726
46.613002 0.80175295
46.711758 0.54414185
46.810515 0.21843704
46.909271 -0.13275544
47.008027 -0.40946218
47.106784 -0.50463791
47.205540 -0.41000500
47.304296 -0.22087706
47.403053 -0.01453667
47.501809 0.20393261
47.600565 0.44011626
47.699322 0.68184454
47.798078 0.91103252
47.896835 1.10562044
47.995591 1.25535914
48.094347 1.36593061
48.193104 1.44706809
48.291860 1.50677519
48.390616 1.55082882
48.489373 1.58316152
48.588129 1.60641317
48.686885 1.62212448
48.785642 1.63095210
48.884398 1.63371857
48.983155 1.63346988
49.081911 1.63241170
49.180667 1.63119219
49.279424 1.62992323
49.378180 1.62863395
49.476936 1.62733499
49.575693 1.62603106
49.674449 1.62472442
49.773205 1.62341626
49.871962 1.62210724
49.970718 1.62079771
50.069474 1.61948788
50.168231 1.61817787
50.266987 1.61686777
50.365744 1.61555760
50.464500 1.61424740
50.563256 1.61293718
50.662013 1.61162695
50.760769 1.61031734
50.859525 1.60901426
50.958282 1.60771834
51.057038 1.60642958
51.155794 1.60514798
51.254551 1.60387353
51.353307 1.60260625
51.452064 1.60134611
51.550820 1.60009314
51.649576 1.59884732
51.748333 1.59760865
51.847089 1.59637714
51.945845 1.59515279
52.044602 1.59393559
52.143358 1.59272554
52.242114 1.59152265
52.340871 1.59032691
52.439627 1.58913833
52.538383 1.58795690
52.637140 1.58678262
52.735896 1.58561550
52.834653 1.58445553
52.933409 1.58330272
53.032165 1.58215705
53.130922 1.58101855
53.229678 1.57988719
53.328434 1.57876300
53.427191 1.57764595
53.525947 1.57653606
53.624703 1.57543332
53.723460 1.57433774
53.822216 1.57324931
53.920973 1.57216803
54.019729 1.57109391
54.118485 1.57002694
54.217242 1.56896712
54.315998 1.56791446
54.414754 1.56686895
54.513511 1.56583060
54.612267 1.56479940
54.711023 1.56377535
54.809780 1.56275846
54.908536 1.56174872
55.007292 1.56074613
55.106049 1.55975070
55.204805 1.55876243
55.303562 1.55778130
55.402318 1.55680733
55.501074 1.55584052
55.599831 1.55488086
55.698587 1.55392835
55.797343 1.55298299
55.896100 1.55204479
55.994856 1.55111375
56.093612 1.55018986
56.192369 1.54927312
56.291125 1.54836353
56.389882 1.54746110
56.488638 1.54656583
56.587394 1.54567770
56.686151 1.54479674
56.784907 1.54392292
56.883663 1.54305626
56.982420 1.54219676
57.081176 1.54134440
57.179932 1.54049921
57.278689 1.53966116
57.377445 1.53883027
57.476201 1.53800654
57.574958 1.53718996
57.673714 1.53638053
57.772471 1.53557826
57.871227 1.53478314
57.969983 1.53399517
58.068740 1.53321436
58.167496 1.53244071
58.266252 1.53167420
58.365009 1.53091486
58.463765 1.53016266
58.562521 1.52941762
58.661278 1.52867974
58.760034 1.52794901
58.858791 1.52722543
58.957547 1.52650901
59.056303 1.52579974
59.155060 1.52509762
59.253816 1.52440266
59.352572 1.52371486
59.451329 1.52303421
59.550085 1.52236071
59.648841 1.52169437
59.747598 1.52103518
59.846354 1.52038315
59.945110 1.51973827
60.043867 1.51910054
60.142623 1.51846997
60.241380 1.51784656
60.340136 1.51723030
60.438892 1.51662119
60.537649 1.51601924
60.636405 1.51542444
60.735161 1.51483679
60.833918 1.51425630
60.932674 1.51368297
61.031430 1.51311679
61.130187 1.51255776
61.228943 1.51200589
61.327700 1.51146118
61.426456 1.51092361
61.525212 1.51039320
61.623969 1.50986995
61.722725 1.50935385
61.821481 1.50884491
61.920238 1.50834312
62.018994 1.50784848
62.117750 1.50736100
62.216507 1.50688068
62.315263 1.50640751
62.414019 1.50594149
62.512776 1.50548263
62.611532 1.50503092
62.710289 1.50458637
62.809045 1.50414897
62.907801 1.50371872
63.006558 1.50329563
63.105314 1.50287970
63.204070 1.50247092
63.302827 1.50206929
63.401583 1.50167482
63.500339 1.50128751
63.599096 1.50090735
63.697852 1.50053434
63.796609 1.50016849
63.895365 1.49980979
63.994121 1.49945825
64.092878 1.49911386
64.191634 1.49877663
64.290390 1.49844655
64.389147 1.49812363
64.487903 1.49780786
64.586659 1.49749924
64.685416 1.49719778
64.784172 1.49690348
64.882928 1.49661633
64.981685 1.49633634
65.080441 1.49606350
65.179198 1.49579781
65.277954 1.49553928
65.376710 1.49528790
65.475467 1.49504368
65.574223 1.49480662
65.672979 1.49457670
65.771736 1.49435395
65.870492 1.49413835
65.969248 1.49392990
66.068005 1.49372861
66.166761 1.49353447
66.265518 1.49334749
66.364274 1.49316766
66.463030 1.49299499
66.561787 1.49282947
66.660543 1.49267110
66.759299 1.49251990
66.858056 1.49237584
66.956812 1.49223894
67.055568 1.49210920
67.154325 1.49198661
67.253081 1.49187118
67.351837 1.49176290
67.450594 1.49166178
67.549350 1.49156781
67.648107 1.49148099
67.746863 1.49140133
67.845619 1.49132883
67.944376 1.49126348
68.043132 1.49120529
68.141888 1.49115425
68.240645 1.49111036
68.339401 1.49107363
68.438157 1.49104406
68.536914 1.49102164
68.635670 1.49100637
68.734427 1.49099826
68.833183 1.49099731
68.931939 1.49100351
69.030696 1.49101686
69.129452 1.49103737
69.228208 1.49106504
69.326965 1.49109986
69.425721 1.49114183
69.524477 1.49119096
69.623234 1.49124725
69.721990 1.49131069
69.820746 1.49138129
69.919503 1.49145904
70.018259 1.49154394
70.117016 1.49163600
70.215772 1.49173522
70.314528 1.49184159
70.413285 1.49195511
70.512041 1.49207579
70.610797 1.49220363
70.709554 1.49233862
70.808310 1.49248077
70.907066 1.49263007
71.005823 1.49278652
71.104579 1.49295013
71.203336 1.49312090
71.302092 1.49329882
71.400848 1.49348390
71.499605 1.49367613
71.598361 1.49387552
71.697117 1.49408145
71.795874 1.49428800
71.894630 1.49449454
71.993386 1.49470108
72.092143 1.49490763
72.190899 1.49511417
72.289655 1.49532071
72.388412 1.49552727
72.487168 1.49573397
72.585925 1.49594037
