0.098756 1.55020492
0.197513 1.55020867
0.296269 1.55020470
0.395025 1.55020431
0.493782 1.55020435
0.592538 1.55020441
0.691295 1.55020447
0.790051 1.55020453
0.888807 1.55020459
0.987564 1.55020464
1.086320 1.55020470
1.185076 1.55020476
1.283833 1.55020481
1.382589 1.55020487
1.481345 1.55020492
1.580102 1.55020498
1.678858 1.55020503
1.777614 1.55020508
1.876371 1.55020514
1.975127 1.55020519
2.073884 1.55020524
2.172640 1.55020529
2.271396 1.55020534
2.370153 1.55020539
2.468909 1.55020544
2.567665 1.55020548
2.666422 1.55020553
2.765178 1.55020557
2.863934 1.55020562
2.962691 1.55020566
3.061447 1.55020571
3.160204 1.55020575
3.258960 1.55020579
3.357716 1.55020583
3.456473 1.55020587
3.555229 1.55020590
3.653985 1.55020594
3.752742 1.55020597
3.851498 1.55020601
3.950254 1.55020604
4.049011 1.55020607
4.147767 1.55020610
4.246523 1.55020614
4.345280 1.55020616
4.444036 1.55020619
4.542793 1.55020622
4.641549 1.55020624
4.740305 1.55020627
4.839062 1.55020629
4.937818 1.55020631
5.036574 1.55020634
5.135331 1.55020636
5.234087 1.55020638
5.332843 1.55020639
5.431600 1.55020641
5.530356 1.55020643
5.629113 1.55020645
5.727869 1.55020646
5.826625 1.55020647
5.925382 1.55020649
6.024138 1.55020650
6.122894 1.55020651
6.221651 1.55020652
6.320407 1.55020653
6.419163 1.55020654
6.517920 1.55020655
6.616676 1.55020656
6.715432 1.55020657
6.814189 1.55020658
6.912945 1.55020659
7.011702 1.55020659
7.110458 1.55020660
7.209214 1.55020661
7.307971 1.55020661
7.406727 1.55020662
7.505483 1.55020663
7.604240 1.55020664
7.702996 1.55020664
7.801752 1.55020665
7.900509 1.55020666
7.999265 1.55020667
8.098022 1.55020668
8.196778 1.55020669
8.295534 1.55020670
8.394291 1.55020671
8.493047 1.55020672
8.591803 1.55020674
8.690560 1.55020675
8.789316 1.55020677
8.888072 1.55020678
8.986829 1.55020680
9.085585 1.55020682
9.184341 1.55020685
9.283098 1.55020687
9.381854 1.55020690
9.480611 1.55020692
9.579367 1.55020696
9.678123 1.55020699
9.776880 1.55020703
9.875636 1.55020706
9.974392 1.55020710
10.073149 1.55020715
10.171905 1.55020720
10.270661 1.55020724
10.369418 1.55020730
10.468174 1.55020736
10.566931 1.55020742
10.665687 1.55020748
10.764443 1.55020755
10.863200 1.55020763
10.961956 1.55020771
11.060712 1.55020779
11.159469 1.55020788
11.258225 1.55020797
11.356981 1.55020807
11.455738 1.55020817
11.554494 1.55020828
11.653250 1.55020839
11.752007 1.55020851
11.850763 1.55020863
11.949520 1.55020877
12.048276 1.55020890
12.147032 1.55020905
12.245789 1.55020920
12.344545 1.55020936
12.443301 1.55020953
12.542058 1.55020970
12.640814 1.55020988
12.739570 1.55021008
12.838327 1.55021027
12.937083 1.55021048
13.035840 1.55021070
13.134596 1.55021092
13.233352 1.55021115
13.332109 1.55021140
13.430865 1.55021165
13.529621 1.55021191
13.628378 1.55021218
13.727134 1.55021246
13.825890 1.55021276
13.924647 1.55021306
14.023403 1.55021337
14.122159 1.55021370
14.220916 1.55021404
14.319672 1.55021439
14.418429 1.55021474
14.517185 1.55021512
14.615941 1.55021550
14.714698 1.55021590
14.813454 1.55021631
14.912210 1.55021673
15.010967 1.55021717
15.109723 1.55021762
15.208479 1.55021808
15.307236 1.55021856
15.405992 1.55021905
15.504749 1.55021956
15.603505 1.55022008
15.702261 1.55022062
15.801018 1.55022117
15.899774 1.55022174
15.998530 1.55022232
16.097287 1.55022292
16.196043 1.55022353
16.294799 1.55022416
16.393556 1.55022480
16.492312 1.55022546
16.591068 1.55022614
16.689825 1.55022683
16.788581 1.55022753
16.887338 1.55022826
16.986094 1.55022899
17.084850 1.55022974
17.183607 1.55023050
17.282363 1.55023128
17.381119 1.55023207
17.479876 1.55023286
17.578632 1.55023367
17.677388 1.55023448
17.776145 1.55023530
17.874901 1.55023611
17.973658 1.55023693
18.072414 1.55023773
18.171170 1.55023853
18.269927 1.55023931
18.368683 1.55024006
18.467439 1.55024077
18.566196 1.55024144
18.664952 1.55024205
18.763708 1.55024258
18.862465 1.55024302
18.961221 1.55024334
19.059977 1.55024351
19.158734 1.55024351
19.257490 1.55024328
19.356247 1.55024279
19.455003 1.55024197
19.553759 1.55024076
19.652516 1.55023907
19.751272 1.55023680
19.850028 1.55023383
19.948785 1.55023001
20.047541 1.55022516
20.146297 1.55021907
20.245054 1.55021147
20.343810 1.55020207
20.442567 1.55019046
20.541323 1.55017619
20.640079 1.55015870
20.738836 1.55013731
20.837592 1.55011117
20.936348 1.55007927
21.035105 1.55004035
21.133861 1.54999291
21.232617 1.54993503
21.331374 1.54986443
21.430130 1.54977824
21.528886 1.54967291
21.627643 1.54954405
21.726399 1.54938618
21.825156 1.54919245
21.923912 1.54895427
22.022668 1.54866082
22.121425 1.54829840
22.220181 1.54784963
22.318937 1.54729235
22.417694 1.54659816
22.516450 1.54573051
22.615206 1.54464214
22.713963 1.54327164
22.812719 1.54153886
22.911476 1.53933861
23.010232 1.53653234
23.108988 1.53293644
23.207745 1.52830688
23.306501 1.52231719
23.405257 1.51452981
23.504014 1.50435418
23.602770 1.49099234
23.701526 1.47335879
23.800283 1.44997579
23.899039 1.41881946
23.997795 1.37711689
24.096552 1.32105256
24.195308 1.24537594
24.294065 1.14286204
24.392821 1.00355797
24.491577 0.81389301
24.590334 0.55522375
24.689090 0.20338097
24.787846 -0.26264863
24.886603 -0.80347792
24.985359 -1.20804810
25.084115 -1.23999824
25.182872 -1.02818303
25.281628 -0.92337454
25.380385 -1.12332531
25.479141 -1.69288856
25.577897 -2.66510685
25.676654 -4.06930670
25.775410 -5.91316566
25.874166 -8.10216118
25.972923 -10.27320564
26.071679 -11.74793108
26.170435 -11.99139628
26.269192 -11.23213257
26.367948 -10.31186593
26.466704 -9.96816977
26.565461 -10.42968875
26.664217 -11.36009745
26.762974 -11.96400606
26.861730 -11.49633193
26.960486 -9.93255089
27.059243 -7.90814057
27.157999 -6.04131009
27.256755 -4.59108044
27.355512 -3.58162896
27.454268 -2.97712836
27.553024 -2.75886482
27.651781 -2.94220990
27.750537 -3.56871253
27.849294 -4.68871647
27.948050 -6.31390526
28.046806 -8.29049230
28.145563 -10.12599468
28.244319 -11.09202371
28.343075 -10.84526948
28.441832 -9.86784343
28.540588 -9.02302211
28.639344 -8.89112492
28.738101 -9.55999339
28.836857 -10.61538405
28.935613 -11.23575845
29.034370 -10.72051730
29.133126 -9.12798080
29.231883 -7.13656155
29.330639 -5.35932240
29.429395 -4.04374870
29.528152 -3.20792871
29.626908 -2.80370081
29.725664 -2.78977138
29.824421 -3.15773016
29.923177 -3.93533648
30.021933 -5.17105440
30.120690 -6.87235986
30.219446 -8.85408907
30.318203 -10.57436179
30.416959 -11.32091023
30.515715 -10.87453109
30.614472 -9.82777450
30.713228 -9.03553794
30.811984 -9.00430874
30.910741 -9.74612640
31.009497 -10.77308231
31.108253 -11.23548167
31.207010 -10.51654819
31.305766 -8.79977594
31.404522 -6.79629764
31.503279 -5.07060066
31.602035 -3.82490190
31.700792 -3.06053297
31.799548 -2.72654571
31.898304 -2.78108878
31.997061 -3.21455942
32.095817 -4.05336016
32.194573 -5.34361370
32.293330 -7.08265088
32.392086 -9.05594827
32.490842 -10.68725666
32.589599 -11.28419014
32.688355 -10.71591270
32.787112 -9.64013771
32.885868 -8.89591157
32.984624 -8.93480858
33.083381 -9.70761488
33.182137 -10.66230721
33.280893 -10.93495688
33.379650 -9.99731005
33.478406 -8.14064497
33.577162 -6.09240284
33.675919 -4.37189325
33.774675 -3.14883636
33.873431 -2.41943281
33.972188 -2.13955550
34.070944 -2.27416134
34.169701 -2.81552395
34.268457 -3.78581126
34.367213 -5.21919850
34.465970 -7.08326178
34.564726 -9.10199553
34.663482 -10.64241716
34.762239 -11.06052793
34.860995 -10.37547356
34.959751 -9.33468895
35.058508 -8.73775514
35.157264 -8.94551051
35.256021 -9.80945139
35.354777 -10.68246397
35.453533 -10.70645159
35.552290 -9.51436869
35.651046 -7.54915105
35.749802 -5.53612464
35.848559 -3.91756258
35.947315 -2.81536418
36.046071 -2.21487201
36.144828 -2.07235888
36.243584 -2.34777779
36.342340 -3.01847891
36.441097 -4.08678780
36.539853 -5.57057693
36.638610 -7.42715810
36.737366 -9.37145700
36.836122 -10.77440532
36.934879 -11.04052868
37.033635 -10.26554575
37.132391 -9.23274900
37.231148 -8.70833613
37.329904 -8.95006291
37.428660 -9.62397828
37.527417 -9.92604760
37.626173 -9.13279798
37.724929 -7.26711748
37.823686 -4.98259846
37.922442 -2.89089145
38.021199 -1.25047718
38.119955 -0.08831298
38.218711 0.63730600
38.317468 0.97195710
38.416224 0.96122986
38.514980 0.70050489
38.613737 0.45052456
38.712493 0.54855551
38.811249 0.99047768
38.910006 1.49853797
39.008762 1.91896873
39.107519 2.23912755
39.206275 2.48049979
39.305031 2.66209942
39.403788 2.79827641
39.502544 2.89922972
39.601300 2.97219578
39.700057 3.02198677
39.798813 3.05164072
39.897569 3.06351302
39.996326 3.06452138
40.095082 3.06297584
40.193838 3.05774633
40.292595 3.04868938
40.391351 3.03584031
40.490108 3.01921552
40.588864 2.99881916
40.687620 2.97465052
40.786377 2.94670205
40.885133 2.91496770
40.983889 2.87942249
41.082646 2.84000677
41.181402 2.79665915
41.280158 2.74941481
41.378915 2.69867185
41.477671 2.64580701
41.576428 2.59391906
41.675184 2.54829728
41.773940 2.51591240
41.872697 2.50348968
41.971453 2.51482959
42.070209 2.54901473
42.168966 2.60077712
42.267722 2.66273353
42.366478 2.72791243
42.465235 2.79115389
42.563991 2.84913515
42.662747 2.89963015
42.761504 2.94064311
42.860260 2.96970448
42.959017 2.98334348
43.057773 2.97664278
43.156529 2.94231201
43.255286 2.87035951
43.354042 2.75045562
43.452798 2.58147703
43.551555 2.39287890
43.650311 2.25476720
43.749067 2.23670872
43.847824 2.34171821
43.946580 2.50311508
44.045337 2.64754625
44.144093 2.73801517
44.242849 2.76810995
44.341606 2.74236075
44.440362 2.66538697
44.539118 2.54027489
44.637875 2.37207126
44.736631 2.17876631
44.835387 2.00565243
44.934144 1.91149242
45.032900 1.91300508
45.131656 1.95308498
45.230413 1.94302058
45.329169 1.82150763
45.427926 1.58523539
45.526682 1.31317972
45.625438 1.15596104
45.724195 1.23292732
45.822951 1.52169455
45.921707 1.88759151
46.020464 2.20674445
46.119220 2.42728692
46.217976 2.54810730
46.316733 2.58323194
46.415489 2.54376655
46.514246 2.43439109
46.613002 2.25428475
46.711758 2.00030762
46.810515 1.67876672
46.909271 1.33270533
47.008027 1.06230680
47.106784 0.97346653
47.205540 1.07260359
47.304296 1.26454926
47.403053 1.47506536
47.501809 1.70157078
47.600565 1.94787610
47.699322 2.19855499
47.798078 2.43415787
47.896835 2.63326771
47.995591 2.78732164
48.094347 2.90278592
48.193104 2.98937021
48.291860 3.05487135
48.390616 3.10486165
48.489373 3.14308814
48.588129 3.17201460
48.686885 3.19298764
48.785642 3.20643973
48.884398 3.21317343
48.983155 3.21656486
49.081911 3.21909656
49.180667 3.22142940
49.279424 3.22369149
49.378180 3.22591995
49.476936 3.22813001
49.575693 3.23032922
49.674449 3.23252175
49.773205 3.23471001
49.871962 3.23689549
49.970718 3.23907913
50.069474 3.24126151
50.168231 3.24344304
50.266987 3.24562397
50.365744 3.24780450
50.464500 3.24998473
50.563256 3.25216476
50.662013 3.25434463
50.760769 3.25652357
50.859525 3.25869369
50.958282 3.26085417
51.057038 3.26300503
51.155794 3.26514628
51.254551 3.26727793
51.353307 3.26939999
51.452064 3.27151246
51.550820 3.27361535
51.649576 3.27570865
51.748333 3.27779238
51.847089 3.27986652
51.945845 3.28193109
52.044602 3.28398608
52.143358 3.28603149
52.242114 3.28806733
52.340871 3.29009359
52.439627 3.29211028
52.538383 3.29411739
52.637140 3.29611493
52.735896 3.29810289
52.834653 3.30008128
52.933409 3.30205009
53.032165 3.30400933
53.130922 3.30595899
53.229678 3.30789908
53.328434 3.30982960
53.427191 3.31175054
53.525947 3.31366191
53.624703 3.31556371
53.723460 3.31745593
53.822216 3.31933857
53.920973 3.32121165
54.019729 3.32307514
54.118485 3.32492907
54.217242 3.32677342
54.315998 3.32860820
54.414754 3.33043340
54.513511 3.33224903
54.612267 3.33405509
54.711023 3.33585157
54.809780 3.33763848
54.908536 3.33941582
55.007292 3.34118358
55.106049 3.34294177
55.204805 3.34469038
55.303562 3.34642942
55.402318 3.34815889
55.501074 3.34987878
55.599831 3.35158910
55.698587 3.35328985
55.797343 3.35498102
55.896100 3.35666262
55.994856 3.35833465
56.093612 3.35999710
56.192369 3.36164998
56.291125 3.36329328
56.389882 3.36492701
56.488638 3.36655117
56.587394 3.36816576
56.686151 3.36977077
56.784907 3.37136621
56.883663 3.37295207
56.982420 3.37452836
57.081176 3.37609508
57.179932 3.37765222
57.278689 3.37919979
57.377445 3.38073779
57.476201 3.38226621
57.574958 3.38378506
57.673714 3.38529434
57.772471 3.38679404
57.871227 3.38828417
57.969983 3.38976472
58.068740 3.39123571
58.167496 3.39269711
58.266252 3.39414895
58.365009 3.39559121
58.463765 3.39702390
58.562521 3.39844702
58.661278 3.39986056
58.760034 3.40126453
58.858791 3.40265892
58.957547 3.40404374
59.056303 3.40541899
59.155060 3.40678466
59.253816 3.40814077
59.352572 3.40948729
59.451329 3.41082425
59.550085 3.41215163
59.648841 3.41346944
59.747598 3.41477767
59.846354 3.41607633
59.945110 3.41736542
60.043867 3.41864493
60.142623 3.41991487
60.241380 3.42117524
60.340136 3.42242603
60.438892 3.42366725
60.537649 3.42489890
60.636405 3.42612097
60.735161 3.42733347
60.833918 3.42853640
60.932674 3.42972975
61.031430 3.43091353
61.130187 3.43208774
61.228943 3.43325237
61.327700 3.43440743
61.426456 3.43555292
61.525212 3.43668883
61.623969 3.43781517
61.722725 3.43893193
61.821481 3.44003913
61.920238 3.44113675
62.018994 3.44222479
62.117750 3.44330326
62.216507 3.44437216
62.315263 3.44543148
62.414019 3.44648124
62.512776 3.44752141
62.611532 3.44855202
62.710289 3.44957305
62.809045 3.45058451
62.907801 3.45158639
63.006558 3.45257870
63.105314 3.45356144
63.204070 3.45453460
63.302827 3.45549819
63.401583 3.45645221
63.500339 3.45739665
63.599096 3.45833152
63.697852 3.45925681
63.796609 3.46017253
63.895365 3.46107868
63.994121 3.46197526
64.092878 3.46286226
64.191634 3.46373968
64.290390 3.46460754
64.389147 3.46546582
64.487903 3.46631453
64.586659 3.46715366
64.685416 3.46798322
64.784172 3.46880320
64.882928 3.46961361
64.981685 3.47041445
65.080441 3.47120572
65.179198 3.47198741
65.277954 3.47275953
65.376710 3.47352207
65.475467 3.47427504
65.574223 3.47501843
65.672979 3.47575226
65.771736 3.47647651
65.870492 3.47719118
65.969248 3.47789628
66.068005 3.47859181
66.166761 3.47927776
66.265518 3.47995414
66.364274 3.48062095
66.463030 3.48127818
66.561787 3.48192584
66.660543 3.48256392
66.759299 3.48319243
66.858056 3.48381137
66.956812 3.48442073
67.055568 3.48502052
67.154325 3.48561074
67.253081 3.48619138
67.351837 3.48676244
67.450594 3.48732394
67.549350 3.48787586
67.648107 3.48841820
67.746863 3.48895097
67.845619 3.48947417
67.944376 3.48998779
68.043132 3.49049184
68.141888 3.49098632
68.240645 3.49147122
68.339401 3.49194655
68.438157 3.49241230
68.536914 3.49286848
68.635670 3.49331509
68.734427 3.49375212
68.833183 3.49417957
68.931939 3.49459746
69.030696 3.49500577
69.129452 3.49540450
69.228208 3.49579366
69.326965 3.49617325
69.425721 3.49654326
69.524477 3.49690370
69.623234 3.49725456
69.721990 3.49759585
69.820746 3.49792757
69.919503 3.49824971
70.018259 3.49856227
70.117016 3.49886527
70.215772 3.49915869
70.314528 3.49944253
70.413285 3.49971680
70.512041 3.49998150
70.610797 3.50023662
70.709554 3.50048216
70.808310 3.50071814
70.907066 3.50094454
71.005823 3.50116136
71.104579 3.50136861
71.203336 3.50156628
71.302092 3.50175438
71.400848 3.50193291
71.499605 3.50210185
71.598361 3.50226123
71.697117 3.50241185
71.795874 3.50256165
71.894630 3.50271145
71.993386 3.50286125
72.092143 3.50301105
72.190899 3.50316086
72.289655 3.50331066
72.388412 3.50346047
72.487168 3.50361034
72.585925 3.50376009
