0.098756 1.55182231
0.197513 1.55182568
0.296269 1.55182215
0.395025 1.55182181
0.493782 1.55182187
0.592538 1.55182194
0.691295 1.55182201
0.790051 1.55182208
0.888807 1.55182215
0.987564 1.55182222
1.086320 1.55182229
1.185076 1.55182235
1.283833 1.55182242
1.382589 1.55182249
1.481345 1.55182256
1.580102 1.55182262
1.678858 1.55182269
1.777614 1.55182275
1.876371 1.55182282
1.975127 1.55182289
2.073884 1.55182295
2.172640 1.55182302
2.271396 1.55182308
2.370153 1.55182314
2.468909 1.55182321
2.567665 1.55182327
2.666422 1.55182333
2.765178 1.55182340
2.863934 1.55182346
2.962691 1.55182352
3.061447 1.55182358
3.160204 1.55182364
3.258960 1.55182370
3.357716 1.55182376
3.456473 1.55182382
3.555229 1.55182388
3.653985 1.55182394
3.752742 1.55182399
3.851498 1.55182405
3.950254 1.55182411
4.049011 1.55182417
4.147767 1.55182422
4.246523 1.55182428
4.345280 1.55182433
4.444036 1.55182439
4.542793 1.55182444
4.641549 1.55182450
4.740305 1.55182455
4.839062 1.55182460
4.937818 1.55182466
5.036574 1.55182471
5.135331 1.55182476
5.234087 1.55182481
5.332843 1.55182486
5.431600 1.55182492
5.530356 1.55182497
5.629113 1.55182502
5.727869 1.55182507
5.826625 1.55182512
5.925382 1.55182517
6.024138 1.55182522
6.122894 1.55182527
6.221651 1.55182532
6.320407 1.55182537
6.419163 1.55182543
6.517920 1.55182548
6.616676 1.55182553
6.715432 1.55182558
6.814189 1.55182563
6.912945 1.55182568
7.011702 1.55182574
7.110458 1.55182579
7.209214 1.55182584
7.307971 1.55182590
7.406727 1.55182595
7.505483 1.55182600
7.604240 1.55182606
7.702996 1.55182612
7.801752 1.55182618
7.900509 1.55182623
7.999265 1.55182629
8.098022 1.55182635
8.196778 1.55182641
8.295534 1.55182647
8.394291 1.55182654
8.493047 1.55182660
8.591803 1.55182667
8.690560 1.55182674
8.789316 1.55182681
8.888072 1.55182688
8.986829 1.55182695
9.085585 1.55182702
9.184341 1.55182710
9.283098 1.55182718
9.381854 1.55182726
9.480611 1.55182734
9.579367 1.55182743
9.678123 1.55182751
9.776880 1.55182760
9.875636 1.55182769
9.974392 1.55182779
10.073149 1.55182788
10.171905 1.55182798
10.270661 1.55182809
10.369418 1.55182819
10.468174 1.55182830
10.566931 1.55182841
10.665687 1.55182853
10.764443 1.55182865
10.863200 1.55182877
10.961956 1.55182889
11.060712 1.55182902
11.159469 1.55182916
11.258225 1.55182929
11.356981 1.55182943
11.455738 1.55182958
11.554494 1.55182973
11.653250 1.55182988
11.752007 1.55183004
11.850763 1.55183020
11.949520 1.55183037
12.048276 1.55183055
12.147032 1.55183072
12.245789 1.55183091
12.344545 1.55183110
12.443301 1.55183129
12.542058 1.55183149
12.640814 1.55183169
12.739570 1.55183190
12.838327 1.55183212
12.937083 1.55183234
13.035840 1.55183257
13.134596 1.55183280
13.233352 1.55183304
13.332109 1.55183329
13.430865 1.55183354
13.529621 1.55183381
13.628378 1.55183407
13.727134 1.55183435
13.825890 1.55183463
13.924647 1.55183492
14.023403 1.55183521
14.122159 1.55183552
14.220916 1.55183583
14.319672 1.55183615
14.418429 1.55183647
14.517185 1.55183681
14.615941 1.55183715
14.714698 1.55183750
14.813454 1.55183786
14.912210 1.55183823
15.010967 1.55183860
15.109723 1.55183899
15.208479 1.55183938
15.307236 1.55183978
15.405992 1.55184019
15.504749 1.55184061
15.603505 1.55184104
15.702261 1.55184148
15.801018 1.55184193
15.899774 1.55184238
15.998530 1.55184285
16.097287 1.55184332
16.196043 1.55184380
16.294799 1.55184429
16.393556 1.55184480
16.492312 1.55184531
16.591068 1.55184582
16.689825 1.55184635
16.788581 1.55184689
16.887338 1.55184743
16.986094 1.55184798
17.084850 1.55184853
17.183607 1.55184909
17.282363 1.55184966
17.381119 1.55185023
17.479876 1.55185080
17.578632 1.55185137
17.677388 1.55185194
17.776145 1.55185250
17.874901 1.55185306
17.973658 1.55185360
18.072414 1.55185413
18.171170 1.55185464
18.269927 1.55185512
18.368683 1.55185557
18.467439 1.55185596
18.566196 1.55185631
18.664952 1.55185658
18.763708 1.55185677
18.862465 1.55185686
18.961221 1.55185681
19.059977 1.55185661
19.158734 1.55185623
19.257490 1.55185561
19.356247 1.55185472
19.455003 1.55185349
19.553759 1.55185186
19.652516 1.55184973
19.751272 1.55184702
19.850028 1.55184360
19.948785 1.55183932
20.047541 1.55183400
20.146297 1.55182744
20.245054 1.55181937
20.343810 1.55180947
20.442567 1.55179737
20.541323 1.55178261
20.640079 1.55176461
20.738836 1.55174271
20.837592 1.55171606
20.936348 1.55168365
21.035105 1.55164423
21.133861 1.55159627
21.232617 1.55153790
21.331374 1.55146681
21.430130 1.55138012
21.528886 1.55127432
21.627643 1.55114500
21.726399 1.55098669
21.825156 1.55079253
21.923912 1.55055394
22.022668 1.55026008
22.121425 1.54989726
22.220181 1.54944808
22.318937 1.54889037
22.417694 1.54819570
22.516450 1.54732747
22.615206 1.54623837
22.713963 1.54486688
22.812719 1.54313275
22.911476 1.54093058
23.010232 1.53812158
23.108988 1.53452175
23.207745 1.52988657
23.306501 1.52388883
23.405257 1.51608993
23.504014 1.50589792
23.602770 1.49251278
23.701526 1.47484621
23.800283 1.45141651
23.899039 1.42019428
23.997795 1.37839879
24.096552 1.32220373
24.195308 1.24634337
24.294065 1.14357196
24.392821 1.00390765
24.491577 0.81374112
24.590334 0.55437703
24.689090 0.20160153
24.787846 -0.26543081
24.886603 -0.80625746
24.985359 -1.20816902
25.084115 -1.23614898
25.182872 -1.02333550
25.281628 -0.92032041
25.380385 -1.12312847
25.479141 -1.69603793
25.577897 -2.67211023
25.676654 -4.08072336
25.775410 -5.92919533
25.874166 -8.12131245
25.972923 -10.29057769
26.071679 -11.75671197
26.170435 -11.98924055
26.269192 -11.22445231
26.367948 -10.30655717
26.466704 -9.96961776
26.565461 -10.43733265
26.664217 -11.36864188
26.762974 -11.96572876
26.861730 -11.48738155
26.960486 -9.91641572
27.059243 -7.89109761
27.157999 -6.02719694
27.256755 -4.58093936
27.355512 -3.57540352
27.454268 -2.97470551
27.553024 -2.76037174
27.651781 -2.94803183
27.750537 -3.57940907
27.849294 -4.70478497
27.948050 -6.33495889
28.046806 -8.31329008
28.145563 -10.14317675
28.244319 -11.09643250
28.343075 -10.83776932
28.441832 -9.85726380
28.540588 -9.01808631
28.639344 -8.89543939
28.738101 -9.57162448
28.836857 -10.62679663
28.935613 -11.23684569
29.034370 -10.70703416
29.133126 -9.10539212
29.231883 -7.11339377
29.330639 -5.34055105
29.429395 -4.03069425
29.528152 -3.20048290
29.626908 -2.80161702
29.725664 -2.79307643
29.824421 -3.16682196
29.923177 -3.95091055
30.021933 -5.19370437
30.120690 -6.90121941
30.219446 -8.88399429
30.318203 -10.59488475
30.416959 -11.32355410
30.515715 -10.86255028
30.614472 -9.81371785
30.713228 -9.03021992
30.811984 -9.01144020
30.910741 -9.76213504
31.009497 -10.78722627
31.108253 -11.23498241
31.207010 -10.49781261
31.305766 -8.77127624
31.404522 -6.76873639
31.503279 -5.04942289
31.602035 -3.81104571
31.700792 -3.05326441
31.799548 -2.72499890
31.898304 -2.78487140
31.997061 -3.22399368
32.095817 -4.06939816
32.194573 -5.36719027
32.293330 -7.11277707
32.392086 -9.08626749
32.490842 -10.70561098
32.589599 -11.28189457
32.688355 -10.69820591
32.787112 -9.62159186
32.885868 -8.88794543
32.984624 -8.94063937
33.083381 -9.72245443
33.182137 -10.67404786
33.280893 -10.93077769
33.379650 -9.97521722
33.478406 -8.11037957
33.577162 -6.06461004
33.675919 -4.35166099
33.774675 -3.13722062
33.873431 -2.41622667
33.972188 -2.14455911
34.070944 -2.28756702
34.169701 -2.83802233
34.268457 -3.81845185
34.367213 -5.26257000
34.465970 -7.13487452
34.564726 -9.15199435
34.663482 -10.67479866
34.762239 -11.06677497
34.860995 -10.36551186
34.959751 -9.32757011
35.058508 -8.74646599
35.157264 -8.97233984
35.256021 -9.84626975
35.354777 -10.71257873
35.453533 -10.71567211
35.552290 -9.50471642
35.651046 -7.53538252
35.749802 -5.53102818
35.848559 -3.92616807
35.947315 -2.83779310
36.046071 -2.24920941
36.144828 -2.11575766
36.243584 -2.39720347
36.342340 -3.07183396
36.441097 -4.14394621
36.539853 -5.63291738
36.638610 -7.49372598
36.737366 -9.43264266
36.836122 -10.81335930
36.934879 -11.05007379
37.033635 -10.26012745
37.132391 -9.23568820
37.231148 -8.73369125
37.329904 -8.99682545
37.428660 -9.67665862
37.527417 -9.96272312
37.626173 -9.14414073
37.724929 -7.26538845
37.823686 -4.98705844
37.922442 -2.91259194
38.021199 -1.29185759
38.119955 -0.14829189
38.218711 0.56052061
38.317468 0.88010209
38.416224 0.85636602
38.514980 0.58704192
38.613737 0.33709563
38.712493 0.44048908
38.811249 0.88288398
38.910006 1.38578272
39.008762 1.79981983
39.107519 2.11414340
39.206275 2.35043124
39.305031 2.52768613
39.403788 2.66019978
39.502544 2.75810229
39.601300 2.82855858
39.700057 2.87635033
39.798813 2.90450304
39.897569 2.91537792
39.996326 2.91599603
40.095082 2.91409775
40.193838 2.90851915
40.292595 2.89911400
40.391351 2.88591533
40.490108 2.86893869
40.588864 2.84818799
40.687620 2.82366259
40.786377 2.79535490
40.885133 2.76325842
40.983889 2.72734850
41.082646 2.68756479
41.181402 2.64384676
41.280158 2.59623215
41.378915 2.54512756
41.477671 2.49192801
41.576428 2.43975973
41.675184 2.39394087
41.773940 2.36145480
41.872697 2.34900604
41.971453 2.36034100
42.070209 2.39447762
42.168966 2.44610335
42.267722 2.50782587
42.366478 2.57269245
42.465235 2.63557058
42.563991 2.69315855
42.662747 2.74323984
42.761504 2.78381743
42.860260 2.81241327
42.959017 2.82554133
43.057773 2.81826156
43.156529 2.78325112
43.255286 2.71048533
43.354042 2.58966830
43.452798 2.41991252
43.551555 2.23116810
43.650311 2.09390542
43.749067 2.07724864
43.847824 2.18317784
43.946580 2.34448946
44.045337 2.48813560
44.144093 2.57760393
44.242849 2.60671918
44.341606 2.58005375
44.440362 2.50220718
44.539118 2.37625466
44.637875 2.20731530
44.736631 2.01362998
44.835387 1.84082307
44.934144 1.74754713
45.032900 1.74972328
45.131656 1.78953990
45.230413 1.77832820
45.329169 1.65531969
45.427926 1.41796577
45.526682 1.14607115
45.625438 0.99042443
45.724195 1.06930535
45.822951 1.35897456
45.921707 1.72446986
46.020464 2.04253932
46.119220 2.26191886
46.217976 2.38172422
46.316733 2.41599027
46.415489 2.37577707
46.514246 2.26571808
46.613002 2.08495709
46.711758 1.83033802
46.810515 1.50819839
46.909271 1.16167248
47.008027 0.89100919
47.106784 0.80199352
47.205540 0.90093309
47.304296 1.09306626
47.403053 1.30464320
47.501809 1.53187020
47.600565 1.77734461
47.699322 2.02673563
47.798078 2.26148548
47.896835 2.46008972
47.995591 2.61375867
48.094347 2.72886176
48.193104 2.81508929
48.291860 2.88023456
48.390616 2.92987113
48.489373 2.96774904
48.588129 2.99633469
48.686885 3.01697953
48.785642 3.03013455
48.884398 3.03659903
48.983155 3.03973101
49.081911 3.04200338
49.180667 3.04407883
49.279424 3.04608481
49.378180 3.04805802
49.476936 3.05001340
49.575693 3.05195834
49.674449 3.05389687
49.773205 3.05583132
49.871962 3.05776313
49.970718 3.05969318
50.069474 3.06162205
50.168231 3.06355012
50.266987 3.06547763
50.365744 3.06740475
50.464500 3.06933159
50.563256 3.07125825
50.662013 3.07318476
50.760769 3.07511045
50.859525 3.07702844
50.958282 3.07893802
51.057038 3.08083920
51.155794 3.08273201
51.254551 3.08461643
51.353307 3.08649249
51.452064 3.08836019
51.550820 3.09021952
51.649576 3.09207049
51.748333 3.09391311
51.847089 3.09574737
51.945845 3.09757327
52.044602 3.09939082
52.143358 3.10120002
52.242114 3.10300086
52.340871 3.10479335
52.439627 3.10657749
52.538383 3.10835327
52.637140 3.11012070
52.735896 3.11187978
52.834653 3.11363051
52.933409 3.11537289
53.032165 3.11710691
53.130922 3.11883258
53.229678 3.12054990
53.328434 3.12225887
53.427191 3.12395949
53.525947 3.12565175
53.624703 3.12733567
53.723460 3.12901123
53.822216 3.13067844
53.920973 3.13233730
54.019729 3.13398781
54.118485 3.13562996
54.217242 3.13726377
54.315998 3.13888922
54.414754 3.14050632
54.513511 3.14211507
54.612267 3.14371547
54.711023 3.14530752
54.809780 3.14689122
54.908536 3.14846656
55.007292 3.15003356
55.106049 3.15159220
55.204805 3.15314249
55.303562 3.15468443
55.402318 3.15621802
55.501074 3.15774326
55.599831 3.15926015
55.698587 3.16076868
55.797343 3.16226887
55.896100 3.16376070
55.994856 3.16524418
56.093612 3.16671931
56.192369 3.16818609
56.291125 3.16964452
56.389882 3.17109460
56.488638 3.17253633
56.587394 3.17396970
56.686151 3.17539473
56.784907 3.17681140
56.883663 3.17821972
56.982420 3.17961969
57.081176 3.18101132
57.179932 3.18239458
57.278689 3.18376950
57.377445 3.18513607
57.476201 3.18649429
57.574958 3.18784415
57.673714 3.18918567
57.772471 3.19051883
57.871227 3.19184364
57.969983 3.19316010
58.068740 3.19446821
58.167496 3.19576797
58.266252 3.19705938
58.365009 3.19834244
58.463765 3.19961714
58.562521 3.20088350
58.661278 3.20214150
58.760034 3.20339116
58.858791 3.20463246
58.957547 3.20586541
59.056303 3.20709001
59.155060 3.20830626
59.253816 3.20951416
59.352572 3.21071371
59.451329 3.21190491
59.550085 3.21308775
59.648841 3.21426225
59.747598 3.21542840
59.846354 3.21658619
59.945110 3.21773563
60.043867 3.21887672
60.142623 3.22000947
60.241380 3.22113386
60.340136 3.22224990
60.438892 3.22335758
60.537649 3.22445692
60.636405 3.22554791
60.735161 3.22663055
60.833918 3.22770483
60.932674 3.22877077
61.031430 3.22982835
61.130187 3.23087758
61.228943 3.23191846
61.327700 3.23295100
61.426456 3.23397518
61.525212 3.23499101
61.623969 3.23599848
61.722725 3.23699761
61.821481 3.23798839
61.920238 3.23897082
62.018994 3.23994489
62.117750 3.24091062
62.216507 3.24186799
62.315263 3.24281701
62.414019 3.24375769
62.512776 3.24469001
62.611532 3.24561398
62.710289 3.24652960
62.809045 3.24743687
62.907801 3.24833578
63.006558 3.24922635
63.105314 3.25010857
63.204070 3.25098243
63.302827 3.25184795
63.401583 3.25270511
63.500339 3.25355392
63.599096 3.25439439
63.697852 3.25522650
63.796609 3.25605026
63.895365 3.25686567
63.994121 3.25767273
64.092878 3.25847143
64.191634 3.25926179
64.290390 3.26004380
64.389147 3.26081745
64.487903 3.26158276
64.586659 3.26233971
64.685416 3.26308831
64.784172 3.26382856
64.882928 3.26456047
64.981685 3.26528402
65.080441 3.26599921
65.179198 3.26670606
65.277954 3.26740456
65.376710 3.26809471
65.475467 3.26877650
65.574223 3.26944995
65.672979 3.27011504
65.771736 3.27077178
65.870492 3.27142017
65.969248 3.27206021
66.068005 3.27269190
66.166761 3.27331524
66.265518 3.27393023
66.364274 3.27453687
66.463030 3.27513515
66.561787 3.27572509
66.660543 3.27630667
66.759299 3.27687991
66.858056 3.27744479
66.956812 3.27800132
67.055568 3.27854950
67.154325 3.27908933
67.253081 3.27962081
67.351837 3.28014393
67.450594 3.28065871
67.549350 3.28116513
67.648107 3.28166321
67.746863 3.28215293
67.845619 3.28263430
67.944376 3.28310732
68.043132 3.28357199
68.141888 3.28402831
68.240645 3.28447628
68.339401 3.28491589
68.438157 3.28534716
68.536914 3.28577007
68.635670 3.28618464
68.734427 3.28659085
68.833183 3.28698871
68.931939 3.28737822
69.030696 3.28775938
69.129452 3.28813218
69.228208 3.28849664
69.326965 3.28885275
69.425721 3.28920050
69.524477 3.28953990
69.623234 3.28987095
69.721990 3.29019365
69.820746 3.29050800
69.919503 3.29081400
70.018259 3.29111165
70.117016 3.29140094
70.215772 3.29168188
70.314528 3.29195448
70.413285 3.29221872
70.512041 3.29247461
70.610797 3.29272215
70.709554 3.29296133
70.808310 3.29319217
70.907066 3.29341466
71.005823 3.29362879
71.104579 3.29383457
71.203336 3.29403200
71.302092 3.29422108
71.400848 3.29440181
71.499605 3.29457418
71.598361 3.29473820
71.697117 3.29489459
71.795874 3.29505026
71.894630 3.29520593
71.993386 3.29536160
72.092143 3.29551728
72.190899 3.29567295
72.289655 3.29582863
72.388412 3.29598431
72.487168 3.29614006
72.585925 3.29629566
