0.098756 1.55580344
0.197513 1.55580638
0.296269 1.55580323
0.395025 1.55580292
0.493782 1.55580295
0.592538 1.55580299
0.691295 1.55580303
0.790051 1.55580308
0.888807 1.55580313
0.987564 1.55580318
1.086320 1.55580323
1.185076 1.55580329
1.283833 1.55580336
1.382589 1.55580343
1.481345 1.55580350
1.580102 1.55580358
1.678858 1.55580367
1.777614 1.55580376
1.876371 1.55580386
1.975127 1.55580396
2.073884 1.55580407
2.172640 1.55580419
2.271396 1.55580432
2.370153 1.55580446
2.468909 1.55580461
2.567665 1.55580476
2.666422 1.55580493
2.765178 1.55580510
2.863934 1.55580528
2.962691 1.55580548
3.061447 1.55580569
3.160204 1.55580590
3.258960 1.55580613
3.357716 1.55580638
3.456473 1.55580663
3.555229 1.55580690
3.653985 1.55580718
3.752742 1.55580747
3.851498 1.55580778
3.950254 1.55580810
4.049011 1.55580844
4.147767 1.55580879
4.246523 1.55580916
4.345280 1.55580954
4.444036 1.55580994
4.542793 1.55581035
4.641549 1.55581078
4.740305 1.55581123
4.839062 1.55581170
4.937818 1.55581218
5.036574 1.55581268
5.135331 1.55581321
5.234087 1.55581374
5.332843 1.55581430
5.431600 1.55581488
5.530356 1.55581548
5.629113 1.55581609
5.727869 1.55581673
5.826625 1.55581739
5.925382 1.55581807
6.024138 1.55581877
6.122894 1.55581950
6.221651 1.55582024
6.320407 1.55582101
6.419163 1.55582180
6.517920 1.55582261
6.616676 1.55582345
6.715432 1.55582431
6.814189 1.55582519
6.912945 1.55582610
7.011702 1.55582703
7.110458 1.55582799
7.209214 1.55582897
7.307971 1.55582998
7.406727 1.55583102
7.505483 1.55583208
7.604240 1.55583316
7.702996 1.55583428
7.801752 1.55583542
7.900509 1.55583659
7.999265 1.55583778
8.098022 1.55583901
8.196778 1.55584026
8.295534 1.55584154
8.394291 1.55584284
8.493047 1.55584418
8.591803 1.55584555
8.690560 1.55584695
8.789316 1.55584837
8.888072 1.55584983
8.986829 1.55585131
9.085585 1.55585283
9.184341 1.55585437
9.283098 1.55585595
9.381854 1.55585756
9.480611 1.55585920
9.579367 1.55586087
9.678123 1.55586258
9.776880 1.55586431
9.875636 1.55586608
9.974392 1.55586788
10.073149 1.55586972
10.171905 1.55587158
10.270661 1.55587348
10.369418 1.55587541
10.468174 1.55587738
10.566931 1.55587938
10.665687 1.55588141
10.764443 1.55588348
10.863200 1.55588558
10.961956 1.55588772
11.060712 1.55588989
11.159469 1.55589210
11.258225 1.55589434
11.356981 1.55589661
11.455738 1.55589892
11.554494 1.55590127
11.653250 1.55590365
11.752007 1.55590606
11.850763 1.55590852
11.949520 1.55591100
12.048276 1.55591353
12.147032 1.55591609
12.245789 1.55591869
12.344545 1.55592132
12.443301 1.55592399
12.542058 1.55592669
12.640814 1.55592943
12.739570 1.55593221
12.838327 1.55593502
12.937083 1.55593787
13.035840 1.55594076
13.134596 1.55594368
13.233352 1.55594664
13.332109 1.55594964
13.430865 1.55595267
13.529621 1.55595574
13.628378 1.55595885
13.727134 1.55596199
13.825890 1.55596518
13.924647 1.55596839
14.023403 1.55597165
14.122159 1.55597493
14.220916 1.55597827
14.319672 1.55598163
14.418429 1.55598503
14.517185 1.55598847
14.615941 1.55599194
14.714698 1.55599545
14.813454 1.55599900
14.912210 1.55600258
15.010967 1.55600620
15.109723 1.55600986
15.208479 1.55601355
15.307236 1.55601727
15.405992 1.55602104
15.504749 1.55602484
15.603505 1.55602868
15.702261 1.55603254
15.801018 1.55603645
15.899774 1.55604039
15.998530 1.55604437
16.097287 1.55604837
16.196043 1.55605242
16.294799 1.55605649
16.393556 1.55606061
16.492312 1.55606475
16.591068 1.55606893
16.689825 1.55607313
16.788581 1.55607738
16.887338 1.55608164
16.986094 1.55608595
17.084850 1.55609027
17.183607 1.55609464
17.282363 1.55609902
17.381119 1.55610343
17.479876 1.55610786
17.578632 1.55611232
17.677388 1.55611679
17.776145 1.55612129
17.874901 1.55612579
17.973658 1.55613031
18.072414 1.55613482
18.171170 1.55613934
18.269927 1.55614385
18.368683 1.55614835
18.467439 1.55615281
18.566196 1.55615725
18.664952 1.55616163
18.763708 1.55616596
18.862465 1.55617019
18.961221 1.55617432
19.059977 1.55617831
19.158734 1.55618214
19.257490 1.55618576
19.356247 1.55618914
19.455003 1.55619219
19.553759 1.55619488
19.652516 1.55619709
19.751272 1.55619876
19.850028 1.55619974
19.948785 1.55619991
20.047541 1.55619907
20.146297 1.55619705
20.245054 1.55619355
20.343810 1.55618830
20.442567 1.55618091
20.541323 1.55617093
20.640079 1.55615781
20.738836 1.55614089
20.837592 1.55611934
20.936348 1.55609219
21.035105 1.55605818
21.133861 1.55601586
21.232617 1.55596335
21.331374 1.55589841
21.430130 1.55581823
21.528886 1.55571936
21.627643 1.55559748
21.726399 1.55544724
21.825156 1.55526190
21.923912 1.55503308
22.022668 1.55475014
22.121425 1.55439969
22.220181 1.55396467
22.318937 1.55342336
22.417694 1.55274790
22.516450 1.55190247
22.615206 1.55084071
22.713963 1.54950238
22.812719 1.54780888
22.911476 1.54565702
23.010232 1.54291090
23.108988 1.53939040
23.207745 1.53485614
23.306501 1.52898788
23.405257 1.52135637
23.504014 1.51138234
23.602770 1.49828303
23.701526 1.48099366
23.800283 1.45806476
23.899039 1.42751112
23.997795 1.38661286
24.096552 1.33162712
24.195308 1.25740314
24.294065 1.15685138
24.392821 1.02020430
24.491577 0.83413688
24.590334 0.58033206
24.689090 0.23490214
24.787846 -0.22421799
24.886603 -0.76445213
24.985359 -1.18544512
25.084115 -1.23920378
25.182872 -1.03043635
25.281628 -0.91093498
25.380385 -1.08994230
25.479141 -1.63667710
25.577897 -2.58505623
25.676654 -3.96520359
25.775410 -5.78761809
25.874166 -7.96745141
25.972923 -10.16043714
26.071679 -11.69772418
26.170435 -12.01559545
26.269192 -11.29390973
26.367948 -10.35851738
26.466704 -9.96920277
26.565461 -10.38685844
26.664217 -11.30752397
26.762974 -11.95464049
26.861730 -11.55924800
26.960486 -10.04571201
27.059243 -8.02779710
27.157999 -6.14041584
27.256755 -4.66362434
27.355512 -3.63031639
27.454268 -3.00498446
27.553024 -2.76657103
27.651781 -2.92808566
27.750537 -3.52972359
27.849294 -4.62214302
27.948050 -6.22128506
28.046806 -8.18666873
28.145563 -10.04541947
28.244319 -11.06935083
28.343075 -10.87786466
28.441832 -9.91394412
28.540588 -9.03966647
28.639344 -8.85951231
28.738101 -9.48902752
28.836857 -10.54358253
28.935613 -11.21690404
29.034370 -10.77885544
29.133126 -9.23522048
29.231883 -7.24644437
29.330639 -5.44492880
29.429395 -4.09943730
29.528152 -3.23716232
29.626908 -2.81128734
29.725664 -2.77879770
29.824421 -3.12844651
29.923177 -3.88537529
30.021933 -5.09738491
30.120690 -6.77670323
30.219446 -8.75340327
30.318203 -10.50498164
30.416959 -11.31363511
30.515715 -10.91854912
30.614472 -9.87753645
30.713228 -9.05046694
30.811984 -8.96988037
30.910741 -9.67668061
31.009497 -10.71379031
31.108253 -11.24230846
31.207010 -10.60732724
31.305766 -8.93859549
31.404522 -6.93507203
31.503279 -5.18314870
31.602035 -3.90443402
31.700792 -3.10719695
31.799548 -2.74130843
31.898304 -2.76445733
31.997061 -3.16663551
32.095817 -3.97405527
32.194573 -5.23375455
32.293330 -6.94903862
32.392086 -8.92241955
32.490842 -10.59698140
32.589599 -11.26881770
32.688355 -10.75822634
32.787112 -9.68808477
32.885868 -8.90692292
32.984624 -8.89582015
33.083381 -9.63680976
33.182137 -10.60884419
33.280893 -10.95308224
33.379650 -10.09688935
33.478406 -8.28062693
33.577162 -6.22658463
33.675919 -4.47836462
33.774675 -3.22441569
33.873431 -2.46764903
33.972188 -2.16482922
34.070944 -2.27977284
34.169701 -2.80273951
34.268457 -3.75390779
34.367213 -5.16746851
34.465970 -7.01737599
34.564726 -9.04438894
34.663482 -10.63023803
34.762239 -11.11410667
34.860995 -10.47142805
34.959751 -9.42672600
35.058508 -8.79350986
35.157264 -8.96003610
35.256021 -9.80811841
35.354777 -10.71874676
35.453533 -10.82892393
35.552290 -9.72135210
35.651046 -7.79637292
35.749802 -5.78329600
35.848559 -4.14801400
35.947315 -3.02627631
36.046071 -2.40632197
36.144828 -2.24315579
36.243584 -2.49528731
36.342340 -3.14010738
36.441097 -4.18192905
36.539853 -5.64280425
36.638610 -7.48858503
36.737366 -9.44946817
36.836122 -10.90649687
36.934879 -11.24447782
37.033635 -10.51842213
37.132391 -9.49365436
37.231148 -8.95357729
37.329904 -9.19030173
37.428660 -9.91081611
37.527417 -10.33341970
37.626173 -9.69827384
37.724929 -7.95796709
37.823686 -5.73593012
37.922442 -3.66046588
38.021199 -2.00961318
38.119955 -0.81702410
38.218711 -0.04334897
38.317468 0.35279031
38.416224 0.40957026
38.514980 0.20779688
38.613737 -0.01249492
38.712493 0.09339243
38.811249 0.55788692
38.910006 1.10749125
39.008762 1.57254502
39.107519 1.93393549
39.206275 2.21285247
39.305031 2.42873270
39.403788 2.59576500
39.502544 2.72367584
39.601300 2.81857091
39.700057 2.88466302
39.798813 2.92563527
39.897569 2.94438097
39.996326 2.94815930
40.095082 2.94987158
40.193838 2.95105101
40.292595 2.95204149
40.391351 2.95294505
40.490108 2.95380199
40.588864 2.95463161
40.687620 2.95544430
40.786377 2.95624609
40.885133 2.95704066
40.983889 2.95783036
41.082646 2.95861677
41.181402 2.95940094
41.280158 2.96018368
41.378915 2.96096565
41.477671 2.96174750
41.576428 2.96253008
41.675184 2.96331474
41.773940 2.96410401
41.872697 2.96490337
41.971453 2.96572745
42.070209 2.96662968
42.168966 2.96787352
42.267722 2.97020059
42.366478 2.97350411
42.465235 2.97730634
42.563991 2.98085048
42.662747 2.98298658
42.761504 2.98199771
42.860260 2.97532798
42.959017 2.95917526
43.057773 2.92804217
43.156529 2.87380707
43.255286 2.78549214
43.354042 2.65204427
43.452798 2.47250890
43.551555 2.27782588
43.650311 2.13935220
43.749067 2.12458641
43.847824 2.23189370
43.946580 2.39203449
44.045337 2.53255117
44.144093 2.61810834
44.242849 2.64294322
44.341606 2.61145343
44.440362 2.52796404
44.539118 2.39564808
44.637875 2.22101244
44.736631 2.02620762
44.835387 1.86173787
44.934144 1.78526877
45.032900 1.80362117
45.131656 1.85209787
45.230413 1.84421919
45.329169 1.72433165
45.427926 1.49067375
45.526682 1.21694093
45.625438 1.04491509
45.724195 1.09388452
45.822951 1.35558525
45.921707 1.70816198
46.020464 2.02671261
46.119220 2.25159357
46.217976 2.37660449
46.316733 2.41434107
46.415489 2.37603179
46.514246 2.26682322
46.613002 2.08634544
46.711758 1.83197059
46.810515 1.51067972
46.909271 1.16579503
47.008027 0.89600719
47.106784 0.80505305
47.205540 0.89930096
47.304296 1.08243607
47.403053 1.27910196
47.501809 1.49866724
47.600565 1.74856919
47.699322 1.99874954
47.798078 2.22963955
47.896835 2.42596897
47.995591 2.57851059
48.094347 2.69219796
48.193104 2.77648158
48.291860 2.83931769
48.390616 2.88645570
48.489373 2.92179610
48.588129 2.94794346
48.686885 2.96636730
48.785642 2.97753315
48.884398 2.98265081
48.983155 2.98469519
49.081911 2.98578463
49.180667 2.98668688
49.279424 2.98752748
49.378180 2.98834033
49.476936 2.98913860
49.575693 2.98992855
49.674449 2.99071351
49.773205 2.99149535
49.871962 2.99227521
49.970718 2.99305376
50.069474 2.99383146
50.168231 2.99460858
50.266987 2.99538530
50.365744 2.99616175
50.464500 2.99693801
50.563256 2.99771413
50.662013 2.99849016
50.760769 2.99926588
50.859525 3.00003892
50.958282 3.00080904
51.057038 3.00157626
51.155794 3.00234058
51.254551 3.00310201
51.353307 3.00386055
51.452064 3.00461621
51.550820 3.00536897
51.649576 3.00611886
51.748333 3.00686586
51.847089 3.00760999
51.945845 3.00835123
52.044602 3.00908959
52.143358 3.00982507
52.242114 3.01055767
52.340871 3.01128739
52.439627 3.01201423
52.538383 3.01273820
52.637140 3.01345928
52.735896 3.01417748
52.834653 3.01489281
52.933409 3.01560525
53.032165 3.01631482
53.130922 3.01702151
53.229678 3.01772532
53.328434 3.01842625
53.427191 3.01912430
53.525947 3.01981947
53.624703 3.02051177
53.723460 3.02120118
53.822216 3.02188772
53.920973 3.02257138
54.019729 3.02325215
54.118485 3.02393005
54.217242 3.02460508
54.315998 3.02527722
54.414754 3.02594648
54.513511 3.02661287
54.612267 3.02727638
54.711023 3.02793701
54.809780 3.02859476
54.908536 3.02924963
55.007292 3.02990162
55.106049 3.03055074
55.204805 3.03119697
55.303562 3.03184033
55.402318 3.03248081
55.501074 3.03311841
55.599831 3.03375313
55.698587 3.03438498
55.797343 3.03501394
55.896100 3.03564003
55.994856 3.03626324
56.093612 3.03688357
56.192369 3.03750102
56.291125 3.03811560
56.389882 3.03872729
56.488638 3.03933611
56.587394 3.03994205
56.686151 3.04054511
56.784907 3.04114530
56.883663 3.04174260
56.982420 3.04233703
57.081176 3.04292858
57.179932 3.04351725
57.278689 3.04410304
57.377445 3.04468596
57.476201 3.04526599
57.574958 3.04584315
57.673714 3.04641743
57.772471 3.04698884
57.871227 3.04755736
57.969983 3.04812301
58.068740 3.04868578
58.167496 3.04924567
58.266252 3.04980268
58.365009 3.05035681
58.463765 3.05090807
58.562521 3.05145645
58.661278 3.05200195
58.760034 3.05254457
58.858791 3.05308432
58.957547 3.05362119
59.056303 3.05415518
59.155060 3.05468629
59.253816 3.05521452
59.352572 3.05573988
59.451329 3.05626236
59.550085 3.05678196
59.648841 3.05729868
59.747598 3.05781253
59.846354 3.05832350
59.945110 3.05883159
60.043867 3.05933680
60.142623 3.05983913
60.241380 3.06033859
60.340136 3.06083517
60.438892 3.06132887
60.537649 3.06181969
60.636405 3.06230764
60.735161 3.06279271
60.833918 3.06327490
60.932674 3.06375421
61.031430 3.06423065
61.130187 3.06470421
61.228943 3.06517489
61.327700 3.06564269
61.426456 3.06610762
61.525212 3.06656967
61.623969 3.06702884
61.722725 3.06748513
61.821481 3.06793855
61.920238 3.06838908
62.018994 3.06883675
62.117750 3.06928153
62.216507 3.06972344
62.315263 3.07016246
62.414019 3.07059861
62.512776 3.07103189
62.611532 3.07146228
62.710289 3.07188980
62.809045 3.07231445
62.907801 3.07273621
63.006558 3.07315510
63.105314 3.07357111
63.204070 3.07398424
63.302827 3.07439449
63.401583 3.07480187
63.500339 3.07520637
63.599096 3.07560799
63.697852 3.07600674
63.796609 3.07640261
63.895365 3.07679560
63.994121 3.07718571
64.092878 3.07757295
64.191634 3.07795730
64.290390 3.07833879
64.389147 3.07871739
64.487903 3.07909312
64.586659 3.07946597
64.685416 3.07983594
64.784172 3.08020304
64.882928 3.08056725
64.981685 3.08092859
65.080441 3.08128706
65.179198 3.08164264
65.277954 3.08199535
65.376710 3.08234519
65.475467 3.08269214
65.574223 3.08303622
65.672979 3.08337742
65.771736 3.08371574
65.870492 3.08405119
65.969248 3.08438376
66.068005 3.08471345
66.166761 3.08504026
66.265518 3.08536420
66.364274 3.08568526
66.463030 3.08600345
66.561787 3.08631875
66.660543 3.08663118
66.759299 3.08694073
66.858056 3.08724741
66.956812 3.08755120
67.055568 3.08785213
67.154325 3.08815017
67.253081 3.08844533
67.351837 3.08873762
67.450594 3.08902704
67.549350 3.08931357
67.648107 3.08959723
67.746863 3.08987801
67.845619 3.09015591
67.944376 3.09043094
68.043132 3.09070309
68.141888 3.09097236
68.240645 3.09123876
68.339401 3.09150228
68.438157 3.09176292
68.536914 3.09202068
68.635670 3.09227557
68.734427 3.09252758
68.833183 3.09277671
68.931939 3.09302297
69.030696 3.09326635
69.129452 3.09350685
69.228208 3.09374448
69.326965 3.09397922
69.425721 3.09421109
69.524477 3.09444009
69.623234 3.09466621
69.721990 3.09488945
69.820746 3.09510981
69.919503 3.09532729
70.018259 3.09554190
70.117016 3.09575363
70.215772 3.09596249
70.314528 3.09616847
70.413285 3.09637157
70.512041 3.09657179
70.610797 3.09676914
70.709554 3.09696361
70.808310 3.09715520
70.907066 3.09734392
71.005823 3.09752976
71.104579 3.09771272
71.203336 3.09789280
71.302092 3.09807001
71.400848 3.09824434
71.499605 3.09841579
71.598361 3.09858437
71.697117 3.09875032
71.795874 3.09891602
71.894630 3.09908171
71.993386 3.09924741
72.092143 3.09941311
72.190899 3.09957881
72.289655 3.09974452
72.388412 3.09991023
72.487168 3.10007602
72.585925 3.10024163
