0.098756 1.55517179
0.197513 1.55517511
0.296269 1.55517155
0.395025 1.55517119
0.493782 1.55517123
0.592538 1.55517128
0.691295 1.55517133
0.790051 1.55517138
0.888807 1.55517143
0.987564 1.55517148
1.086320 1.55517154
1.185076 1.55517160
1.283833 1.55517167
1.382589 1.55517174
1.481345 1.55517181
1.580102 1.55517188
1.678858 1.55517196
1.777614 1.55517205
1.876371 1.55517214
1.975127 1.55517223
2.073884 1.55517233
2.172640 1.55517244
2.271396 1.55517255
2.370153 1.55517267
2.468909 1.55517279
2.567665 1.55517292
2.666422 1.55517306
2.765178 1.55517321
2.863934 1.55517336
2.962691 1.55517352
3.061447 1.55517369
3.160204 1.55517387
3.258960 1.55517405
3.357716 1.55517425
3.456473 1.55517445
3.555229 1.55517466
3.653985 1.55517489
3.752742 1.55517512
3.851498 1.55517536
3.950254 1.55517561
4.049011 1.55517588
4.147767 1.55517615
4.246523 1.55517643
4.345280 1.55517673
4.444036 1.55517704
4.542793 1.55517736
4.641549 1.55517769
4.740305 1.55517803
4.839062 1.55517839
4.937818 1.55517876
5.036574 1.55517913
5.135331 1.55517953
5.234087 1.55517994
5.332843 1.55518036
5.431600 1.55518079
5.530356 1.55518124
5.629113 1.55518170
5.727869 1.55518218
5.826625 1.55518267
5.925382 1.55518318
6.024138 1.55518369
6.122894 1.55518423
6.221651 1.55518478
6.320407 1.55518535
6.419163 1.55518593
6.517920 1.55518653
6.616676 1.55518714
6.715432 1.55518777
6.814189 1.55518842
6.912945 1.55518908
7.011702 1.55518976
7.110458 1.55519046
7.209214 1.55519117
7.307971 1.55519191
7.406727 1.55519265
7.505483 1.55519342
7.604240 1.55519420
7.702996 1.55519501
7.801752 1.55519583
7.900509 1.55519667
7.999265 1.55519752
8.098022 1.55519840
8.196778 1.55519930
8.295534 1.55520021
8.394291 1.55520114
8.493047 1.55520210
8.591803 1.55520307
8.690560 1.55520406
8.789316 1.55520507
8.888072 1.55520611
8.986829 1.55520715
9.085585 1.55520823
9.184341 1.55520932
9.283098 1.55521043
9.381854 1.55521156
9.480611 1.55521272
9.579367 1.55521389
9.678123 1.55521509
9.776880 1.55521630
9.875636 1.55521754
9.974392 1.55521880
10.073149 1.55522008
10.171905 1.55522138
10.270661 1.55522271
10.369418 1.55522405
10.468174 1.55522542
10.566931 1.55522681
10.665687 1.55522823
10.764443 1.55522966
10.863200 1.55523112
10.961956 1.55523260
11.060712 1.55523411
11.159469 1.55523563
11.258225 1.55523718
11.356981 1.55523875
11.455738 1.55524035
11.554494 1.55524197
11.653250 1.55524361
11.752007 1.55524528
11.850763 1.55524697
11.949520 1.55524868
12.048276 1.55525043
12.147032 1.55525219
12.245789 1.55525398
12.344545 1.55525579
12.443301 1.55525763
12.542058 1.55525949
12.640814 1.55526137
12.739570 1.55526328
12.838327 1.55526522
12.937083 1.55526718
13.035840 1.55526917
13.134596 1.55527118
13.233352 1.55527322
13.332109 1.55527528
13.430865 1.55527737
13.529621 1.55527949
13.628378 1.55528163
13.727134 1.55528380
13.825890 1.55528600
13.924647 1.55528822
14.023403 1.55529047
14.122159 1.55529274
14.220916 1.55529505
14.319672 1.55529738
14.418429 1.55529973
14.517185 1.55530212
14.615941 1.55530453
14.714698 1.55530697
14.813454 1.55530944
14.912210 1.55531194
15.010967 1.55531446
15.109723 1.55531701
15.208479 1.55531959
15.307236 1.55532220
15.405992 1.55532484
15.504749 1.55532751
15.603505 1.55533021
15.702261 1.55533293
15.801018 1.55533568
15.899774 1.55533847
15.998530 1.55534128
16.097287 1.55534412
16.196043 1.55534699
16.294799 1.55534990
16.393556 1.55535282
16.492312 1.55535578
16.591068 1.55535877
16.689825 1.55536179
16.788581 1.55536483
16.887338 1.55536791
16.986094 1.55537100
17.084850 1.55537413
17.183607 1.55537728
17.282363 1.55538047
17.381119 1.55538367
17.479876 1.55538690
17.578632 1.55539014
17.677388 1.55539342
17.776145 1.55539670
17.874901 1.55540000
17.973658 1.55540330
18.072414 1.55540662
18.171170 1.55540994
18.269927 1.55541325
18.368683 1.55541655
18.467439 1.55541983
18.566196 1.55542307
18.664952 1.55542628
18.763708 1.55542942
18.862465 1.55543248
18.961221 1.55543544
19.059977 1.55543828
19.158734 1.55544094
19.257490 1.55544342
19.356247 1.55544564
19.455003 1.55544756
19.553759 1.55544911
19.652516 1.55545021
19.751272 1.55545075
19.850028 1.55545064
19.948785 1.55544969
20.047541 1.55544778
20.146297 1.55544465
20.245054 1.55544009
20.343810 1.55543376
20.442567 1.55542531
20.541323 1.55541427
20.640079 1.55540012
20.738836 1.55538215
20.837592 1.55535958
20.936348 1.55533139
21.035105 1.55529638
21.133861 1.55525303
21.232617 1.55519953
21.331374 1.55513359
21.430130 1.55505244
21.528886 1.55495259
21.627643 1.55482977
21.726399 1.55467858
21.825156 1.55449236
21.923912 1.55426266
22.022668 1.55397893
22.121425 1.55362773
22.220181 1.55319211
22.318937 1.55265033
22.417694 1.55197465
22.516450 1.55112927
22.615206 1.55006801
22.713963 1.54873076
22.812719 1.54703920
22.911476 1.54489040
23.010232 1.54214898
23.108988 1.53863539
23.207745 1.53411119
23.306501 1.52825731
23.405257 1.52064625
23.504014 1.51070109
23.602770 1.49764247
23.701526 1.48041030
23.800283 1.45756177
23.899039 1.42712103
23.997795 1.38638145
24.096552 1.33161888
24.195308 1.25770897
24.294065 1.15759926
24.392821 1.02157444
24.491577 0.83638135
24.590334 0.58380221
24.689090 0.24005200
24.787846 -0.21712278
24.886603 -0.75672980
24.985359 -1.18120419
25.084115 -1.24052184
25.182872 -1.03221397
25.281628 -0.90776843
25.380385 -1.07929205
25.479141 -1.61700371
25.577897 -2.55480687
25.676654 -3.92280987
25.775410 -5.73252324
25.874166 -7.90361110
25.972923 -10.10128155
26.071679 -11.66277975
26.170435 -12.01240355
26.269192 -11.30677782
26.367948 -10.36282457
26.466704 -9.95023047
26.565461 -10.34581042
26.664217 -11.26259614
26.762974 -11.93451809
26.861730 -11.58025484
26.960486 -10.09642540
27.059243 -8.08452590
27.157999 -6.18839706
27.256755 -4.69962431
27.355512 -3.65572150
27.454268 -3.02099323
27.553024 -2.77272955
27.651781 -2.92244773
27.750537 -3.50962133
27.849294 -4.58528808
27.948050 -6.16823773
28.046806 -8.12659776
28.145563 -10.00049730
28.244319 -11.06293632
28.343075 -10.91003119
28.441832 -9.95900190
28.540588 -9.07030987
28.639344 -8.86345207
28.738101 -9.47018457
28.836857 -10.52164757
28.935613 -11.22015210
29.034370 -10.82159620
29.133126 -9.30471492
29.231883 -7.31928700
29.330639 -5.50646646
29.429395 -4.14537233
29.528152 -3.26750879
29.626908 -2.82673925
29.725664 -2.77978327
29.824421 -3.11504508
29.923177 -3.85739955
30.021933 -5.05484286
30.120690 -6.72185655
30.219446 -8.69568854
30.318203 -10.46344617
30.416959 -11.30504643
30.515715 -10.93889769
30.614472 -9.90459898
30.713228 -9.06384868
30.811984 -8.96176643
30.910741 -9.65196355
31.009497 -10.68958478
31.108253 -11.24035452
31.207010 -10.63550488
31.305766 -8.98419346
31.404522 -6.98012667
31.503279 -5.21794157
31.602035 -3.92705618
31.700792 -3.11878177
31.799548 -2.74328820
31.898304 -2.75750252
31.997061 -3.15025021
32.095817 -3.94669935
32.194573 -5.19382521
32.293330 -6.89781136
32.392086 -8.86969348
32.490842 -10.56267684
32.589599 -11.26873480
32.688355 -10.78557740
32.787112 -9.71896933
32.885868 -8.92131165
32.984624 -8.88719667
33.083381 -9.61207064
33.182137 -10.58754535
33.280893 -10.95761298
33.379650 -10.13273347
33.478406 -8.33242907
33.577162 -6.27581418
33.675919 -4.51572512
33.774675 -3.24807315
33.873431 -2.47838532
33.972188 -2.16363997
34.070944 -2.26708114
34.169701 -2.77812395
34.268457 -3.71621856
34.367213 -5.11586812
34.465970 -6.95472683
34.564726 -8.98315053
34.663482 -10.59196035
34.762239 -11.11204208
34.860995 -10.49422690
34.959751 -9.44905468
35.058508 -8.79703656
35.157264 -8.94046474
35.256021 -9.77429700
35.354777 -10.69054105
35.453533 -10.82495469
35.552290 -9.74163107
35.651046 -7.82419222
35.749802 -5.80284458
35.848559 -4.15270060
35.947315 -3.01569647
36.046071 -2.38246733
36.144828 -2.20884533
36.243584 -2.45335727
36.342340 -3.09241891
36.441097 -4.12851938
36.539853 -5.58239870
36.638610 -7.42220406
36.737366 -9.38666103
36.836122 -10.86474446
36.934879 -11.23290423
37.033635 -10.52437571
37.132391 -9.49394980
37.231148 -8.93308233
37.329904 -9.14801360
37.428660 -9.85894420
37.527417 -10.29121940
37.626173 -9.67625080
37.724929 -7.94818275
37.823686 -5.72297411
37.922442 -3.63540779
38.021199 -1.97104829
38.119955 -0.76622046
38.218711 0.01863356
38.317468 0.42563525
38.416224 0.49298107
38.514980 0.29962013
38.613737 0.08172606
38.712493 0.18527735
38.811249 0.65076851
38.910006 1.20615102
39.008762 1.67819568
39.107519 2.04613331
39.206275 2.33094245
39.305031 2.55207244
39.403788 2.72374996
39.502544 2.85579027
39.601300 2.95437134
39.700057 3.02349520
39.798813 3.06683683
39.897569 3.08731580
39.996326 3.09193205
40.095082 3.09403823
40.193838 3.09551630
40.292595 3.09677689
40.391351 3.09793912
40.490108 3.09904909
40.588864 3.10012864
40.687620 3.10118946
40.786377 3.10223830
40.885133 3.10327924
40.983889 3.10431491
41.082646 3.10534702
41.181402 3.10637674
41.280158 3.10740494
41.378915 3.10843235
41.477671 3.10945966
41.576428 3.11048780
41.675184 3.11151817
41.773940 3.11255343
41.872697 3.11359921
41.971453 3.11467047
42.070209 3.11582152
42.168966 3.11732082
42.267722 3.11991125
42.366478 3.12348240
42.465235 3.12755444
42.563991 3.13136796
42.662747 3.13376931
42.761504 3.13303647
42.860260 3.12660606
42.959017 3.11066553
43.057773 3.07970286
43.156529 3.02557771
43.255286 2.93729393
43.354042 2.80382043
43.452798 2.62433566
43.551555 2.43004663
43.650311 2.29248874
43.749067 2.27890055
43.847824 2.38710065
43.946580 2.54760329
44.045337 2.68813680
44.144093 2.77362763
44.242849 2.79843780
44.341606 2.76698834
44.440362 2.68359561
44.539118 2.55142118
44.637875 2.37697798
44.736631 2.18245515
44.835387 2.01839957
44.934144 1.94242657
45.032900 1.96119658
45.131656 2.00989503
45.230413 2.00206286
45.329169 1.88216287
45.427926 1.64863803
45.526682 1.37541571
45.625438 1.20428862
45.724195 1.25420196
45.822951 1.51652426
45.921707 1.86936323
46.020464 2.18800999
46.119220 2.41298511
46.217976 2.53814896
46.316733 2.57610389
46.415489 2.53807396
46.514246 2.42920355
46.613002 2.24912521
46.711758 1.99522070
46.810515 1.67448650
46.909271 1.33024311
47.008027 1.06111670
47.106784 0.97076798
47.205540 1.06558468
47.304296 1.24907441
47.403053 1.44513375
47.501809 1.66278990
47.600565 1.91123031
47.699322 2.16198461
47.798078 2.39429380
47.896835 2.59160720
47.995591 2.74475032
48.094347 2.85892196
48.193104 2.94366109
48.291860 3.00693714
48.390616 3.05450190
48.489373 3.09025511
48.588129 3.11679914
48.686885 3.13559921
48.785642 3.14710879
48.884398 3.15249073
48.983155 3.15477364
49.081911 3.15611406
49.180667 3.15726541
49.279424 3.15835377
49.378180 3.15941349
49.476936 3.16045803
49.575693 3.16149385
49.674449 3.16252439
49.773205 3.16355163
49.871962 3.16457675
49.970718 3.16560048
50.069474 3.16662328
50.168231 3.16764545
50.266987 3.16866720
50.365744 3.16968865
50.464500 3.17070989
50.563256 3.17173099
50.662013 3.17275198
50.760769 3.17377255
50.859525 3.17478937
50.958282 3.17580212
51.057038 3.17681081
51.155794 3.17781543
51.254551 3.17881601
51.353307 3.17981253
51.452064 3.18080501
51.550820 3.18179345
51.649576 3.18277784
51.748333 3.18375819
51.847089 3.18473450
51.945845 3.18570677
52.044602 3.18667501
52.143358 3.18763920
52.242114 3.18859936
52.340871 3.18955547
52.439627 3.19050755
52.538383 3.19145560
52.637140 3.19239960
52.735896 3.19333957
52.834653 3.19427549
52.933409 3.19520738
53.032165 3.19613524
53.130922 3.19705905
53.229678 3.19797883
53.328434 3.19889457
53.427191 3.19980627
53.525947 3.20071394
53.624703 3.20161757
53.723460 3.20251716
53.822216 3.20341271
53.920973 3.20430423
54.019729 3.20519170
54.118485 3.20607514
54.217242 3.20695455
54.315998 3.20782991
54.414754 3.20870124
54.513511 3.20956853
54.612267 3.21043178
54.711023 3.21129100
54.809780 3.21214618
54.908536 3.21299732
55.007292 3.21384442
55.106049 3.21468749
55.204805 3.21552651
55.303562 3.21636150
55.402318 3.21719246
55.501074 3.21801937
55.599831 3.21884225
55.698587 3.21966109
55.797343 3.22047590
55.896100 3.22128666
55.994856 3.22209339
56.093612 3.22289608
56.192369 3.22369473
56.291125 3.22448935
56.389882 3.22527993
56.488638 3.22606647
56.587394 3.22684897
56.686151 3.22762744
56.784907 3.22840187
56.883663 3.22917226
56.982420 3.22993861
57.081176 3.23070093
57.179932 3.23145921
57.278689 3.23221345
57.377445 3.23296365
57.476201 3.23370982
57.574958 3.23445195
57.673714 3.23519004
57.772471 3.23592409
57.871227 3.23665411
57.969983 3.23738009
58.068740 3.23810203
58.167496 3.23881994
58.266252 3.23953380
58.365009 3.24024363
58.463765 3.24094943
58.562521 3.24165118
58.661278 3.24234890
58.760034 3.24304258
58.858791 3.24373223
58.957547 3.24441783
59.056303 3.24509940
59.155060 3.24577693
59.253816 3.24645043
59.352572 3.24711989
59.451329 3.24778531
59.550085 3.24844669
59.648841 3.24910403
59.747598 3.24975734
59.846354 3.25040661
59.945110 3.25105185
60.043867 3.25169304
60.142623 3.25233020
60.241380 3.25296333
60.340136 3.25359241
60.438892 3.25421746
60.537649 3.25483847
60.636405 3.25545545
60.735161 3.25606838
60.833918 3.25667728
60.932674 3.25728214
61.031430 3.25788297
61.130187 3.25847976
61.228943 3.25907251
61.327700 3.25966122
61.426456 3.26024590
61.525212 3.26082654
61.623969 3.26140314
61.722725 3.26197571
61.821481 3.26254424
61.920238 3.26310873
62.018994 3.26366919
62.117750 3.26422561
62.216507 3.26477799
62.315263 3.26532633
62.414019 3.26587064
62.512776 3.26641091
62.611532 3.26694714
62.710289 3.26747934
62.809045 3.26800750
62.907801 3.26853162
63.006558 3.26905171
63.105314 3.26956776
63.204070 3.27007977
63.302827 3.27058775
63.401583 3.27109169
63.500339 3.27159159
63.599096 3.27208745
63.697852 3.27257928
63.796609 3.27306707
63.895365 3.27355083
63.994121 3.27403055
64.092878 3.27450623
64.191634 3.27497787
64.290390 3.27544548
64.389147 3.27590905
64.487903 3.27636859
64.586659 3.27682408
64.685416 3.27727554
64.784172 3.27772297
64.882928 3.27816636
64.981685 3.27860571
65.080441 3.27904102
65.179198 3.27947230
65.277954 3.27989954
65.376710 3.28032275
65.475467 3.28074192
65.574223 3.28115705
65.672979 3.28156814
65.771736 3.28197520
65.870492 3.28237822
65.969248 3.28277721
66.068005 3.28317216
66.166761 3.28356307
66.265518 3.28394995
66.364274 3.28433279
66.463030 3.28471159
66.561787 3.28508636
66.660543 3.28545709
66.759299 3.28582378
66.858056 3.28618644
66.956812 3.28654506
67.055568 3.28689964
67.154325 3.28725019
67.253081 3.28759670
67.351837 3.28793918
67.450594 3.28827762
67.549350 3.28861202
67.648107 3.28894239
67.746863 3.28926872
67.845619 3.28959101
67.944376 3.28990927
68.043132 3.29022349
68.141888 3.29053367
68.240645 3.29083982
68.339401 3.29114193
68.438157 3.29144001
68.536914 3.29173405
68.635670 3.29202405
68.734427 3.29231002
68.833183 3.29259195
68.931939 3.29286985
69.030696 3.29314371
69.129452 3.29341353
69.228208 3.29367931
69.326965 3.29394106
69.425721 3.29419878
69.524477 3.29445246
69.623234 3.29470210
69.721990 3.29494770
69.820746 3.29518927
69.919503 3.29542681
70.018259 3.29566030
70.117016 3.29588977
70.215772 3.29611519
70.314528 3.29633658
70.413285 3.29655393
70.512041 3.29676725
70.610797 3.29697653
70.709554 3.29718178
70.808310 3.29738299
70.907066 3.29758016
71.005823 3.29777330
71.104579 3.29796240
71.203336 3.29814746
71.302092 3.29832849
71.400848 3.29850549
71.499605 3.29867844
71.598361 3.29884736
71.697117 3.29901259
71.795874 3.29917748
71.894630 3.29934236
71.993386 3.29950724
72.092143 3.29967213
72.190899 3.29983701
72.289655 3.30000190
72.388412 3.30016679
72.487168 3.30033176
72.585925 3.30049657
