0.098756 1.54694135
0.197513 1.54694451
0.296269 1.54694116
0.395025 1.54694083
0.493782 1.54694087
0.592538 1.54694093
0.691295 1.54694098
0.790051 1.54694102
0.888807 1.54694107
0.987564 1.54694112
1.086320 1.54694116
1.185076 1.54694121
1.283833 1.54694125
1.382589 1.54694129
1.481345 1.54694133
1.580102 1.54694137
1.678858 1.54694141
1.777614 1.54694144
1.876371 1.54694148
1.975127 1.54694151
2.073884 1.54694154
2.172640 1.54694156
2.271396 1.54694159
2.370153 1.54694161
2.468909 1.54694163
2.567665 1.54694165
2.666422 1.54694166
2.765178 1.54694167
2.863934 1.54694168
2.962691 1.54694169
3.061447 1.54694169
3.160204 1.54694169
3.258960 1.54694168
3.357716 1.54694167
3.456473 1.54694166
3.555229 1.54694165
3.653985 1.54694163
3.752742 1.54694160
3.851498 1.54694158
3.950254 1.54694155
4.049011 1.54694151
4.147767 1.54694147
4.246523 1.54694143
4.345280 1.54694138
4.444036 1.54694133
4.542793 1.54694127
4.641549 1.54694121
4.740305 1.54694114
4.839062 1.54694107
4.937818 1.54694100
5.036574 1.54694091
5.135331 1.54694083
5.234087 1.54694074
5.332843 1.54694064
5.431600 1.54694054
5.530356 1.54694043
5.629113 1.54694032
5.727869 1.54694020
5.826625 1.54694008
5.925382 1.54693995
6.024138 1.54693981
6.122894 1.54693967
6.221651 1.54693952
6.320407 1.54693937
6.419163 1.54693921
6.517920 1.54693905
6.616676 1.54693888
6.715432 1.54693870
6.814189 1.54693852
6.912945 1.54693833
7.011702 1.54693813
7.110458 1.54693793
7.209214 1.54693772
7.307971 1.54693750
7.406727 1.54693728
7.505483 1.54693705
7.604240 1.54693682
7.702996 1.54693658
7.801752 1.54693633
7.900509 1.54693607
7.999265 1.54693581
8.098022 1.54693554
8.196778 1.54693527
8.295534 1.54693498
8.394291 1.54693470
8.493047 1.54693440
8.591803 1.54693410
8.690560 1.54693378
8.789316 1.54693347
8.888072 1.54693314
8.986829 1.54693281
9.085585 1.54693247
9.184341 1.54693213
9.283098 1.54693177
9.381854 1.54693141
9.480611 1.54693105
9.579367 1.54693067
9.678123 1.54693029
9.776880 1.54692990
9.875636 1.54692951
9.974392 1.54692911
10.073149 1.54692870
10.171905 1.54692828
10.270661 1.54692786
10.369418 1.54692743
10.468174 1.54692699
10.566931 1.54692655
10.665687 1.54692609
10.764443 1.54692564
10.863200 1.54692517
10.961956 1.54692470
11.060712 1.54692422
11.159469 1.54692374
11.258225 1.54692325
11.356981 1.54692275
11.455738 1.54692224
11.554494 1.54692173
11.653250 1.54692121
11.752007 1.54692069
11.850763 1.54692016
11.949520 1.54691962
12.048276 1.54691908
12.147032 1.54691853
12.245789 1.54691797
12.344545 1.54691741
12.443301 1.54691684
12.542058 1.54691627
12.640814 1.54691569
12.739570 1.54691511
12.838327 1.54691452
12.937083 1.54691392
13.035840 1.54691332
13.134596 1.54691272
13.233352 1.54691210
13.332109 1.54691149
13.430865 1.54691087
13.529621 1.54691024
13.628378 1.54690961
13.727134 1.54690898
13.825890 1.54690834
13.924647 1.54690769
14.023403 1.54690704
14.122159 1.54690639
14.220916 1.54690574
14.319672 1.54690508
14.418429 1.54690441
14.517185 1.54690375
14.615941 1.54690307
14.714698 1.54690240
14.813454 1.54690172
14.912210 1.54690105
15.010967 1.54690036
15.109723 1.54689968
15.208479 1.54689899
15.307236 1.54689830
15.405992 1.54689760
15.504749 1.54689691
15.603505 1.54689621
15.702261 1.54689551
15.801018 1.54689481
15.899774 1.54689411
15.998530 1.54689340
16.097287 1.54689270
16.196043 1.54689199
16.294799 1.54689128
16.393556 1.54689057
16.492312 1.54688986
16.591068 1.54688914
16.689825 1.54688843
16.788581 1.54688770
16.887338 1.54688698
16.986094 1.54688626
17.084850 1.54688553
17.183607 1.54688479
17.282363 1.54688406
17.381119 1.54688331
17.479876 1.54688256
17.578632 1.54688179
17.677388 1.54688102
17.776145 1.54688023
17.874901 1.54687942
17.973658 1.54687859
18.072414 1.54687775
18.171170 1.54687686
18.269927 1.54687594
18.368683 1.54687498
18.467439 1.54687397
18.566196 1.54687288
18.664952 1.54687173
18.763708 1.54687047
18.862465 1.54686911
18.961221 1.54686760
19.059977 1.54686594
19.158734 1.54686407
19.257490 1.54686198
19.356247 1.54685959
19.455003 1.54685686
19.553759 1.54685372
19.652516 1.54685008
19.751272 1.54684584
19.850028 1.54684088
19.948785 1.54683505
20.047541 1.54682818
20.146297 1.54682005
20.245054 1.54681039
20.343810 1.54679890
20.442567 1.54678519
20.541323 1.54676879
20.640079 1.54674915
20.738836 1.54672557
20.837592 1.54669722
20.936348 1.54666307
21.035105 1.54662188
21.133861 1.54657210
21.232617 1.54651186
21.331374 1.54643883
21.430130 1.54635014
21.528886 1.54624223
21.627643 1.54611070
21.726399 1.54595003
21.825156 1.54575336
21.923912 1.54551205
22.022668 1.54521523
22.121425 1.54484914
22.220181 1.54439633
22.318937 1.54383450
22.417694 1.54313512
22.516450 1.54226142
22.615206 1.54116589
22.713963 1.53978671
22.812719 1.53804326
22.911476 1.53582962
23.010232 1.53300632
23.108988 1.52938838
23.207745 1.52472997
23.306501 1.51870206
23.405257 1.51086355
23.504014 1.50061892
23.602770 1.48716332
23.701526 1.46940157
23.800283 1.44584243
23.899039 1.41444307
23.997795 1.37240409
24.096552 1.31587296
24.195308 1.23954758
24.294065 1.13613203
24.392821 0.99557504
24.491577 0.80417472
24.590334 0.54311185
24.689090 0.18807739
24.787846 -0.28122830
24.886603 -0.82119738
24.985359 -1.21450754
25.084115 -1.23107447
25.182872 -1.01484185
25.281628 -0.91555390
25.380385 -1.12428358
25.479141 -1.70352946
25.577897 -2.68609384
25.676654 -4.10120620
25.775410 -5.95549971
25.874166 -8.15038715
25.972923 -10.31487465
26.071679 -11.76655598
26.170435 -11.98179592
26.269192 -11.20800473
26.367948 -10.29274131
26.466704 -9.96495209
26.565461 -10.44160197
26.664217 -11.37575887
26.762974 -11.96662155
26.861730 -11.47713192
26.960486 -9.89835737
27.059243 -7.87192716
27.157999 -6.01109923
27.256755 -4.56910095
27.355512 -3.56790489
27.454268 -2.97169925
27.553024 -2.76240557
27.651781 -2.95602713
27.750537 -3.59449755
27.849294 -4.72792391
27.948050 -6.36565793
28.046806 -8.34659125
28.145563 -10.16773823
28.244319 -11.10107263
28.343075 -10.82319335
28.441832 -9.83587282
28.540588 -9.00201755
28.639344 -8.88976776
28.738101 -9.57547829
28.836857 -10.63538989
28.935613 -11.24401636
29.034370 -10.70993574
29.133126 -9.10635965
29.231883 -7.11604223
29.330639 -5.34587711
29.429395 -4.03676285
29.528152 -3.20382476
29.626908 -2.79885392
29.725664 -2.78246967
29.824421 -3.14920687
29.923177 -3.92942928
30.021933 -5.17239728
30.120690 -6.88291496
30.219446 -8.86789537
30.318203 -10.57588921
30.416959 -11.29672515
30.515715 -10.82932976
30.614472 -9.78092931
30.713228 -9.00380591
30.811984 -8.99345834
30.910741 -9.75101251
31.009497 -10.77816543
31.108253 -11.22236149
31.207010 -10.48027710
31.305766 -8.75303388
31.404522 -6.75491396
31.503279 -5.04248900
31.602035 -3.81115631
31.700792 -3.05965049
31.799548 -2.73679232
31.898304 -2.80151891
31.997061 -3.24547099
32.095817 -4.09625574
32.194573 -5.40040150
32.293330 -7.15331755
32.392086 -9.13442980
32.490842 -10.76074958
32.589599 -11.34376268
32.688355 -10.76875199
32.787112 -9.70446311
32.885868 -8.98677889
32.984624 -9.05915741
33.083381 -9.86658593
33.182137 -10.85373153
33.280893 -11.15726254
33.379650 -10.25464555
33.478406 -8.44244356
33.577162 -6.44750406
33.675919 -4.78465203
33.774675 -3.61827878
33.873431 -2.93837085
33.972188 -2.69345038
34.070944 -2.84141375
34.169701 -3.37030038
34.268457 -4.30294995
34.367213 -5.67967410
34.465970 -7.47985779
34.564726 -9.44474501
34.663482 -10.95495223
34.762239 -11.35888677
34.860995 -10.65073282
34.959751 -9.56445595
35.058508 -8.90744566
35.157264 -9.05697309
35.256021 -9.88483048
35.354777 -10.76359645
35.453533 -10.82997525
35.552290 -9.67825726
35.651046 -7.71990857
35.749802 -5.68422974
35.848559 -4.03194000
35.947315 -2.89629955
36.046071 -2.26648574
36.144828 -2.09972227
36.243584 -2.35572220
36.342340 -3.01029357
36.441097 -4.06309746
36.539853 -5.53040194
36.638610 -7.37447831
36.737366 -9.32623109
36.836122 -10.76981421
36.934879 -11.09153760
37.033635 -10.34601972
37.132391 -9.29890761
37.231148 -8.73337232
37.329904 -8.93590325
37.428660 -9.60092083
37.527417 -9.93810448
37.626173 -9.20067159
37.724929 -7.36893248
37.823686 -5.08130001
37.922442 -2.96463460
38.021199 -1.29412001
38.119955 -0.10355455
38.218711 0.64747819
38.317468 1.00476656
38.416224 1.01341002
38.514980 0.76417413
38.613737 0.50917018
38.712493 0.59146667
38.811249 1.02717710
38.910006 1.54052039
39.008762 1.96899787
39.107519 2.29634884
39.206275 2.54374413
39.305031 2.73033714
39.403788 2.87061821
39.502544 2.97493155
39.601300 3.05065751
39.700057 3.10268380
39.798813 3.13411097
39.897569 3.14735626
39.996326 3.14922538
40.095082 3.15004354
40.193838 3.15059867
40.292595 3.15105885
40.391351 3.15147468
40.490108 3.15186627
40.588864 3.15224330
40.687620 3.15261102
40.786377 3.15297254
40.885133 3.15332982
40.983889 3.15368414
41.082646 3.15403636
41.181402 3.15438709
41.280158 3.15473675
41.378915 3.15508572
41.477671 3.15543438
41.576428 3.15578323
41.675184 3.15613324
41.773940 3.15648637
41.872697 3.15684726
41.971453 3.15722903
42.070209 3.15768096
42.168966 3.15844335
42.267722 3.16025347
42.366478 3.16302671
42.465235 3.16629824
42.563991 3.16932625
42.662747 3.17097970
42.761504 3.16956684
42.860260 3.16256594
42.959017 3.14623105
43.057773 3.11512839
43.156529 3.06123244
43.255286 2.97364854
43.354042 2.84123014
43.452798 2.66237337
43.551555 2.46669730
43.650311 2.32464306
43.749067 2.30494978
43.847824 2.40870524
43.946580 2.56796649
44.045337 2.70941843
44.144093 2.79644772
44.242849 2.82267292
44.341606 2.79238034
44.440362 2.70995479
44.539118 2.57860454
44.637875 2.40462393
44.736631 2.20947149
44.835387 2.04289260
44.934144 1.96320988
45.032900 1.97961739
45.131656 2.02914869
45.230413 2.02479758
45.329169 1.90834377
45.427926 1.67352708
45.526682 1.39047986
45.625438 1.20492249
45.724195 1.24626322
45.822951 1.51009155
45.921707 1.86884504
46.020464 2.19206386
46.119220 2.41927113
46.217976 2.54534742
46.316733 2.58366963
46.415489 2.54574946
46.514246 2.43681863
46.613002 2.25650308
46.711758 2.00191492
46.810515 1.67914598
46.909271 1.33021309
47.008027 1.05445371
47.106784 0.95927504
47.205540 1.05429912
47.304296 1.24457296
47.403053 1.45220933
47.501809 1.67227632
47.600565 1.90995182
47.699322 2.15294520
47.798078 2.38407611
47.896835 2.58155726
47.995591 2.73450860
48.094347 2.84819412
48.193104 2.93228521
48.291860 2.99480556
48.390616 3.04154925
48.489373 3.07645515
48.588129 3.10216013
48.686885 3.12018593
48.785642 3.13115347
48.884398 3.13586323
48.983155 3.13740266
49.081911 3.13804798
49.180667 3.13851209
49.279424 3.13891682
49.378180 3.13929515
49.476936 3.13965978
49.575693 3.14001672
49.674449 3.14036911
49.773205 3.14071870
49.871962 3.14106652
49.970718 3.14141320
50.069474 3.14175914
50.168231 3.14210458
50.266987 3.14244968
50.365744 3.14279457
50.464500 3.14313929
50.563256 3.14348391
50.662013 3.14382846
50.760769 3.14417288
50.859525 3.14451648
50.958282 3.14485918
51.057038 3.14520099
51.155794 3.14554193
51.254551 3.14588198
51.353307 3.14622117
51.452064 3.14655948
51.550820 3.14689693
51.649576 3.14723350
51.748333 3.14756921
51.847089 3.14790405
51.945845 3.14823802
52.044602 3.14857113
52.143358 3.14890337
52.242114 3.14923474
52.340871 3.14956524
52.439627 3.14989488
52.538383 3.15022365
52.637140 3.15055156
52.735896 3.15087860
52.834653 3.15120477
52.933409 3.15153008
53.032165 3.15185452
53.130922 3.15217810
53.229678 3.15250081
53.328434 3.15282265
53.427191 3.15314363
53.525947 3.15346374
53.624703 3.15378298
53.723460 3.15410136
53.822216 3.15441887
53.920973 3.15473551
54.019729 3.15505129
54.118485 3.15536621
54.217242 3.15568025
54.315998 3.15599343
54.414754 3.15630575
54.513511 3.15661720
54.612267 3.15692778
54.711023 3.15723750
54.809780 3.15754635
54.908536 3.15785433
55.007292 3.15816145
55.106049 3.15846770
55.204805 3.15877308
55.303562 3.15907760
55.402318 3.15938125
55.501074 3.15968404
55.599831 3.15998596
55.698587 3.16028701
55.797343 3.16058720
55.896100 3.16088652
55.994856 3.16118497
56.093612 3.16148256
56.192369 3.16177928
56.291125 3.16207514
56.389882 3.16237013
56.488638 3.16266425
56.587394 3.16295751
56.686151 3.16324990
56.784907 3.16354142
56.883663 3.16383208
56.982420 3.16412187
57.081176 3.16441080
57.179932 3.16469885
57.278689 3.16498605
57.377445 3.16527237
57.476201 3.16555783
57.574958 3.16584242
57.673714 3.16612615
57.772471 3.16640901
57.871227 3.16669100
57.969983 3.16697213
58.068740 3.16725239
58.167496 3.16753178
58.266252 3.16781031
58.365009 3.16808797
58.463765 3.16836477
58.562521 3.16864070
58.661278 3.16891576
58.760034 3.16918995
58.858791 3.16946328
58.957547 3.16973574
59.056303 3.17000734
59.155060 3.17027807
59.253816 3.17054793
59.352572 3.17081692
59.451329 3.17108505
59.550085 3.17135232
59.648841 3.17161871
59.747598 3.17188424
59.846354 3.17214890
59.945110 3.17241270
60.043867 3.17267563
60.142623 3.17293769
60.241380 3.17319889
60.340136 3.17345922
60.438892 3.17371868
60.537649 3.17397728
60.636405 3.17423501
60.735161 3.17449187
60.833918 3.17474786
60.932674 3.17500299
61.031430 3.17525726
61.130187 3.17551065
61.228943 3.17576318
61.327700 3.17601484
61.426456 3.17626564
61.525212 3.17651557
61.623969 3.17676463
61.722725 3.17701283
61.821481 3.17726015
61.920238 3.17750662
62.018994 3.17775221
62.117750 3.17799694
62.216507 3.17824080
62.315263 3.17848379
62.414019 3.17872592
62.512776 3.17896718
62.611532 3.17920758
62.710289 3.17944710
62.809045 3.17968576
62.907801 3.17992356
63.006558 3.18016048
63.105314 3.18039654
63.204070 3.18063173
63.302827 3.18086606
63.401583 3.18109952
63.500339 3.18133211
63.599096 3.18156383
63.697852 3.18179469
63.796609 3.18202468
63.895365 3.18225380
63.994121 3.18248206
64.092878 3.18270945
64.191634 3.18293597
64.290390 3.18316163
64.389147 3.18338642
64.487903 3.18361034
64.586659 3.18383339
64.685416 3.18405558
64.784172 3.18427690
64.882928 3.18449735
64.981685 3.18471694
65.080441 3.18493566
65.179198 3.18515351
65.277954 3.18537050
65.376710 3.18558661
65.475467 3.18580186
65.574223 3.18601625
65.672979 3.18622976
65.771736 3.18644241
65.870492 3.18665419
65.969248 3.18686511
66.068005 3.18707516
66.166761 3.18728434
66.265518 3.18749265
66.364274 3.18770010
66.463030 3.18790667
66.561787 3.18811238
66.660543 3.18831723
66.759299 3.18852121
66.858056 3.18872431
66.956812 3.18892656
67.055568 3.18912793
67.154325 3.18932844
67.253081 3.18952808
67.351837 3.18972685
67.450594 3.18992476
67.549350 3.19012180
67.648107 3.19031797
67.746863 3.19051327
67.845619 3.19070771
67.944376 3.19090128
68.043132 3.19109398
68.141888 3.19128581
68.240645 3.19147678
68.339401 3.19166688
68.438157 3.19185611
68.536914 3.19204447
68.635670 3.19223197
68.734427 3.19241860
68.833183 3.19260436
68.931939 3.19278925
69.030696 3.19297328
69.129452 3.19315644
69.228208 3.19333873
69.326965 3.19352016
69.425721 3.19370071
69.524477 3.19388040
69.623234 3.19405922
69.721990 3.19423718
69.820746 3.19441426
69.919503 3.19459048
70.018259 3.19476583
70.117016 3.19494032
70.215772 3.19511393
70.314528 3.19528668
70.413285 3.19545856
70.512041 3.19562957
70.610797 3.19579972
70.709554 3.19596900
70.808310 3.19613741
70.907066 3.19630495
71.005823 3.19647162
71.104579 3.19663743
71.203336 3.19680237
71.302092 3.19696644
71.400848 3.19712964
71.499605 3.19729198
71.598361 3.19745345
71.697117 3.19761412
71.795874 3.19777472
71.894630 3.19793532
71.993386 3.19809592
72.092143 3.19825652
72.190899 3.19841712
72.289655 3.19857772
72.388412 3.19873833
72.487168 3.19889901
72.585925 3.19905954
