0.098756 1.55463678
0.197513 1.55464010
0.296269 1.55463656
0.395025 1.55463620
0.493782 1.55463624
0.592538 1.55463630
0.691295 1.55463635
0.790051 1.55463640
0.888807 1.55463645
0.987564 1.55463650
1.086320 1.55463656
1.185076 1.55463661
1.283833 1.55463667
1.382589 1.55463673
1.481345 1.55463678
1.580102 1.55463684
1.678858 1.55463690
1.777614 1.55463697
1.876371 1.55463703
1.975127 1.55463710
2.073884 1.55463717
2.172640 1.55463724
2.271396 1.55463731
2.370153 1.55463738
2.468909 1.55463746
2.567665 1.55463754
2.666422 1.55463762
2.765178 1.55463770
2.863934 1.55463778
2.962691 1.55463787
3.061447 1.55463796
3.160204 1.55463806
3.258960 1.55463815
3.357716 1.55463825
3.456473 1.55463835
3.555229 1.55463845
3.653985 1.55463856
3.752742 1.55463867
3.851498 1.55463878
3.950254 1.55463890
4.049011 1.55463902
4.147767 1.55463914
4.246523 1.55463927
4.345280 1.55463940
4.444036 1.55463953
4.542793 1.55463967
4.641549 1.55463980
4.740305 1.55463995
4.839062 1.55464009
4.937818 1.55464024
5.036574 1.55464039
5.135331 1.55464055
5.234087 1.55464071
5.332843 1.55464088
5.431600 1.55464104
5.530356 1.55464121
5.629113 1.55464139
5.727869 1.55464156
5.826625 1.55464174
5.925382 1.55464193
6.024138 1.55464212
6.122894 1.55464231
6.221651 1.55464250
6.320407 1.55464270
6.419163 1.55464290
6.517920 1.55464311
6.616676 1.55464332
6.715432 1.55464353
6.814189 1.55464374
6.912945 1.55464396
7.011702 1.55464418
7.110458 1.55464441
7.209214 1.55464463
7.307971 1.55464486
7.406727 1.55464510
7.505483 1.55464533
7.604240 1.55464557
7.702996 1.55464581
7.801752 1.55464605
7.900509 1.55464630
7.999265 1.55464655
8.098022 1.55464680
8.196778 1.55464705
8.295534 1.55464730
8.394291 1.55464756
8.493047 1.55464782
8.591803 1.55464807
8.690560 1.55464834
8.789316 1.55464859
8.888072 1.55464886
8.986829 1.55464912
9.085585 1.55464938
9.184341 1.55464965
9.283098 1.55464991
9.381854 1.55465017
9.480611 1.55465044
9.579367 1.55465070
9.678123 1.55465097
9.776880 1.55465122
9.875636 1.55465149
9.974392 1.55465174
10.073149 1.55465201
10.171905 1.55465226
10.270661 1.55465252
10.369418 1.55465277
10.468174 1.55465302
10.566931 1.55465326
10.665687 1.55465351
10.764443 1.55465374
10.863200 1.55465398
10.961956 1.55465421
11.060712 1.55465444
11.159469 1.55465466
11.258225 1.55465488
11.356981 1.55465509
11.455738 1.55465530
11.554494 1.55465549
11.653250 1.55465569
11.752007 1.55465587
11.850763 1.55465606
11.949520 1.55465622
12.048276 1.55465639
12.147032 1.55465654
12.245789 1.55465669
12.344545 1.55465682
12.443301 1.55465695
12.542058 1.55465706
12.640814 1.55465717
12.739570 1.55465726
12.838327 1.55465734
12.937083 1.55465741
13.035840 1.55465747
13.134596 1.55465750
13.233352 1.55465754
13.332109 1.55465755
13.430865 1.55465755
13.529621 1.55465753
13.628378 1.55465750
13.727134 1.55465745
13.825890 1.55465739
13.924647 1.55465730
14.023403 1.55465720
14.122159 1.55465708
14.220916 1.55465694
14.319672 1.55465678
14.418429 1.55465660
14.517185 1.55465639
14.615941 1.55465617
14.714698 1.55465592
14.813454 1.55465566
14.912210 1.55465536
15.010967 1.55465504
15.109723 1.55465469
15.208479 1.55465433
15.307236 1.55465393
15.405992 1.55465351
15.504749 1.55465305
15.603505 1.55465257
15.702261 1.55465206
15.801018 1.55465152
15.899774 1.55465094
15.998530 1.55465034
16.097287 1.55464970
16.196043 1.55464903
16.294799 1.55464832
16.393556 1.55464758
16.492312 1.55464679
16.591068 1.55464598
16.689825 1.55464512
16.788581 1.55464423
16.887338 1.55464328
16.986094 1.55464231
17.084850 1.55464128
17.183607 1.55464021
17.282363 1.55463908
17.381119 1.55463792
17.479876 1.55463669
17.578632 1.55463542
17.677388 1.55463408
17.776145 1.55463269
17.874901 1.55463121
17.973658 1.55462969
18.072414 1.55462807
18.171170 1.55462639
18.269927 1.55462460
18.368683 1.55462272
18.467439 1.55462073
18.566196 1.55461863
18.664952 1.55461637
18.763708 1.55461399
18.862465 1.55461141
18.961221 1.55460866
19.059977 1.55460566
19.158734 1.55460242
19.257490 1.55459886
19.356247 1.55459497
19.455003 1.55459066
19.553759 1.55458588
19.652516 1.55458053
19.751272 1.55457452
19.850028 1.55456771
19.948785 1.55455998
20.047541 1.55455111
20.146297 1.55454093
20.245054 1.55452914
20.343810 1.55451545
20.442567 1.55449946
20.541323 1.55448073
20.640079 1.55445865
20.738836 1.55443259
20.837592 1.55440166
20.936348 1.55436487
21.035105 1.55432095
21.133861 1.55426838
21.232617 1.55420526
21.331374 1.55412928
21.430130 1.55403755
21.528886 1.55392654
21.627643 1.55379182
21.726399 1.55362791
21.825156 1.55342790
21.923912 1.55318321
22.022668 1.55288293
22.121425 1.55251335
22.220181 1.55205700
22.318937 1.55149164
22.417694 1.55078874
22.516450 1.54991162
22.615206 1.54881279
22.713963 1.54743060
22.812719 1.54568454
22.911476 1.54346896
23.010232 1.54064468
23.108988 1.53702723
23.207745 1.53237144
23.306501 1.52634926
23.405257 1.51852098
23.504014 1.50829307
23.602770 1.49486346
23.701526 1.47714094
23.800283 1.45363990
23.899039 1.42232536
23.997795 1.38040909
24.096552 1.32405403
24.195308 1.24797982
24.294065 1.14492020
24.392821 1.00486519
24.491577 0.81416719
24.590334 0.55407993
24.689090 0.20034615
24.787846 -0.26769888
24.886603 -0.80847460
24.985359 -1.20760004
25.084115 -1.23191463
25.182872 -1.01850134
25.281628 -0.91770750
25.380385 -1.12378016
25.479141 -1.70038347
25.577897 -2.68051981
25.676654 -4.09349932
25.775410 -5.94614852
25.874166 -8.14049866
25.972923 -10.30673255
26.071679 -11.76290964
26.170435 -11.98323065
26.269192 -11.21168463
26.367948 -10.29478884
26.466704 -9.96317544
26.565461 -10.43635922
26.664217 -11.37012749
26.762974 -11.96513515
26.861730 -11.48202236
26.960486 -9.90750309
27.059243 -7.88159204
27.157999 -6.01903666
27.256755 -4.57472470
27.355512 -3.57122148
27.454268 -2.97264012
27.553024 -2.76063764
27.651781 -2.95097820
27.750537 -3.58547501
27.849294 -4.71434397
27.948050 -6.34773299
28.046806 -8.32694631
28.145563 -10.15242461
28.244319 -11.09602159
28.343075 -10.82787251
28.441832 -9.84336504
28.540588 -9.00549960
28.639344 -8.88634375
28.738101 -9.56601809
28.836857 -10.62395865
28.935613 -11.23597046
29.034370 -10.70742931
29.133126 -9.10654820
29.231883 -7.11495351
29.330639 -5.34220976
29.429395 -4.03211187
29.528152 -3.20129244
29.626908 -2.80156533
29.725664 -2.79224255
29.824421 -3.16576884
29.923177 -3.95061851
30.021933 -5.19522746
30.120690 -6.90496971
30.219446 -8.88861401
30.318203 -10.59689659
30.416959 -11.31987566
30.515715 -10.85386497
30.614472 -9.80365549
30.713228 -9.02179107
30.811984 -9.00576278
30.910741 -9.75958363
31.009497 -10.78865287
31.108253 -11.24157006
31.207010 -10.50973631
31.305766 -8.78720118
31.404522 -6.78680873
31.503279 -5.06791300
31.602035 -3.82800270
31.700792 -3.06627239
31.799548 -2.73170002
31.898304 -2.78399500
31.997061 -3.21614251
32.095817 -4.05695498
32.194573 -5.35332289
32.293330 -7.09998277
32.392086 -9.07500133
32.490842 -10.69414741
32.589599 -11.26855734
32.688355 -10.68378472
32.787112 -9.60851330
32.885868 -8.87789689
32.984624 -8.93392768
33.083381 -9.71871331
33.182137 -10.67284303
33.280893 -10.93175242
33.379650 -9.97800799
33.478406 -8.11463418
33.577162 -6.07015054
33.675919 -4.35858504
33.774675 -3.14590344
33.873431 -2.42731329
33.972188 -2.15894847
34.070944 -2.30636010
34.169701 -2.86240970
34.268457 -3.84952205
34.367213 -5.30088506
34.465970 -7.17921023
34.564726 -9.19719489
34.663482 -10.71233121
34.762239 -11.09166056
34.860995 -10.38210237
34.959751 -9.34495443
35.058508 -8.77086908
35.157264 -9.00552003
35.256021 -9.88724305
35.354777 -10.75900513
35.453533 -10.76555194
35.552290 -9.55830449
35.651046 -7.59489350
35.749802 -5.59858177
35.848559 -4.00277686
35.947315 -2.92361361
36.046071 -2.34387734
36.144828 -2.21861026
36.243584 -2.50768950
36.342340 -3.19014998
36.441097 -4.27150867
36.539853 -5.77185351
36.638610 -7.64430004
36.737366 -9.58920879
36.836122 -10.96517297
36.934879 -11.19186774
37.033635 -10.39990409
37.132391 -9.38746490
37.231148 -8.90820406
37.329904 -9.20338638
37.428660 -9.92975811
37.527417 -10.27981995
37.626173 -9.53224943
37.724929 -7.71457307
37.823686 -5.47948514
37.922442 -3.43051767
38.021199 -1.81687774
38.119955 -0.66006077
38.218711 0.08181944
38.317468 0.44998258
38.416224 0.48353147
38.514980 0.27207753
38.613737 0.07322086
38.712493 0.22211846
38.811249 0.71136946
38.910006 1.26234455
39.008762 1.72267415
39.107519 2.08058552
39.206275 2.35776452
39.305031 2.57300289
39.403788 2.74006063
39.502544 2.86829602
39.601300 2.96348997
39.700057 3.02965135
39.798813 3.07036143
39.897569 3.08855741
39.996326 3.09260894
40.095082 3.09457905
40.193838 3.09601272
40.292595 3.09725194
40.391351 3.09840068
40.490108 3.09950066
40.588864 3.10057204
40.687620 3.10162572
40.786377 3.10266802
40.885133 3.10370282
40.983889 3.10473258
41.082646 3.10575895
41.181402 3.10678304
41.280158 3.10780569
41.378915 3.10882759
41.477671 3.10984942
41.576428 3.11087209
41.675184 3.11189699
41.773940 3.11292674
41.872697 3.11396696
41.971453 3.11503251
42.070209 3.11617738
42.168966 3.11766767
42.267722 3.12024752
42.366478 3.12380911
42.465235 3.12787363
42.563991 3.13168338
42.662747 3.13408634
42.761504 3.13336282
42.860260 3.12695255
42.959017 3.11105274
43.057773 3.08015519
43.156529 3.02613264
43.255286 2.93799632
43.354042 2.80470720
43.452798 2.62535882
43.551555 2.43099366
43.650311 2.29304226
43.749067 2.27890712
43.847824 2.38674355
43.946580 2.54721761
44.045337 2.68794393
44.144093 2.77368559
44.242849 2.79872442
44.341606 2.76747083
44.440362 2.68426260
44.539118 2.55228512
44.637875 2.37804659
44.736631 2.18367896
44.835387 2.01966736
44.934144 1.94374442
45.032900 1.96289239
45.131656 2.01248182
45.230413 2.00572885
45.329169 1.88578974
45.427926 1.64867242
45.526682 1.36758527
45.625438 1.18963594
45.724195 1.24091977
45.822951 1.51145164
45.921707 1.87155539
46.020464 2.19280284
46.119220 2.41729396
46.217976 2.54106210
46.316733 2.57762197
46.415489 2.53831254
46.514246 2.42815488
46.613002 2.24661367
46.711758 1.99080492
46.810515 1.66733573
46.909271 1.31960429
47.008027 1.04821500
47.106784 0.95934243
47.205540 1.05936219
47.304296 1.25254615
47.403053 1.46310526
47.501809 1.68595402
47.600565 1.92430521
47.699322 2.16559139
47.798078 2.39465819
47.896835 2.59129795
47.995591 2.74432548
48.094347 2.85847375
48.193104 2.94321462
48.291860 3.00649848
48.390616 3.05407263
48.489373 3.08983624
48.588129 3.11639293
48.686885 3.13523178
48.785642 3.14695174
48.884398 3.15238314
48.983155 3.15465210
49.081911 3.15598358
49.180667 3.15712779
49.279424 3.15820938
49.378180 3.15926241
49.476936 3.16030031
49.575693 3.16132950
49.674449 3.16235344
49.773205 3.16337408
49.871962 3.16439260
49.970718 3.16540974
50.069474 3.16642596
50.168231 3.16744155
50.266987 3.16845671
50.365744 3.16947158
50.464500 3.17048624
50.563256 3.17150076
50.662013 3.17251518
50.760769 3.17352917
50.859525 3.17453937
50.958282 3.17554545
51.057038 3.17654741
51.155794 3.17754527
51.254551 3.17853902
51.353307 3.17952868
51.452064 3.18051424
51.550820 3.18149571
51.649576 3.18247309
51.748333 3.18344638
51.847089 3.18441558
51.945845 3.18538069
52.044602 3.18634171
52.143358 3.18729864
52.242114 3.18825149
52.340871 3.18920025
52.439627 3.19014493
52.538383 3.19108551
52.637140 3.19202201
52.735896 3.19295443
52.834653 3.19388275
52.933409 3.19480699
53.032165 3.19572715
53.130922 3.19664321
53.229678 3.19755520
53.328434 3.19846309
53.427191 3.19936690
53.525947 3.20026662
53.624703 3.20116226
53.723460 3.20205381
53.822216 3.20294127
53.920973 3.20382465
54.019729 3.20470394
54.118485 3.20557914
54.217242 3.20645026
54.315998 3.20731729
54.414754 3.20818024
54.513511 3.20903909
54.612267 3.20989387
54.711023 3.21074455
54.809780 3.21159115
54.908536 3.21243367
55.007292 3.21327210
55.106049 3.21410644
55.204805 3.21493669
55.303562 3.21576286
55.402318 3.21658495
55.501074 3.21740294
55.599831 3.21821686
55.698587 3.21902668
55.797343 3.21983242
55.896100 3.22063407
55.994856 3.22143164
56.093612 3.22222512
56.192369 3.22301451
56.291125 3.22379982
56.389882 3.22458104
56.488638 3.22535818
56.587394 3.22613123
56.686151 3.22690019
56.784907 3.22766507
56.883663 3.22842586
56.982420 3.22918257
57.081176 3.22993519
57.179932 3.23068372
57.278689 3.23142817
57.377445 3.23216853
57.476201 3.23290480
57.574958 3.23363699
57.673714 3.23436510
57.772471 3.23508911
57.871227 3.23580905
57.969983 3.23652489
58.068740 3.23723665
58.167496 3.23794432
58.266252 3.23864791
58.365009 3.23934741
58.463765 3.24004283
58.562521 3.24073416
58.661278 3.24142140
58.760034 3.24210456
58.858791 3.24278363
58.957547 3.24345862
59.056303 3.24412952
59.155060 3.24479634
59.253816 3.24545906
59.352572 3.24611771
59.451329 3.24677226
59.550085 3.24742274
59.648841 3.24806912
59.747598 3.24871142
59.846354 3.24934964
59.945110 3.24998376
60.043867 3.25061381
60.142623 3.25123976
60.241380 3.25186163
60.340136 3.25247942
60.438892 3.25309312
60.537649 3.25370273
60.636405 3.25430826
60.735161 3.25490970
60.833918 3.25550706
60.932674 3.25610033
61.031430 3.25668951
61.130187 3.25727461
61.228943 3.25785563
61.327700 3.25843255
61.426456 3.25900540
61.525212 3.25957415
61.623969 3.26013882
61.722725 3.26069941
61.821481 3.26125591
61.920238 3.26180832
62.018994 3.26235665
62.117750 3.26290089
62.216507 3.26344105
62.315263 3.26397712
62.414019 3.26450911
62.512776 3.26503701
62.611532 3.26556082
62.710289 3.26608055
62.809045 3.26659620
62.907801 3.26710775
63.006558 3.26761523
63.105314 3.26811861
63.204070 3.26861791
63.302827 3.26911313
63.401583 3.26960426
63.500339 3.27009130
63.599096 3.27057426
63.697852 3.27105313
63.796609 3.27152792
63.895365 3.27199862
63.994121 3.27246524
64.092878 3.27292777
64.191634 3.27338622
64.290390 3.27384058
64.389147 3.27429085
64.487903 3.27473704
64.586659 3.27517914
64.685416 3.27561716
64.784172 3.27605109
64.882928 3.27648094
64.981685 3.27690670
65.080441 3.27732838
65.179198 3.27774597
65.277954 3.27815947
65.376710 3.27856889
65.475467 3.27897422
65.574223 3.27937547
65.672979 3.27977263
65.771736 3.28016571
65.870492 3.28055470
65.969248 3.28093961
66.068005 3.28132043
66.166761 3.28169716
66.265518 3.28206981
66.364274 3.28243838
66.463030 3.28280286
66.561787 3.28316325
66.660543 3.28351956
66.759299 3.28387178
66.858056 3.28421992
66.956812 3.28456397
67.055568 3.28490393
67.154325 3.28523981
67.253081 3.28557161
67.351837 3.28589932
67.450594 3.28622294
67.549350 3.28654248
67.648107 3.28685793
67.746863 3.28716930
67.845619 3.28747658
67.944376 3.28777978
68.043132 3.28807889
68.141888 3.28837391
68.240645 3.28866485
68.339401 3.28895171
68.438157 3.28923447
68.536914 3.28951316
68.635670 3.28978776
68.734427 3.29005827
68.833183 3.29032469
68.931939 3.29058704
69.030696 3.29084529
69.129452 3.29109946
69.228208 3.29134955
69.326965 3.29159554
69.425721 3.29183746
69.524477 3.29207529
69.623234 3.29230903
69.721990 3.29253869
69.820746 3.29276426
69.919503 3.29298574
70.018259 3.29320314
70.117016 3.29341646
70.215772 3.29362569
70.314528 3.29383083
70.413285 3.29403189
70.512041 3.29422886
70.610797 3.29442175
70.709554 3.29461055
70.808310 3.29479527
70.907066 3.29497590
71.005823 3.29515245
71.104579 3.29532490
71.203336 3.29549328
71.302092 3.29565757
71.400848 3.29581777
71.499605 3.29597388
71.598361 3.29612592
71.697117 3.29627421
71.795874 3.29642216
71.894630 3.29657010
71.993386 3.29671805
72.092143 3.29686599
72.190899 3.29701394
72.289655 3.29716189
72.388412 3.29730984
72.487168 3.29745786
72.585925 3.29760574
