0.098756 1.55387287
0.197513 1.55387546
0.296269 1.55387272
0.395025 1.55387244
0.493782 1.55387247
0.592538 1.55387251
0.691295 1.55387255
0.790051 1.55387259
0.888807 1.55387263
0.987564 1.55387267
1.086320 1.55387272
1.185076 1.55387276
1.283833 1.55387281
1.382589 1.55387286
1.481345 1.55387292
1.580102 1.55387297
1.678858 1.55387303
1.777614 1.55387309
1.876371 1.55387316
1.975127 1.55387323
2.073884 1.55387330
2.172640 1.55387337
2.271396 1.55387345
2.370153 1.55387354
2.468909 1.55387363
2.567665 1.55387372
2.666422 1.55387381
2.765178 1.55387392
2.863934 1.55387402
2.962691 1.55387413
3.061447 1.55387425
3.160204 1.55387437
3.258960 1.55387450
3.357716 1.55387464
3.456473 1.55387478
3.555229 1.55387493
3.653985 1.55387508
3.752742 1.55387524
3.851498 1.55387541
3.950254 1.55387559
4.049011 1.55387577
4.147767 1.55387596
4.246523 1.55387616
4.345280 1.55387637
4.444036 1.55387658
4.542793 1.55387681
4.641549 1.55387704
4.740305 1.55387728
4.839062 1.55387753
4.937818 1.55387779
5.036574 1.55387807
5.135331 1.55387834
5.234087 1.55387864
5.332843 1.55387894
5.431600 1.55387925
5.530356 1.55387957
5.629113 1.55387991
5.727869 1.55388026
5.826625 1.55388062
5.925382 1.55388098
6.024138 1.55388137
6.122894 1.55388176
6.221651 1.55388217
6.320407 1.55388259
6.419163 1.55388303
6.517920 1.55388348
6.616676 1.55388394
6.715432 1.55388442
6.814189 1.55388491
6.912945 1.55388542
7.011702 1.55388594
7.110458 1.55388648
7.209214 1.55388703
7.307971 1.55388760
7.406727 1.55388819
7.505483 1.55388879
7.604240 1.55388941
7.702996 1.55389005
7.801752 1.55389071
7.900509 1.55389138
7.999265 1.55389207
8.098022 1.55389278
8.196778 1.55389351
8.295534 1.55389426
8.394291 1.55389503
8.493047 1.55389582
8.591803 1.55389663
8.690560 1.55389745
8.789316 1.55389831
8.888072 1.55389918
8.986829 1.55390008
9.085585 1.55390099
9.184341 1.55390193
9.283098 1.55390289
9.381854 1.55390388
9.480611 1.55390489
9.579367 1.55390593
9.678123 1.55390698
9.776880 1.55390807
9.875636 1.55390917
9.974392 1.55391031
10.073149 1.55391147
10.171905 1.55391266
10.270661 1.55391387
10.369418 1.55391512
10.468174 1.55391638
10.566931 1.55391768
10.665687 1.55391901
10.764443 1.55392036
10.863200 1.55392174
10.961956 1.55392316
11.060712 1.55392460
11.159469 1.55392608
11.258225 1.55392758
11.356981 1.55392912
11.455738 1.55393069
11.554494 1.55393229
11.653250 1.55393392
11.752007 1.55393559
11.850763 1.55393729
11.949520 1.55393903
12.048276 1.55394080
12.147032 1.55394260
12.245789 1.55394444
12.344545 1.55394632
12.443301 1.55394823
12.542058 1.55395018
12.640814 1.55395217
12.739570 1.55395419
12.838327 1.55395626
12.937083 1.55395836
13.035840 1.55396050
13.134596 1.55396268
13.233352 1.55396490
13.332109 1.55396716
13.430865 1.55396946
13.529621 1.55397181
13.628378 1.55397419
13.727134 1.55397662
13.825890 1.55397909
13.924647 1.55398160
14.023403 1.55398416
14.122159 1.55398676
14.220916 1.55398941
14.319672 1.55399210
14.418429 1.55399484
14.517185 1.55399763
14.615941 1.55400045
14.714698 1.55400333
14.813454 1.55400626
14.912210 1.55400923
15.010967 1.55401225
15.109723 1.55401532
15.208479 1.55401844
15.307236 1.55402161
15.405992 1.55402483
15.504749 1.55402811
15.603505 1.55403143
15.702261 1.55403480
15.801018 1.55403823
15.899774 1.55404170
15.998530 1.55404523
16.097287 1.55404882
16.196043 1.55405246
16.294799 1.55405615
16.393556 1.55405989
16.492312 1.55406369
16.591068 1.55406754
16.689825 1.55407145
16.788581 1.55407541
16.887338 1.55407942
16.986094 1.55408350
17.084850 1.55408762
17.183607 1.55409180
17.282363 1.55409602
17.381119 1.55410031
17.479876 1.55410464
17.578632 1.55410902
17.677388 1.55411345
17.776145 1.55411792
17.874901 1.55412244
17.973658 1.55412700
18.072414 1.55413159
18.171170 1.55413621
18.269927 1.55414085
18.368683 1.55414552
18.467439 1.55415019
18.566196 1.55415486
18.664952 1.55415951
18.763708 1.55416414
18.862465 1.55416871
18.961221 1.55417322
19.059977 1.55417762
19.158734 1.55418189
19.257490 1.55418600
19.356247 1.55418989
19.455003 1.55419350
19.553759 1.55419677
19.652516 1.55419962
19.751272 1.55420194
19.850028 1.55420362
19.948785 1.55420452
20.047541 1.55420445
20.146297 1.55420322
20.245054 1.55420055
20.343810 1.55419615
20.442567 1.55418963
20.541323 1.55418056
20.640079 1.55416835
20.738836 1.55415236
20.837592 1.55413175
20.936348 1.55410552
21.035105 1.55407244
21.133861 1.55403100
21.232617 1.55397935
21.331374 1.55391521
21.430130 1.55383576
21.528886 1.55373751
21.627643 1.55361611
21.726399 1.55346617
21.825156 1.55328092
21.923912 1.55305189
22.022668 1.55276838
22.121425 1.55241689
22.220181 1.55198025
22.318937 1.55143658
22.417694 1.55075782
22.516450 1.54990789
22.615206 1.54884009
22.713963 1.54749378
22.812719 1.54578977
22.911476 1.54362415
23.010232 1.54086006
23.108988 1.53731606
23.207745 1.53275107
23.306501 1.52684253
23.405257 1.51915809
23.504014 1.50911424
23.602770 1.49592251
23.701526 1.47851031
23.800283 1.45541745
23.899039 1.42464404
23.997795 1.38345000
24.096552 1.32806475
24.195308 1.25329935
24.294065 1.15201237
24.392821 1.01436518
24.491577 0.82693844
24.590334 0.57128955
24.689090 0.22341997
24.787846 -0.23835420
24.886603 -0.77891088
24.985359 -1.19378509
25.084115 -1.23856326
25.182872 -1.02790489
25.281628 -0.91336729
25.380385 -1.09982914
25.479141 -1.65485836
25.577897 -2.61210034
25.676654 -4.00147022
25.775410 -5.83249160
25.874166 -8.01670105
25.972923 -10.20259204
26.071679 -11.71727835
26.170435 -12.00737506
26.269192 -11.27098853
26.367948 -10.34021962
26.466704 -9.96680094
26.565461 -10.40010139
26.664217 -11.32521399
26.762974 -11.95929566
26.861730 -11.54094221
26.960486 -10.01105170
27.059243 -7.99060536
27.157999 -6.10928477
27.256755 -4.64043843
27.355512 -3.61425290
27.454268 -2.99526608
27.553024 -2.76332272
27.651781 -2.93229441
27.750537 -3.54284141
27.849294 -4.64544807
27.948050 -6.25435319
28.046806 -8.22384883
28.145563 -10.07332072
28.244319 -11.07427689
28.343075 -10.86042161
28.441832 -9.88993352
28.540588 -9.02542551
28.639344 -8.86216930
28.738101 -9.50565782
28.836857 -10.56115479
28.935613 -11.21712293
29.034370 -10.75301447
29.133126 -9.19220736
29.231883 -7.20162818
29.330639 -5.40775845
29.429395 -4.07269892
29.528152 -3.22094237
29.626908 -2.80531221
29.725664 -2.78307925
29.824421 -3.14337435
29.923177 -3.91163465
30.021933 -5.13547699
30.120690 -6.82502741
30.219446 -8.80390137
30.318203 -10.54122147
30.416959 -11.32151031
30.515715 -10.90217661
30.614472 -9.85646626
30.713228 -9.04226141
30.811984 -8.98105329
30.910741 -9.70241724
31.009497 -10.73804676
31.108253 -11.24492981
31.207010 -10.58135234
31.305766 -8.89624481
31.404522 -6.89320050
31.503279 -5.15075338
31.602035 -3.88319330
31.700792 -3.09594287
31.799548 -2.73858903
31.898304 -2.76954066
31.997061 -3.17989245
32.095817 -3.99683703
32.194573 -5.26747386
32.293330 -6.99251281
32.392086 -8.96690962
32.490842 -10.62500949
32.589599 -11.26687934
32.688355 -10.73263983
32.787112 -9.65969038
32.885868 -8.89285400
32.984624 -8.90146757
33.083381 -9.65611786
33.182137 -10.62520721
33.280893 -10.94794754
33.379650 -10.06617344
33.478406 -8.23735631
33.577162 -6.18597223
33.675919 -4.44784278
33.774675 -3.20531822
33.873431 -2.45920182
33.972188 -2.16610438
34.070944 -2.29035436
34.169701 -2.82297368
34.268457 -3.78480535
34.367213 -5.20979250
34.465970 -7.06874575
34.564726 -9.09440162
34.663482 -10.66118566
34.762239 -11.11558675
34.860995 -10.45334278
34.959751 -9.40998002
35.058508 -8.79291635
35.157264 -8.97887697
35.256021 -9.83891085
35.354777 -10.74507288
35.453533 -10.83575899
35.552290 -9.70920577
35.651046 -7.77925552
35.749802 -5.77415299
35.848559 -4.15209274
35.947315 -3.04363553
36.046071 -2.43482725
36.144828 -2.27975402
36.243584 -2.53686841
36.342340 -3.18466952
36.441097 -4.22955245
36.539853 -5.69516393
36.638610 -7.54542737
36.737366 -9.50274011
36.836122 -10.94099105
36.934879 -11.25269462
37.033635 -10.51231492
37.132391 -9.49414529
37.231148 -8.97401310
37.329904 -9.23113660
37.428660 -9.96029275
37.527417 -10.37337121
37.626173 -9.71910948
37.724929 -7.96753678
37.823686 -5.74888410
37.922442 -3.68524039
38.021199 -2.04764106
38.119955 -0.86729398
38.218711 -0.10500727
38.317468 0.28001328
38.416224 0.32607160
38.514980 0.11594534
38.613737 -0.10633657
38.712493 0.00244865
38.811249 0.46626378
38.910006 1.01016797
39.008762 1.46823525
39.107519 1.82307430
39.206275 2.09609624
39.305031 2.30673223
39.403788 2.46913336
39.502544 2.59294481
39.601300 2.68422689
39.700057 2.74738241
39.798813 2.78607501
39.897569 2.80318447
39.996326 2.80627092
40.095082 2.80761567
40.193838 2.80850265
40.292595 2.80922408
40.391351 2.80986848
40.490108 2.81047126
40.588864 2.81104953
40.687620 2.81161248
40.786377 2.81216551
40.885133 2.81271193
40.983889 2.81325386
41.082646 2.81379272
41.181402 2.81432949
41.280158 2.81486490
41.378915 2.81539956
41.477671 2.81593406
41.576428 2.81646919
41.675184 2.81700623
41.773940 2.81754760
41.872697 2.81809857
41.971453 2.81867339
42.070209 2.81932424
42.168966 2.82030663
42.267722 2.82236371
42.366478 2.82539641
42.465235 2.82893064
42.563991 2.83221400
42.662747 2.83410294
42.761504 2.83288971
42.860260 2.82603072
42.959017 2.80974318
43.057773 2.77855587
43.156529 2.72438269
43.255286 2.63627836
43.354042 2.50315041
43.452798 2.32379260
43.551555 2.12863450
43.650311 1.98868442
43.749067 1.97192644
43.847824 2.07777217
43.946580 2.23746883
44.045337 2.37821946
44.144093 2.46419592
44.242849 2.48939935
44.341606 2.45818325
44.440362 2.37488805
44.539118 2.24269335
44.637875 2.06803560
44.736631 1.87284980
44.835387 1.70739923
44.934144 1.62949788
45.032900 1.64658279
45.131656 1.69438188
45.230413 1.68627930
45.329169 1.56626386
45.427926 1.33230743
45.526682 1.05807822
45.625438 0.88567926
45.724195 0.93473474
45.822951 1.19679997
45.921707 1.54955035
46.020464 1.86792123
46.119220 2.09241357
46.217976 2.21697526
46.316733 2.25425635
46.415489 2.21548822
46.514246 2.10580806
46.613002 1.92484226
46.711758 1.66998640
46.810515 1.34833556
46.909271 1.00350200
47.008027 0.73451345
47.106784 0.64499173
47.205540 0.74051885
47.304296 0.92377522
47.403053 1.11854856
47.501809 1.33488492
47.600565 1.58289389
47.699322 1.83342834
47.798078 2.06517070
47.896835 2.26160876
47.995591 2.41378268
48.094347 2.52701654
48.193104 2.61086333
48.291860 2.67328675
48.390616 2.72003408
48.489373 2.75500523
48.588129 2.78080446
48.686885 2.79890157
48.785642 2.80975379
48.884398 2.81454706
48.983155 2.81629227
49.081911 2.81712510
49.180667 2.81777566
49.279424 2.81836641
49.378180 2.81893041
49.476936 2.81948045
49.575693 2.82002260
49.674449 2.82056004
49.773205 2.82109456
49.871962 2.82162723
49.970718 2.82215871
50.069474 2.82268938
50.168231 2.82321953
50.266987 2.82374932
50.365744 2.82427887
50.464500 2.82480824
50.563256 2.82533749
50.662013 2.82586667
50.760769 2.82639563
50.859525 2.82692301
50.958282 2.82744866
51.057038 2.82797260
51.155794 2.82849482
51.254551 2.82901534
51.353307 2.82953416
51.452064 2.83005127
51.550820 2.83056669
51.649576 2.83108041
51.748333 2.83159243
51.847089 2.83210276
51.945845 2.83261139
52.044602 2.83311832
52.143358 2.83362356
52.242114 2.83412711
52.340871 2.83462896
52.439627 2.83512911
52.538383 2.83562757
52.637140 2.83612434
52.735896 2.83661941
52.834653 2.83711279
52.933409 2.83760447
53.032165 2.83809446
53.130922 2.83858276
53.229678 2.83906936
53.328434 2.83955427
53.427191 2.84003748
53.525947 2.84051900
53.624703 2.84099883
53.723460 2.84147696
53.822216 2.84195340
53.920973 2.84242814
54.019729 2.84290119
54.118485 2.84337255
54.217242 2.84384221
54.315998 2.84431018
54.414754 2.84477645
54.513511 2.84524103
54.612267 2.84570392
54.711023 2.84616511
54.809780 2.84662461
54.908536 2.84708242
55.007292 2.84753853
55.106049 2.84799295
55.204805 2.84844568
55.303562 2.84889671
55.402318 2.84934605
55.501074 2.84979369
55.599831 2.85023964
55.698587 2.85068390
55.797343 2.85112646
55.896100 2.85156734
55.994856 2.85200651
56.093612 2.85244400
56.192369 2.85287979
56.291125 2.85331388
56.389882 2.85374629
56.488638 2.85417700
56.587394 2.85460601
56.686151 2.85503334
56.784907 2.85545897
56.883663 2.85588290
56.982420 2.85630515
57.081176 2.85672570
57.179932 2.85714455
57.278689 2.85756172
57.377445 2.85797719
57.476201 2.85839096
57.574958 2.85880305
57.673714 2.85921344
57.772471 2.85962213
57.871227 2.86002914
57.969983 2.86043445
58.068740 2.86083807
58.167496 2.86123999
58.266252 2.86164022
58.365009 2.86203876
58.463765 2.86243560
58.562521 2.86283075
58.661278 2.86322421
58.760034 2.86361598
58.858791 2.86400605
58.957547 2.86439443
59.056303 2.86478111
59.155060 2.86516611
59.253816 2.86554941
59.352572 2.86593101
59.451329 2.86631093
59.550085 2.86668915
59.648841 2.86706567
59.747598 2.86744051
59.846354 2.86781365
59.945110 2.86818510
60.043867 2.86855485
60.142623 2.86892291
60.241380 2.86928928
60.340136 2.86965396
60.438892 2.87001694
60.537649 2.87037823
60.636405 2.87073783
60.735161 2.87109573
60.833918 2.87145194
60.932674 2.87180646
61.031430 2.87215928
61.130187 2.87251042
61.228943 2.87285985
61.327700 2.87320760
61.426456 2.87355365
61.525212 2.87389801
61.623969 2.87424068
61.722725 2.87458165
61.821481 2.87492093
61.920238 2.87525852
62.018994 2.87559442
62.117750 2.87592862
62.216507 2.87626113
62.315263 2.87659194
62.414019 2.87692107
62.512776 2.87724850
62.611532 2.87757423
62.710289 2.87789828
62.809045 2.87822063
62.907801 2.87854129
63.006558 2.87886025
63.105314 2.87917753
63.204070 2.87949311
63.302827 2.87980699
63.401583 2.88011919
63.500339 2.88042969
63.599096 2.88073849
63.697852 2.88104561
63.796609 2.88135103
63.895365 2.88165476
63.994121 2.88195679
64.092878 2.88225714
64.191634 2.88255579
64.290390 2.88285274
64.389147 2.88314801
64.487903 2.88344158
64.586659 2.88373346
64.685416 2.88402364
64.784172 2.88431213
64.882928 2.88459893
64.981685 2.88488404
65.080441 2.88516745
65.179198 2.88544917
65.277954 2.88572920
65.376710 2.88600754
65.475467 2.88628418
65.574223 2.88655913
65.672979 2.88683238
65.771736 2.88710394
65.870492 2.88737381
65.969248 2.88764199
66.068005 2.88790847
66.166761 2.88817326
66.265518 2.88843636
66.364274 2.88869777
66.463030 2.88895748
66.561787 2.88921550
66.660543 2.88947182
66.759299 2.88972646
66.858056 2.88997940
66.956812 2.89023064
67.055568 2.89048020
67.154325 2.89072806
67.253081 2.89097422
67.351837 2.89121870
67.450594 2.89146148
67.549350 2.89170257
67.648107 2.89194197
67.746863 2.89217967
67.845619 2.89241568
67.944376 2.89264999
68.043132 2.89288262
68.141888 2.89311355
68.240645 2.89334279
68.339401 2.89357033
68.438157 2.89379618
68.536914 2.89402034
68.635670 2.89424281
68.734427 2.89446358
68.833183 2.89468266
68.931939 2.89490004
69.030696 2.89511574
69.129452 2.89532974
69.228208 2.89554204
69.326965 2.89575266
69.425721 2.89596158
69.524477 2.89616880
69.623234 2.89637434
69.721990 2.89657818
69.820746 2.89678033
69.919503 2.89698078
70.018259 2.89717955
70.117016 2.89737661
70.215772 2.89757199
70.314528 2.89776567
70.413285 2.89795766
70.512041 2.89814796
70.610797 2.89833656
70.709554 2.89852347
70.808310 2.89870869
70.907066 2.89889221
71.005823 2.89907404
71.104579 2.89925418
71.203336 2.89943263
71.302092 2.89960938
71.400848 2.89978443
71.499605 2.89995780
71.598361 2.90012947
71.697117 2.90029959
71.795874 2.90046957
71.894630 2.90063955
71.993386 2.90080953
72.092143 2.90097950
72.190899 2.90114948
72.289655 2.90131946
72.388412 2.90148945
72.487168 2.90165953
72.585925 2.90182942
