0.098756 1.55334757
0.197513 1.55334978
0.296269 1.55334747
0.395025 1.55334724
0.493782 1.55334728
0.592538 1.55334732
0.691295 1.55334736
0.790051 1.55334739
0.888807 1.55334742
0.987564 1.55334745
1.086320 1.55334747
1.185076 1.55334748
1.283833 1.55334749
1.382589 1.55334750
1.481345 1.55334749
1.580102 1.55334748
1.678858 1.55334746
1.777614 1.55334744
1.876371 1.55334740
1.975127 1.55334736
2.073884 1.55334730
2.172640 1.55334724
2.271396 1.55334717
2.370153 1.55334708
2.468909 1.55334698
2.567665 1.55334687
2.666422 1.55334675
2.765178 1.55334662
2.863934 1.55334647
2.962691 1.55334631
3.061447 1.55334614
3.160204 1.55334595
3.258960 1.55334574
3.357716 1.55334552
3.456473 1.55334528
3.555229 1.55334503
3.653985 1.55334476
3.752742 1.55334447
3.851498 1.55334416
3.950254 1.55334384
4.049011 1.55334350
4.147767 1.55334313
4.246523 1.55334275
4.345280 1.55334235
4.444036 1.55334192
4.542793 1.55334148
4.641549 1.55334101
4.740305 1.55334052
4.839062 1.55334002
4.937818 1.55333948
5.036574 1.55333893
5.135331 1.55333834
5.234087 1.55333774
5.332843 1.55333711
5.431600 1.55333646
5.530356 1.55333578
5.629113 1.55333507
5.727869 1.55333434
5.826625 1.55333359
5.925382 1.55333280
6.024138 1.55333199
6.122894 1.55333115
6.221651 1.55333028
6.320407 1.55332938
6.419163 1.55332846
6.517920 1.55332750
6.616676 1.55332652
6.715432 1.55332550
6.814189 1.55332445
6.912945 1.55332338
7.011702 1.55332227
7.110458 1.55332113
7.209214 1.55331995
7.307971 1.55331875
7.406727 1.55331751
7.505483 1.55331624
7.604240 1.55331494
7.702996 1.55331360
7.801752 1.55331223
7.900509 1.55331082
7.999265 1.55330938
8.098022 1.55330790
8.196778 1.55330639
8.295534 1.55330484
8.394291 1.55330325
8.493047 1.55330163
8.591803 1.55329997
8.690560 1.55329828
8.789316 1.55329654
8.888072 1.55329477
8.986829 1.55329297
9.085585 1.55329112
9.184341 1.55328923
9.283098 1.55328731
9.381854 1.55328535
9.480611 1.55328334
9.579367 1.55328130
9.678123 1.55327922
9.776880 1.55327710
9.875636 1.55327493
9.974392 1.55327273
10.073149 1.55327049
10.171905 1.55326820
10.270661 1.55326588
10.369418 1.55326351
10.468174 1.55326110
10.566931 1.55325865
10.665687 1.55325616
10.764443 1.55325363
10.863200 1.55325105
10.961956 1.55324843
11.060712 1.55324576
11.159469 1.55324306
11.258225 1.55324031
11.356981 1.55323753
11.455738 1.55323469
11.554494 1.55323182
11.653250 1.55322889
11.752007 1.55322593
11.850763 1.55322292
11.949520 1.55321988
12.048276 1.55321678
12.147032 1.55321364
12.245789 1.55321046
12.344545 1.55320724
12.443301 1.55320396
12.542058 1.55320065
12.640814 1.55319729
12.739570 1.55319389
12.838327 1.55319045
12.937083 1.55318696
13.035840 1.55318342
13.134596 1.55317985
13.233352 1.55317623
13.332109 1.55317257
13.430865 1.55316885
13.529621 1.55316511
13.628378 1.55316130
13.727134 1.55315747
13.825890 1.55315358
13.924647 1.55314966
14.023403 1.55314568
14.122159 1.55314168
14.220916 1.55313761
14.319672 1.55313352
14.418429 1.55312937
14.517185 1.55312519
14.615941 1.55312096
14.714698 1.55311669
14.813454 1.55311237
14.912210 1.55310802
15.010967 1.55310362
15.109723 1.55309919
15.208479 1.55309470
15.307236 1.55309018
15.405992 1.55308561
15.504749 1.55308101
15.603505 1.55307636
15.702261 1.55307167
15.801018 1.55306694
15.899774 1.55306217
15.998530 1.55305736
16.097287 1.55305251
16.196043 1.55304761
16.294799 1.55304269
16.393556 1.55303771
16.492312 1.55303271
16.591068 1.55302765
16.689825 1.55302256
16.788581 1.55301742
16.887338 1.55301225
16.986094 1.55300703
17.084850 1.55300178
17.183607 1.55299647
17.282363 1.55299113
17.381119 1.55298574
17.479876 1.55298031
17.578632 1.55297483
17.677388 1.55296931
17.776145 1.55296372
17.874901 1.55295809
17.973658 1.55295239
18.072414 1.55294664
18.171170 1.55294081
18.269927 1.55293493
18.368683 1.55292894
18.467439 1.55292288
18.566196 1.55291671
18.664952 1.55291043
18.763708 1.55290401
18.862465 1.55289745
18.961221 1.55289071
19.059977 1.55288378
19.158734 1.55287660
19.257490 1.55286916
19.356247 1.55286139
19.455003 1.55285325
19.553759 1.55284463
19.652516 1.55283551
19.751272 1.55282572
19.850028 1.55281519
19.948785 1.55280373
20.047541 1.55279121
20.146297 1.55277736
20.245054 1.55276196
20.343810 1.55274465
20.442567 1.55272510
20.541323 1.55270278
20.640079 1.55267719
20.738836 1.55264757
20.837592 1.55261314
20.936348 1.55257281
21.035105 1.55252538
21.133861 1.55246925
21.232617 1.55240258
21.331374 1.55232297
21.430130 1.55222758
21.528886 1.55211281
21.627643 1.55197423
21.726399 1.55180629
21.825156 1.55160210
21.923912 1.55135294
22.022668 1.55104791
22.121425 1.55067313
22.220181 1.55021108
22.318937 1.54963931
22.417694 1.54892915
22.516450 1.54804360
22.615206 1.54693491
22.713963 1.54554091
22.812719 1.54378058
22.911476 1.54154743
23.010232 1.53870129
23.108988 1.53505626
23.207745 1.53036532
23.306501 1.52429785
23.405257 1.51641068
23.504014 1.50610551
23.602770 1.49257381
23.701526 1.47471538
23.800283 1.45103231
23.899039 1.41947259
23.997795 1.37722438
24.096552 1.32041813
24.195308 1.24372842
24.294065 1.13982758
24.392821 0.99862092
24.491577 0.80634824
24.590334 0.54411344
24.689090 0.18753723
24.787846 -0.28351499
24.886603 -0.82428745
24.985359 -1.21592911
25.084115 -1.22966335
25.182872 -1.01432105
25.281628 -0.91920473
25.380385 -1.13374995
25.479141 -1.72001575
25.577897 -2.71088135
25.676654 -4.13554833
25.775410 -5.99958855
25.874166 -8.20010432
25.972923 -10.35780846
26.071679 -11.78628235
26.170435 -11.97363309
26.269192 -11.18602704
26.367948 -10.27619920
26.466704 -9.96419588
26.565461 -10.45533395
26.664217 -11.39186634
26.762974 -11.96740986
26.861730 -11.45360263
26.960486 -9.85831523
27.059243 -7.82981783
27.157999 -5.97601347
27.256755 -4.54375370
27.355512 -3.55230928
27.454268 -2.96538111
27.553024 -2.76503253
27.651781 -2.96755802
27.750537 -3.61520455
27.849294 -4.75808490
27.948050 -6.40407480
28.046806 -8.38698906
28.145563 -10.19660484
28.244319 -11.10573449
28.343075 -10.80573599
28.441832 -9.81240943
28.540588 -8.98802749
28.639344 -8.89139975
28.738101 -9.58892712
28.836857 -10.64678696
28.935613 -11.23498097
29.034370 -10.67278758
29.133126 -9.05096480
29.231883 -7.05808651
29.330639 -5.29554230
29.429395 -3.99889304
29.528152 -3.18164951
29.626908 -2.79531986
29.725664 -2.79966666
29.824421 -3.18768911
29.923177 -3.98826648
30.021933 -5.24943862
30.120690 -6.97317162
30.219446 -8.95843575
30.318203 -10.64429922
30.416959 -11.32588716
30.515715 -10.82637621
30.614472 -9.77094004
30.713228 -9.00764159
30.811984 -9.01816245
30.910741 -9.79114407
31.009497 -10.81759918
31.108253 -11.24244289
31.207010 -10.47563361
31.305766 -8.73493164
31.404522 -6.73717577
31.503279 -5.03113010
31.602035 -3.80531652
31.700792 -3.05560312
31.799548 -2.73085095
31.898304 -2.79209953
31.997061 -3.23427274
32.095817 -4.08782680
32.194573 -5.39963535
32.293330 -7.16006045
32.392086 -9.13540020
32.490842 -10.72919011
32.589599 -11.26050528
32.688355 -10.64442537
32.787112 -9.56857403
32.885868 -8.86088343
32.984624 -8.94610328
33.083381 -9.74975477
33.182137 -10.69748406
33.280893 -10.92378560
33.379650 -9.93389124
33.478406 -8.05463699
33.577162 -6.01591351
33.675919 -4.32022576
33.774675 -3.12531583
33.873431 -2.42380445
33.972188 -2.17186547
34.070944 -2.33600620
34.169701 -2.91038126
34.268457 -3.91839834
34.367213 -5.39225595
34.465970 -7.28768190
34.564726 -9.30115100
34.663482 -10.77754982
34.762239 -11.10135238
34.860995 -10.35891008
34.959751 -9.32938945
35.058508 -8.78959031
35.157264 -9.06281264
35.256021 -9.96635610
35.354777 -10.82656173
35.453533 -10.79413686
35.552290 -9.55303507
35.651046 -7.58531094
35.749802 -5.60952004
35.848559 -4.04344707
35.947315 -2.99322991
36.046071 -2.43710439
36.144828 -2.32791689
36.243584 -2.62551843
36.342340 -3.31201617
36.441097 -4.39838183
36.539853 -5.90854658
36.638610 -7.79035854
36.737366 -9.72542213
36.836122 -11.05784227
36.934879 -11.22859163
37.033635 -10.41206860
37.132391 -9.42237320
37.231148 -8.99342612
37.329904 -9.33683048
37.428660 -10.08143553
37.527417 -10.40745937
37.626173 -9.61754233
37.724929 -7.77932299
37.823686 -5.55697021
37.922442 -3.53741122
38.021199 -1.95448396
38.119955 -0.82561923
38.218711 -0.11044716
38.317468 0.23046782
38.416224 0.23684049
38.514980 0.00366739
38.613737 -0.20224639
38.712493 -0.05118204
38.811249 0.43077497
38.910006 0.96401349
39.008762 1.40451419
39.107519 1.74386507
39.206275 2.00415383
39.305031 2.20422646
39.403788 2.35774993
39.502544 2.47387401
39.601300 2.55836458
39.700057 2.61585515
39.798813 2.64985287
39.897569 2.66330259
39.996326 2.66543896
40.095082 2.66633043
40.193838 2.66689003
40.292595 2.66732161
40.391351 2.66769131
40.490108 2.66802687
40.588864 2.66834199
40.687620 2.66864417
40.786377 2.66893785
40.885133 2.66922581
40.983889 2.66950984
41.082646 2.66979117
41.181402 2.67007062
41.280158 2.67034885
41.378915 2.67062637
41.477671 2.67090374
41.576428 2.67118168
41.675184 2.67146138
41.773940 2.67174516
41.872697 2.67203822
41.971453 2.67235473
42.070209 2.67274738
42.168966 2.67347774
42.267722 2.67527862
42.366478 2.67804106
42.465235 2.68128791
42.563991 2.68426371
42.662747 2.68581916
42.761504 2.68423773
42.860260 2.67696270
42.959017 2.66019522
43.057773 2.62843130
43.156529 2.57354773
43.255286 2.48455883
43.354042 2.35042492
43.452798 2.17022959
43.551555 1.97499573
43.650311 1.83614397
43.749067 1.82110068
43.847824 1.92806137
43.946580 2.08770206
44.045337 2.22760991
44.144093 2.31251472
44.242849 2.33667823
44.341606 2.30450187
44.440362 2.22032221
44.539118 2.08733655
44.637875 1.91210034
44.736631 1.71685736
44.835387 1.55221755
44.934144 1.47587057
45.032900 1.49455426
45.131656 1.54347194
45.230413 1.53589711
45.329169 1.41508485
45.427926 1.17701607
45.526682 0.89478650
45.625438 0.71549477
45.724195 0.76543262
45.822951 1.03482081
45.921707 1.39398563
46.020464 1.71437317
46.119220 1.93798571
46.217976 2.06081835
46.316733 2.09637379
46.415489 2.05598396
46.514246 1.94466339
46.613002 1.76187408
46.711758 1.50475865
46.810515 1.18005650
46.909271 0.83147819
47.008027 0.55992466
47.106784 0.47133485
47.205540 0.57135647
47.304296 0.76391132
47.403053 0.97349867
47.501809 1.19528232
47.600565 1.43254627
47.699322 1.67281999
47.798078 1.90083978
47.896835 2.09627609
47.995591 2.24803303
48.094347 2.36092671
48.193104 2.44444690
48.291860 2.50654271
48.390616 2.55296291
48.489373 2.58760989
48.588129 2.61309397
48.686885 2.63091530
48.785642 2.64169010
48.884398 2.64626601
48.983155 2.64774079
49.081911 2.64830803
49.180667 2.64869627
49.279424 2.64902621
49.378180 2.64933029
49.476936 2.64962102
49.575693 2.64990426
49.674449 2.65018308
49.773205 2.65045917
49.871962 2.65073356
49.970718 2.65100685
50.069474 2.65127942
50.168231 2.65155152
50.266987 2.65182329
50.365744 2.65209485
50.464500 2.65236627
50.563256 2.65263758
50.662013 2.65290882
50.760769 2.65317998
50.859525 2.65345064
50.958282 2.65372079
51.057038 2.65399043
51.155794 2.65425956
51.254551 2.65452818
51.353307 2.65479631
51.452064 2.65506393
51.550820 2.65533106
51.649576 2.65559769
51.748333 2.65586383
51.847089 2.65612947
51.945845 2.65639461
52.044602 2.65665926
52.143358 2.65692342
52.242114 2.65718708
52.340871 2.65745025
52.439627 2.65771292
52.538383 2.65797509
52.637140 2.65823678
52.735896 2.65849796
52.834653 2.65875866
52.933409 2.65901886
53.032165 2.65927856
53.130922 2.65953777
53.229678 2.65979649
53.328434 2.66005471
53.427191 2.66031244
53.525947 2.66056967
53.624703 2.66082641
53.723460 2.66108266
53.822216 2.66133841
53.920973 2.66159366
54.019729 2.66184843
54.118485 2.66210269
54.217242 2.66235647
54.315998 2.66260974
54.414754 2.66286253
54.513511 2.66311482
54.612267 2.66336661
54.711023 2.66361791
54.809780 2.66386871
54.908536 2.66411902
55.007292 2.66436884
55.106049 2.66461816
55.204805 2.66486699
55.303562 2.66511532
55.402318 2.66536316
55.501074 2.66561050
55.599831 2.66585735
55.698587 2.66610370
55.797343 2.66634956
55.896100 2.66659492
55.994856 2.66683979
56.093612 2.66708416
56.192369 2.66732804
56.291125 2.66757143
56.389882 2.66781431
56.488638 2.66805671
56.587394 2.66829861
56.686151 2.66854001
56.784907 2.66878092
56.883663 2.66902133
56.982420 2.66926125
57.081176 2.66950068
57.179932 2.66973961
57.278689 2.66997804
57.377445 2.67021598
57.476201 2.67045342
57.574958 2.67069037
57.673714 2.67092682
57.772471 2.67116278
57.871227 2.67139825
57.969983 2.67163321
58.068740 2.67186769
58.167496 2.67210166
58.266252 2.67233515
58.365009 2.67256813
58.463765 2.67280062
58.562521 2.67303262
58.661278 2.67326412
58.760034 2.67349513
58.858791 2.67372564
58.957547 2.67395565
59.056303 2.67418517
59.155060 2.67441419
59.253816 2.67464272
59.352572 2.67487076
59.451329 2.67509829
59.550085 2.67532534
59.648841 2.67555188
59.747598 2.67577793
59.846354 2.67600349
59.945110 2.67622855
60.043867 2.67645311
60.142623 2.67667718
60.241380 2.67690076
60.340136 2.67712383
60.438892 2.67734641
60.537649 2.67756850
60.636405 2.67779009
60.735161 2.67801119
60.833918 2.67823179
60.932674 2.67845189
61.031430 2.67867150
61.130187 2.67889061
61.228943 2.67910923
61.327700 2.67932735
61.426456 2.67954497
61.525212 2.67976210
61.623969 2.67997873
61.722725 2.68019487
61.821481 2.68041051
61.920238 2.68062566
62.018994 2.68084031
62.117750 2.68105446
62.216507 2.68126812
62.315263 2.68148128
62.414019 2.68169395
62.512776 2.68190612
62.611532 2.68211779
62.710289 2.68232897
62.809045 2.68253966
62.907801 2.68274984
63.006558 2.68295953
63.105314 2.68316873
63.204070 2.68337743
63.302827 2.68358563
63.401583 2.68379334
63.500339 2.68400055
63.599096 2.68420726
63.697852 2.68441348
63.796609 2.68461920
63.895365 2.68482443
63.994121 2.68502916
64.092878 2.68523339
64.191634 2.68543713
64.290390 2.68564037
64.389147 2.68584312
64.487903 2.68604537
64.586659 2.68624712
64.685416 2.68644838
64.784172 2.68664914
64.882928 2.68684940
64.981685 2.68704917
65.080441 2.68724844
65.179198 2.68744722
65.277954 2.68764550
65.376710 2.68784328
65.475467 2.68804057
65.574223 2.68823736
65.672979 2.68843366
65.771736 2.68862946
65.870492 2.68882476
65.969248 2.68901956
66.068005 2.68921387
66.166761 2.68940769
66.265518 2.68960100
66.364274 2.68979382
66.463030 2.68998615
66.561787 2.69017798
66.660543 2.69036931
66.759299 2.69056014
66.858056 2.69075048
66.956812 2.69094032
67.055568 2.69112967
67.154325 2.69131852
67.253081 2.69150687
67.351837 2.69169473
67.450594 2.69188209
67.549350 2.69206895
67.648107 2.69225532
67.746863 2.69244119
67.845619 2.69262657
67.944376 2.69281145
68.043132 2.69299583
68.141888 2.69317971
68.240645 2.69336310
68.339401 2.69354599
68.438157 2.69372839
68.536914 2.69391029
68.635670 2.69409169
68.734427 2.69427260
68.833183 2.69445301
68.931939 2.69463292
69.030696 2.69481234
69.129452 2.69499125
69.228208 2.69516968
69.326965 2.69534760
69.425721 2.69552503
69.524477 2.69570197
69.623234 2.69587840
69.721990 2.69605435
69.820746 2.69622979
69.919503 2.69640474
70.018259 2.69657919
70.117016 2.69675314
70.215772 2.69692660
70.314528 2.69709956
70.413285 2.69727202
70.512041 2.69744399
70.610797 2.69761546
70.709554 2.69778643
70.808310 2.69795691
70.907066 2.69812689
71.005823 2.69829637
71.104579 2.69846536
71.203336 2.69863385
71.302092 2.69880184
71.400848 2.69896934
71.499605 2.69913634
71.598361 2.69930284
71.697117 2.69946889
71.795874 2.69963490
71.894630 2.69980091
71.993386 2.69996691
72.092143 2.70013292
72.190899 2.70029893
72.289655 2.70046493
72.388412 2.70063095
72.487168 2.70079706
72.585925 2.70096297
