0.098756 1.54732148
0.197513 1.54732426
0.296269 1.54732130
0.395025 1.54732100
0.493782 1.54732103
0.592538 1.54732107
0.691295 1.54732111
0.790051 1.54732114
0.888807 1.54732117
0.987564 1.54732119
1.086320 1.54732121
1.185076 1.54732123
1.283833 1.54732123
1.382589 1.54732124
1.481345 1.54732124
1.580102 1.54732123
1.678858 1.54732121
1.777614 1.54732119
1.876371 1.54732116
1.975127 1.54732112
2.073884 1.54732108
2.172640 1.54732102
2.271396 1.54732096
2.370153 1.54732088
2.468909 1.54732079
2.567665 1.54732070
2.666422 1.54732059
2.765178 1.54732047
2.863934 1.54732034
2.962691 1.54732020
3.061447 1.54732004
3.160204 1.54731987
3.258960 1.54731969
3.357716 1.54731949
3.456473 1.54731928
3.555229 1.54731905
3.653985 1.54731881
3.752742 1.54731855
3.851498 1.54731828
3.950254 1.54731798
4.049011 1.54731767
4.147767 1.54731735
4.246523 1.54731700
4.345280 1.54731664
4.444036 1.54731626
4.542793 1.54731586
4.641549 1.54731544
4.740305 1.54731500
4.839062 1.54731453
4.937818 1.54731405
5.036574 1.54731355
5.135331 1.54731302
5.234087 1.54731247
5.332843 1.54731190
5.431600 1.54731131
5.530356 1.54731069
5.629113 1.54731005
5.727869 1.54730938
5.826625 1.54730869
5.925382 1.54730797
6.024138 1.54730723
6.122894 1.54730646
6.221651 1.54730567
6.320407 1.54730485
6.419163 1.54730400
6.517920 1.54730312
6.616676 1.54730221
6.715432 1.54730128
6.814189 1.54730032
6.912945 1.54729932
7.011702 1.54729830
7.110458 1.54729725
7.209214 1.54729616
7.307971 1.54729505
7.406727 1.54729390
7.505483 1.54729272
7.604240 1.54729151
7.702996 1.54729027
7.801752 1.54728899
7.900509 1.54728768
7.999265 1.54728634
8.098022 1.54728496
8.196778 1.54728354
8.295534 1.54728209
8.394291 1.54728061
8.493047 1.54727909
8.591803 1.54727753
8.690560 1.54727593
8.789316 1.54727430
8.888072 1.54727263
8.986829 1.54727093
9.085585 1.54726918
9.184341 1.54726739
9.283098 1.54726557
9.381854 1.54726371
9.480611 1.54726180
9.579367 1.54725986
9.678123 1.54725787
9.776880 1.54725585
9.875636 1.54725378
9.974392 1.54725167
10.073149 1.54724952
10.171905 1.54724732
10.270661 1.54724509
10.369418 1.54724281
10.468174 1.54724048
10.566931 1.54723811
10.665687 1.54723570
10.764443 1.54723324
10.863200 1.54723074
10.961956 1.54722819
11.060712 1.54722560
11.159469 1.54722296
11.258225 1.54722027
11.356981 1.54721754
11.455738 1.54721476
11.554494 1.54721193
11.653250 1.54720906
11.752007 1.54720613
11.850763 1.54720316
11.949520 1.54720014
12.048276 1.54719707
12.147032 1.54719395
12.245789 1.54719078
12.344545 1.54718757
12.443301 1.54718430
12.542058 1.54718098
12.640814 1.54717761
12.739570 1.54717419
12.838327 1.54717072
12.937083 1.54716719
13.035840 1.54716362
13.134596 1.54715999
13.233352 1.54715631
13.332109 1.54715258
13.430865 1.54714879
13.529621 1.54714495
13.628378 1.54714106
13.727134 1.54713712
13.825890 1.54713311
13.924647 1.54712906
14.023403 1.54712495
14.122159 1.54712079
14.220916 1.54711657
14.319672 1.54711230
14.418429 1.54710797
14.517185 1.54710359
14.615941 1.54709915
14.714698 1.54709466
14.813454 1.54709010
14.912210 1.54708550
15.010967 1.54708083
15.109723 1.54707612
15.208479 1.54707134
15.307236 1.54706651
15.405992 1.54706161
15.504749 1.54705667
15.603505 1.54705166
15.702261 1.54704660
15.801018 1.54704147
15.899774 1.54703630
15.998530 1.54703105
16.097287 1.54702576
16.196043 1.54702040
16.294799 1.54701499
16.393556 1.54700951
16.492312 1.54700398
16.591068 1.54699837
16.689825 1.54699272
16.788581 1.54698700
16.887338 1.54698122
16.986094 1.54697537
17.084850 1.54696947
17.183607 1.54696349
17.282363 1.54695745
17.381119 1.54695134
17.479876 1.54694517
17.578632 1.54693891
17.677388 1.54693260
17.776145 1.54692619
17.874901 1.54691972
17.973658 1.54691315
18.072414 1.54690651
18.171170 1.54689976
18.269927 1.54689292
18.368683 1.54688597
18.467439 1.54687890
18.566196 1.54687170
18.664952 1.54686436
18.763708 1.54685686
18.862465 1.54684918
18.961221 1.54684130
19.059977 1.54683319
19.158734 1.54682481
19.257490 1.54681614
19.356247 1.54680710
19.455003 1.54679767
19.553759 1.54678774
19.652516 1.54677725
19.751272 1.54676609
19.850028 1.54675415
19.948785 1.54674125
20.047541 1.54672725
20.146297 1.54671191
20.245054 1.54669498
20.343810 1.54667612
20.442567 1.54665499
20.541323 1.54663108
20.640079 1.54660385
20.738836 1.54657260
20.837592 1.54653650
20.936348 1.54649450
21.035105 1.54644538
21.133861 1.54638757
21.232617 1.54631920
21.331374 1.54623792
21.430130 1.54614088
21.528886 1.54602447
21.627643 1.54588432
21.726399 1.54571487
21.825156 1.54550925
21.923912 1.54525877
22.022668 1.54495257
22.121425 1.54457683
22.220181 1.54411405
22.318937 1.54354186
22.417694 1.54283166
22.516450 1.54194655
22.615206 1.54083890
22.713963 1.53944668
22.812719 1.53768904
22.911476 1.53545970
23.010232 1.53261877
23.108988 1.52898065
23.207745 1.52429871
23.306501 1.51824281
23.405257 1.51037036
23.504014 1.50008380
23.602770 1.48657550
23.701526 1.46874643
23.800283 1.44510009
23.899039 1.41358639
23.997795 1.37139591
24.096552 1.31466232
24.195308 1.23806454
24.294065 1.13428080
24.392821 0.99322438
24.491577 0.80114645
24.590334 0.53916582
24.689090 0.18292469
24.787846 -0.28764355
24.886603 -0.82757016
24.985359 -1.21765056
25.084115 -1.22980979
25.182872 -1.01280608
25.281628 -0.91588508
25.380385 -1.12807634
25.479141 -1.71118675
25.577897 -2.69794014
25.676654 -4.11750110
25.775410 -5.97601619
25.874166 -8.17303870
25.972923 -10.33399894
26.071679 -11.77481367
26.170435 -11.97719583
26.269192 -11.19708438
26.367948 -10.28444088
26.466704 -9.96413543
26.565461 -10.44766782
26.664217 -11.38293675
26.762974 -11.96648627
26.861730 -11.46545683
26.960486 -9.87893330
27.059243 -7.85166396
27.157999 -5.99433414
27.256755 -4.55715515
27.355512 -3.56085048
27.454268 -2.96941790
27.553024 -2.76488752
27.651781 -2.96343334
27.750537 -3.60715056
27.849294 -4.74612105
27.948050 -6.38882605
28.046806 -8.37123019
28.145563 -10.18617773
28.244319 -11.10606619
28.343075 -10.81588389
28.441832 -9.82543338
28.540588 -8.99730994
28.639344 -8.89437592
28.738101 -9.58737832
28.836857 -10.64693792
28.935613 -11.24507983
29.034370 -10.69637730
29.133126 -9.08374869
29.231883 -7.09290321
29.330639 -5.32714974
29.429395 -4.02377450
29.528152 -3.19651334
29.626908 -2.79702479
29.725664 -2.78617553
29.824421 -3.15882580
29.923177 -3.94559132
30.021933 -5.19559555
30.120690 -6.91215277
30.219446 -8.89787415
30.318203 -10.59616428
30.416959 -11.29899160
30.515715 -10.81699586
30.614472 -9.76636692
30.713228 -8.99747424
30.811984 -8.99887092
30.910741 -9.76482012
31.009497 -10.79049848
31.108253 -11.22166393
31.207010 -10.46343701
31.305766 -8.72774363
31.404522 -6.73070284
31.503279 -5.02410029
31.602035 -3.79930171
31.700792 -3.05355450
31.799548 -2.73557887
31.898304 -2.80478061
31.997061 -3.25350372
32.095817 -4.10997105
32.194573 -5.42070689
32.293330 -7.17937021
32.392086 -9.16057534
32.490842 -10.77625148
32.589599 -11.34112192
32.688355 -10.75278441
32.787112 -9.68801303
32.885868 -8.97977083
32.984624 -9.06432681
33.083381 -9.87972211
33.182137 -10.86430024
33.280893 -11.15417265
33.379650 -10.23623125
33.478406 -8.41716790
33.577162 -6.42454552
33.675919 -4.76833181
33.774675 -3.60938483
33.873431 -2.93654988
33.972188 -2.69833332
34.070944 -2.85301349
34.169701 -3.38916994
34.268457 -4.33009042
34.367213 -5.71581801
34.465970 -7.52319430
34.564726 -9.48712467
34.663482 -10.98261025
34.762239 -11.36402970
34.860995 -10.64151516
34.959751 -9.55742880
35.058508 -8.91421031
35.157264 -9.07991002
35.256021 -9.91735516
35.354777 -10.79149459
35.453533 -10.84049794
35.552290 -9.67238522
35.651046 -7.71024999
35.749802 -5.68223698
35.848559 -4.04229480
35.947315 -2.91917153
36.046071 -2.30005487
36.144828 -2.14113511
36.243584 -2.40173739
36.342340 -3.05837417
36.441097 -4.11257047
36.539853 -5.58238251
36.638610 -7.42880304
36.737366 -9.37584761
36.836122 -10.80104110
36.934879 -11.09777707
37.033635 -10.33883186
37.132391 -9.29822261
37.231148 -8.75180394
37.329904 -8.97344781
37.428660 -9.64540389
37.527417 -9.97129518
37.626173 -9.21379203
37.724929 -7.37127584
37.823686 -5.08896415
37.922442 -2.98728334
38.021199 -1.33402328
38.119955 -0.15981343
38.218711 0.57644918
38.317468 0.92052137
38.416224 0.91769760
38.514980 0.66042358
38.613737 0.40406158
38.712493 0.48963813
38.811249 0.92526343
38.910006 1.43404875
39.008762 1.85690468
39.107519 2.17907792
39.206275 2.42192437
39.305031 2.60460683
39.403788 2.74157969
39.502544 2.84313248
39.601300 2.91658686
39.700057 2.96680796
39.798813 2.99688698
39.897569 3.00924585
39.996326 3.01076242
40.095082 3.01130186
40.193838 3.01160024
40.292595 3.01181223
40.391351 3.01198408
40.490108 3.01213403
40.588864 3.01227076
40.687620 3.01239897
40.786377 3.01252147
40.885133 3.01264002
40.983889 3.01275579
41.082646 3.01286956
41.181402 3.01298189
41.280158 3.01309318
41.378915 3.01320375
41.477671 3.01331394
41.576428 3.01342423
41.675184 3.01353550
41.773940 3.01364961
41.872697 3.01377105
41.971453 3.01391271
42.070209 3.01412329
42.168966 3.01464074
42.267722 3.01619937
42.366478 3.01871564
42.465235 3.02172590
42.563991 3.02448969
42.662747 3.02587783
42.761504 3.02420097
42.860260 3.01694029
42.959017 3.00035421
43.057773 2.96901423
43.156529 2.91490199
43.255286 2.82712904
43.354042 2.69454276
43.452798 2.51549600
43.551555 2.31951781
43.650311 2.17698516
43.749067 2.15671978
43.847824 2.25999551
43.946580 2.41895897
44.045337 2.56023489
44.144093 2.64711914
44.242849 2.67318486
44.341606 2.64270828
44.440362 2.56007603
44.539118 2.42849877
44.637875 2.25426455
44.736631 2.05880829
44.835387 1.89184819
44.934144 1.81172699
45.032900 1.82771757
45.131656 1.87691071
45.230413 1.87228571
45.329169 1.75557467
45.427926 1.52047281
45.526682 1.23709491
45.625438 1.05120295
45.724195 1.09226994
45.822951 1.35587890
45.921707 1.71440089
46.020464 2.03734174
46.119220 2.26423627
46.217976 2.38998112
46.316733 2.42795720
46.415489 2.38967302
46.514246 2.28035556
46.613002 2.09962814
46.711758 1.84461195
46.810515 1.52144915
46.909271 1.17227551
47.008027 0.89654457
47.106784 0.80157662
47.205540 0.89671827
47.304296 1.08690257
47.403053 1.29439647
47.501809 1.51416835
47.600565 1.75115221
47.699322 1.99340475
47.798078 2.22401327
47.896835 2.42110939
47.995591 2.57371442
48.094347 2.68705732
48.193104 2.77080528
48.291860 2.83298322
48.390616 2.87938793
48.489373 2.91396154
48.588129 2.93934440
48.686885 2.95706239
48.785642 2.96774394
48.884398 2.97219279
48.983155 2.97348361
49.081911 2.97388480
49.180667 2.97410699
49.279424 2.97427110
49.378180 2.97440963
49.476936 2.97453503
49.575693 2.97465312
49.674449 2.97476693
49.773205 2.97487811
49.871962 2.97498767
49.970718 2.97509617
50.069474 2.97520399
50.168231 2.97531137
50.266987 2.97541845
50.365744 2.97552533
50.464500 2.97563207
50.563256 2.97573872
50.662013 2.97584531
50.760769 2.97595188
50.859525 2.97605868
50.958282 2.97616574
51.057038 2.97627307
51.155794 2.97638067
51.254551 2.97648854
51.353307 2.97659670
51.452064 2.97670513
51.550820 2.97681385
51.649576 2.97692284
51.748333 2.97703212
51.847089 2.97714168
51.945845 2.97725152
52.044602 2.97736165
52.143358 2.97747206
52.242114 2.97758275
52.340871 2.97769373
52.439627 2.97780499
52.538383 2.97791653
52.637140 2.97802835
52.735896 2.97814046
52.834653 2.97825285
52.933409 2.97836553
53.032165 2.97847849
53.130922 2.97859173
53.229678 2.97870525
53.328434 2.97881906
53.427191 2.97893315
53.525947 2.97904753
53.624703 2.97916219
53.723460 2.97927713
53.822216 2.97939235
53.920973 2.97950786
54.019729 2.97962365
54.118485 2.97973972
54.217242 2.97985608
54.315998 2.97997272
54.414754 2.98008964
54.513511 2.98020685
54.612267 2.98032433
54.711023 2.98044211
54.809780 2.98056016
54.908536 2.98067850
55.007292 2.98079712
55.106049 2.98091602
55.204805 2.98103520
55.303562 2.98115467
55.402318 2.98127442
55.501074 2.98139445
55.599831 2.98151477
55.698587 2.98163537
55.797343 2.98175625
55.896100 2.98187741
55.994856 2.98199886
56.093612 2.98212059
56.192369 2.98224260
56.291125 2.98236489
56.389882 2.98248747
56.488638 2.98261033
56.587394 2.98273347
56.686151 2.98285689
56.784907 2.98298060
56.883663 2.98310459
56.982420 2.98322886
57.081176 2.98335341
57.179932 2.98347825
57.278689 2.98360336
57.377445 2.98372876
57.476201 2.98385444
57.574958 2.98398041
57.673714 2.98410665
57.772471 2.98423318
57.871227 2.98435999
57.969983 2.98448709
58.068740 2.98461446
58.167496 2.98474212
58.266252 2.98487005
58.365009 2.98499828
58.463765 2.98512678
58.562521 2.98525556
58.661278 2.98538463
58.760034 2.98551398
58.858791 2.98564361
58.957547 2.98577352
59.056303 2.98590371
59.155060 2.98603419
59.253816 2.98616495
59.352572 2.98629599
59.451329 2.98642731
59.550085 2.98655891
59.648841 2.98669079
59.747598 2.98682296
59.846354 2.98695541
59.945110 2.98708814
60.043867 2.98722115
60.142623 2.98735444
60.241380 2.98748802
60.340136 2.98762187
60.438892 2.98775601
60.537649 2.98789043
60.636405 2.98802513
60.735161 2.98816012
60.833918 2.98829538
60.932674 2.98843093
61.031430 2.98856675
61.130187 2.98870286
61.228943 2.98883925
61.327700 2.98897592
61.426456 2.98911288
61.525212 2.98925011
61.623969 2.98938763
61.722725 2.98952542
61.821481 2.98966350
61.920238 2.98980186
62.018994 2.98994050
62.117750 2.99007943
62.216507 2.99021863
62.315263 2.99035812
62.414019 2.99049788
62.512776 2.99063793
62.611532 2.99077826
62.710289 2.99091887
62.809045 2.99105976
62.907801 2.99120094
63.006558 2.99134239
63.105314 2.99148412
63.204070 2.99162614
63.302827 2.99176844
63.401583 2.99191102
63.500339 2.99205388
63.599096 2.99219702
63.697852 2.99234044
63.796609 2.99248415
63.895365 2.99262813
63.994121 2.99277240
64.092878 2.99291694
64.191634 2.99306177
64.290390 2.99320688
64.389147 2.99335227
64.487903 2.99349794
64.586659 2.99364389
64.685416 2.99379013
64.784172 2.99393664
64.882928 2.99408344
64.981685 2.99423051
65.080441 2.99437787
65.179198 2.99452551
65.277954 2.99467343
65.376710 2.99482163
65.475467 2.99497011
65.574223 2.99511887
65.672979 2.99526792
65.771736 2.99541724
65.870492 2.99556685
65.969248 2.99571673
66.068005 2.99586690
66.166761 2.99601735
66.265518 2.99616808
66.364274 2.99631909
66.463030 2.99647038
66.561787 2.99662195
66.660543 2.99677380
66.759299 2.99692594
66.858056 2.99707835
66.956812 2.99723105
67.055568 2.99738402
67.154325 2.99753728
67.253081 2.99769082
67.351837 2.99784464
67.450594 2.99799874
67.549350 2.99815312
67.648107 2.99830778
67.746863 2.99846272
67.845619 2.99861794
67.944376 2.99877345
68.043132 2.99892923
68.141888 2.99908530
68.240645 2.99924165
68.339401 2.99939827
68.438157 2.99955518
68.536914 2.99971237
68.635670 2.99986984
68.734427 3.00002759
68.833183 3.00018562
68.931939 3.00034393
69.030696 3.00050253
69.129452 3.00066140
69.228208 3.00082055
69.326965 3.00097999
69.425721 3.00113970
69.524477 3.00129970
69.623234 3.00145998
69.721990 3.00162054
69.820746 3.00178138
69.919503 3.00194250
70.018259 3.00210390
70.117016 3.00226558
70.215772 3.00242754
70.314528 3.00258978
70.413285 3.00275231
70.512041 3.00291511
70.610797 3.00307819
70.709554 3.00324156
70.808310 3.00340521
70.907066 3.00356913
71.005823 3.00373334
71.104579 3.00389783
71.203336 3.00406260
71.302092 3.00422765
71.400848 3.00439298
71.499605 3.00455859
71.598361 3.00472448
71.697117 3.00489063
71.795874 3.00505680
71.894630 3.00522298
71.993386 3.00538915
72.092143 3.00555532
72.190899 3.00572150
72.289655 3.00588767
72.388412 3.00605385
72.487168 3.00622012
72.585925 3.00638621
