0.098756 1.53602415
0.197513 1.53602448
0.296269 1.53602413
0.395025 1.53602409
0.493782 1.53602409
0.592538 1.53602409
0.691295 1.53602409
0.790051 1.53602410
0.888807 1.53602411
0.987564 1.53602412
1.086320 1.53602413
1.185076 1.53602415
1.283833 1.53602417
1.382589 1.53602420
1.481345 1.53602423
1.580102 1.53602426
1.678858 1.53602430
1.777614 1.53602434
1.876371 1.53602440
1.975127 1.53602445
2.073884 1.53602452
2.172640 1.53602459
2.271396 1.53602466
2.370153 1.53602475
2.468909 1.53602484
2.567665 1.53602494
2.666422 1.53602505
2.765178 1.53602516
2.863934 1.53602529
2.962691 1.53602542
3.061447 1.53602557
3.160204 1.53602573
3.258960 1.53602589
3.357716 1.53602607
3.456473 1.53602626
3.555229 1.53602645
3.653985 1.53602667
3.752742 1.53602689
3.851498 1.53602713
3.950254 1.53602737
4.049011 1.53602764
4.147767 1.53602791
4.246523 1.53602821
4.345280 1.53602851
4.444036 1.53602883
4.542793 1.53602916
4.641549 1.53602952
4.740305 1.53602988
4.839062 1.53603026
4.937818 1.53603066
5.036574 1.53603108
5.135331 1.53603151
5.234087 1.53603197
5.332843 1.53603244
5.431600 1.53603293
5.530356 1.53603344
5.629113 1.53603397
5.727869 1.53603452
5.826625 1.53603509
5.925382 1.53603568
6.024138 1.53603630
6.122894 1.53603693
6.221651 1.53603759
6.320407 1.53603827
6.419163 1.53603897
6.517920 1.53603970
6.616676 1.53604045
6.715432 1.53604123
6.814189 1.53604203
6.912945 1.53604286
7.011702 1.53604372
7.110458 1.53604459
7.209214 1.53604551
7.307971 1.53604644
7.406727 1.53604741
7.505483 1.53604840
7.604240 1.53604942
7.702996 1.53605047
7.801752 1.53605156
7.900509 1.53605267
7.999265 1.53605382
8.098022 1.53605499
8.196778 1.53605621
8.295534 1.53605745
8.394291 1.53605873
8.493047 1.53606004
8.591803 1.53606139
8.690560 1.53606276
8.789316 1.53606419
8.888072 1.53606564
8.986829 1.53606713
9.085585 1.53606866
9.184341 1.53607023
9.283098 1.53607184
9.381854 1.53607349
9.480611 1.53607517
9.579367 1.53607690
9.678123 1.53607867
9.776880 1.53608049
9.875636 1.53608234
9.974392 1.53608425
10.073149 1.53608619
10.171905 1.53608818
10.270661 1.53609021
10.369418 1.53609230
10.468174 1.53609442
10.566931 1.53609660
10.665687 1.53609882
10.764443 1.53610110
10.863200 1.53610342
10.961956 1.53610580
11.060712 1.53610823
11.159469 1.53611071
11.258225 1.53611324
11.356981 1.53611583
11.455738 1.53611846
11.554494 1.53612116
11.653250 1.53612391
11.752007 1.53612672
11.850763 1.53612958
11.949520 1.53613251
12.048276 1.53613549
12.147032 1.53613854
12.245789 1.53614164
12.344545 1.53614481
12.443301 1.53614804
12.542058 1.53615133
12.640814 1.53615468
12.739570 1.53615811
12.838327 1.53616159
12.937083 1.53616515
13.035840 1.53616877
13.134596 1.53617246
13.233352 1.53617622
13.332109 1.53618005
13.430865 1.53618395
13.529621 1.53618793
13.628378 1.53619197
13.727134 1.53619609
13.825890 1.53620028
13.924647 1.53620455
14.023403 1.53620890
14.122159 1.53621332
14.220916 1.53621782
14.319672 1.53622240
14.418429 1.53622706
14.517185 1.53623181
14.615941 1.53623663
14.714698 1.53624154
14.813454 1.53624652
14.912210 1.53625160
15.010967 1.53625676
15.109723 1.53626201
15.208479 1.53626734
15.307236 1.53627277
15.405992 1.53627828
15.504749 1.53628389
15.603505 1.53628958
15.702261 1.53629537
15.801018 1.53630124
15.899774 1.53630722
15.998530 1.53631329
16.097287 1.53631945
16.196043 1.53632571
16.294799 1.53633207
16.393556 1.53633852
16.492312 1.53634508
16.591068 1.53635173
16.689825 1.53635849
16.788581 1.53636534
16.887338 1.53637229
16.986094 1.53637934
17.084850 1.53638650
17.183607 1.53639376
17.282363 1.53640112
17.381119 1.53640857
17.479876 1.53641613
17.578632 1.53642379
17.677388 1.53643154
17.776145 1.53643939
17.874901 1.53644734
17.973658 1.53645537
18.072414 1.53646349
18.171170 1.53647169
18.269927 1.53647997
18.368683 1.53648831
18.467439 1.53649672
18.566196 1.53650517
18.664952 1.53651366
18.763708 1.53652217
18.862465 1.53653069
18.961221 1.53653917
19.059977 1.53654761
19.158734 1.53655597
19.257490 1.53656420
19.356247 1.53657226
19.455003 1.53658008
19.553759 1.53658760
19.652516 1.53659474
19.751272 1.53660137
19.850028 1.53660740
19.948785 1.53661265
20.047541 1.53661695
20.146297 1.53662008
20.245054 1.53662178
20.343810 1.53662172
20.442567 1.53661952
20.541323 1.53661469
20.640079 1.53660667
20.738836 1.53659475
20.837592 1.53657809
20.936348 1.53655564
21.035105 1.53652614
21.133861 1.53648801
21.232617 1.53643936
21.331374 1.53637782
21.430130 1.53630047
21.528886 1.53620373
21.627643 1.53608312
21.726399 1.53593307
21.825156 1.53574663
21.923912 1.53551505
22.022668 1.53522736
22.121425 1.53486965
22.220181 1.53442429
22.318937 1.53386877
22.417694 1.53317429
22.516450 1.53230374
22.615206 1.53120920
22.713963 1.52982832
22.812719 1.52807982
22.911476 1.52585693
23.010232 1.52301907
23.108988 1.51937986
23.207745 1.51469161
23.306501 1.50862287
23.405257 1.50072932
23.504014 1.49041120
23.602770 1.47685796
23.701526 1.45896680
23.800283 1.43523615
23.899039 1.40360932
23.997795 1.36126794
24.096552 1.30433393
24.195308 1.22747023
24.294065 1.12333405
24.392821 0.98181041
24.491577 0.78911338
24.590334 0.52631372
24.689090 0.16900230
24.787846 -0.30288614
24.886603 -0.84410759
24.985359 -1.23507239
25.084115 -1.24592189
25.182872 -1.02912472
25.281628 -0.93388990
25.380385 -1.14887739
25.479141 -1.73583918
25.577897 -2.72752407
25.676654 -4.15301553
25.775410 -6.01770636
25.874166 -8.21819661
25.972923 -10.37421869
26.071679 -11.79892294
26.170435 -11.98207625
26.269192 -11.19241261
26.367948 -10.28332089
26.466704 -9.97365097
26.565461 -10.46761457
26.664217 -11.40709322
26.762974 -11.98545340
26.861730 -11.47372577
26.960486 -9.87910196
27.059243 -7.84941917
27.157999 -5.99227643
27.256755 -4.55448983
27.355512 -3.55598125
27.454268 -2.96182595
27.553024 -2.75565317
27.651781 -2.95481248
27.750537 -3.60173260
27.849294 -4.74594319
27.948050 -6.39414161
28.046806 -8.37824741
28.145563 -10.18590445
28.244319 -11.08989055
28.343075 -10.78483903
28.441832 -9.78964451
28.540588 -8.96633306
28.639344 -8.87165266
28.738101 -9.57021358
28.836857 -10.62685410
28.935613 -11.21104247
29.034370 -10.64330643
29.133126 -9.01663549
29.231883 -7.02093709
29.330639 -5.25814714
29.429395 -3.96470776
29.528152 -3.15520199
29.626908 -2.78130702
29.725664 -2.80131856
29.824421 -3.20552418
29.923177 -4.02011764
30.021933 -5.29152918
30.120690 -7.02081758
30.219446 -9.00512994
30.318203 -10.68133841
30.416959 -11.34695483
30.515715 -10.83332355
30.614472 -9.77139413
30.713228 -9.00783811
30.811984 -9.02046975
30.910741 -9.79596914
31.009497 -10.82530540
31.108253 -11.25354724
31.207010 -10.48985372
31.305766 -8.75092728
31.404522 -6.75338338
31.503279 -5.04623842
31.602035 -3.81800182
31.700792 -3.06437399
31.799548 -2.73442891
31.898304 -2.79007196
31.997061 -3.22751210
32.095817 -4.07830076
32.194573 -5.38964131
32.293330 -7.15115987
32.392086 -9.12738424
32.490842 -10.72004637
32.589599 -11.24838075
32.688355 -10.62961672
32.787112 -9.55264754
32.885868 -8.84472454
32.984624 -8.93001106
33.083381 -9.73543265
33.182137 -10.68950926
33.280893 -10.92700208
33.379650 -9.94810683
33.478406 -8.07450130
33.577162 -6.03620008
33.675919 -4.33878122
33.774675 -3.14222049
33.873431 -2.44003085
33.972188 -2.18868267
34.070944 -2.35483025
34.169701 -2.93274863
34.268457 -3.94587673
34.367213 -5.42604641
34.465970 -7.32738199
34.564726 -9.34288112
34.663482 -10.81469949
34.762239 -11.13049660
34.860995 -10.38400325
34.959751 -9.35754303
35.058508 -8.82544769
35.157264 -9.10840374
35.256021 -10.02383529
35.354777 -10.89966189
35.453533 -10.88641760
35.552290 -9.66520937
35.651046 -7.71576700
35.749802 -5.75642709
35.848559 -4.20461699
35.947315 -3.16416702
36.046071 -2.60956855
36.144828 -2.49065264
36.243584 -2.76778279
36.342340 -3.42853913
36.441097 -4.49253949
36.539853 -5.99089816
36.638610 -7.87209341
36.737366 -9.81027136
36.836122 -11.14148735
36.934879 -11.30979006
37.033635 -10.50053948
37.132391 -9.53155233
37.231148 -9.13122485
37.329904 -9.50470081
37.428660 -10.27654270
37.527417 -10.62524614
37.626173 -9.85533860
37.724929 -8.03707194
37.823686 -5.83404006
37.922442 -3.83128063
38.021199 -2.26321556
38.119955 -1.15015377
38.218711 -0.45410780
38.317468 -0.13581391
38.416224 -0.15436333
38.514980 -0.41454093
38.613737 -0.65044769
38.712493 -0.53051267
38.811249 -0.07676044
38.910006 0.43115396
39.008762 0.84741411
39.107519 1.16316100
39.206275 1.40082609
39.305031 1.57985239
39.403788 1.71413062
39.502544 1.81286883
39.601300 1.88257806
39.700057 1.92835212
39.798813 1.95371798
39.897569 1.96249188
39.996326 1.96258121
40.095082 1.96189297
40.193838 1.96101934
40.292595 1.96007957
40.391351 1.95910910
40.490108 1.95812155
40.588864 1.95712328
40.687620 1.95611778
40.786377 1.95510716
40.885133 1.95409285
40.983889 1.95307580
41.082646 1.95205673
41.181402 1.95103614
41.280158 1.95001441
41.378915 1.94899186
41.477671 1.94796883
41.576428 1.94694576
41.675184 1.94592349
41.773940 1.94490380
41.872697 1.94389100
41.971453 1.94289763
42.070209 1.94197167
42.168966 1.94134878
42.267722 1.94175192
42.366478 1.94309215
42.465235 1.94490448
42.563991 1.94644806
42.662747 1.94659446
42.761504 1.94365542
42.860260 1.93511546
42.959017 1.91723060
43.057773 1.88457763
43.156529 1.82913412
43.255286 1.74001574
43.354042 1.60607026
43.452798 1.42568173
43.551555 1.22844451
43.650311 1.08478450
43.749067 1.06347265
43.847824 1.16565546
43.946580 1.32340644
44.045337 1.46337076
44.144093 1.54888676
44.242849 1.57354445
44.341606 1.54161484
44.440362 1.45747144
44.539118 1.32432563
44.637875 1.14851871
44.736631 0.95163781
44.835387 0.78357700
44.934144 0.70258516
45.032900 0.71750578
45.131656 0.76513397
45.230413 0.75864322
45.329169 0.64047469
45.427926 0.40546396
45.526682 0.12409274
45.625438 -0.06019363
45.724195 -0.02115942
45.822951 0.23730543
45.921707 0.59108810
46.020464 0.91141653
46.119220 1.13709628
46.217976 1.26199303
46.316733 1.29903401
46.415489 1.25964575
46.514246 1.14908487
46.613002 0.96702276
46.711758 0.71068979
46.810515 0.38648606
46.909271 0.03686592
47.008027 -0.23898704
47.106784 -0.33474482
47.205540 -0.24167469
47.304296 -0.05488858
47.403053 0.14871306
47.501809 0.36754899
47.600565 0.60627897
47.699322 0.84749314
47.798078 1.07477744
47.896835 1.26941734
47.995591 1.42042335
48.094347 1.53232117
48.193104 1.61458175
48.291860 1.67523595
48.390616 1.72010183
48.489373 1.75314381
48.588129 1.77702546
48.686885 1.79329266
48.785642 1.80257729
48.884398 1.80580010
48.983155 1.80597508
49.081911 1.80521747
49.180667 1.80428731
49.279424 1.80330445
49.378180 1.80229979
49.476936 1.80128461
49.575693 1.80026391
49.674449 1.79924015
49.773205 1.79821463
49.871962 1.79718808
49.970718 1.79616090
50.069474 1.79513335
50.168231 1.79410556
50.266987 1.79307763
50.365744 1.79204960
50.464500 1.79102152
50.563256 1.78999341
50.662013 1.78896527
50.760769 1.78793762
50.859525 1.78691526
50.958282 1.78589868
51.057038 1.78488789
51.155794 1.78388289
51.254551 1.78288368
51.353307 1.78189026
51.452064 1.78090263
51.550820 1.77992079
51.649576 1.77894474
51.748333 1.77797448
51.847089 1.77701001
51.945845 1.77605133
52.044602 1.77509844
52.143358 1.77415134
52.242114 1.77321002
52.340871 1.77227450
52.439627 1.77134477
52.538383 1.77042082
52.637140 1.76950267
52.735896 1.76859030
52.834653 1.76768372
52.933409 1.76678293
53.032165 1.76588793
53.130922 1.76499872
53.229678 1.76411530
53.328434 1.76323767
53.427191 1.76236583
53.525947 1.76149978
53.624703 1.76063951
53.723460 1.75978504
53.822216 1.75893635
53.920973 1.75809346
54.019729 1.75725635
54.118485 1.75642503
54.217242 1.75559950
54.315998 1.75477976
54.414754 1.75396582
54.513511 1.75315766
54.612267 1.75235529
54.711023 1.75155871
54.809780 1.75076791
54.908536 1.74998291
55.007292 1.74920370
55.106049 1.74843028
55.204805 1.74766265
55.303562 1.74690080
55.402318 1.74614475
55.501074 1.74539449
55.599831 1.74465001
55.698587 1.74391133
55.797343 1.74317843
55.896100 1.74245133
55.994856 1.74173001
56.093612 1.74101449
56.192369 1.74030475
56.291125 1.73960081
56.389882 1.73890265
56.488638 1.73821028
56.587394 1.73752371
56.686151 1.73684292
56.784907 1.73616792
56.883663 1.73549872
56.982420 1.73483530
57.081176 1.73417768
57.179932 1.73352584
57.278689 1.73287979
57.377445 1.73223954
57.476201 1.73160507
57.574958 1.73097639
57.673714 1.73035351
57.772471 1.72973641
57.871227 1.72912511
57.969983 1.72851959
58.068740 1.72791986
58.167496 1.72732593
58.266252 1.72673778
58.365009 1.72615543
58.463765 1.72557886
58.562521 1.72500809
58.661278 1.72444310
58.760034 1.72388391
58.858791 1.72333050
58.957547 1.72278289
59.056303 1.72224107
59.155060 1.72170503
59.253816 1.72117479
59.352572 1.72065034
59.451329 1.72013167
59.550085 1.71961880
59.648841 1.71911172
59.747598 1.71861043
59.846354 1.71811492
59.945110 1.71762521
60.043867 1.71714129
60.142623 1.71666316
60.241380 1.71619082
60.340136 1.71572427
60.438892 1.71526351
60.537649 1.71480854
60.636405 1.71435937
60.735161 1.71391598
60.833918 1.71347838
60.932674 1.71304657
61.031430 1.71262056
61.130187 1.71220033
61.228943 1.71178589
61.327700 1.71137725
61.426456 1.71097439
61.525212 1.71057733
61.623969 1.71018605
61.722725 1.70980057
61.821481 1.70942088
61.920238 1.70904697
62.018994 1.70867886
62.117750 1.70831654
62.216507 1.70796001
62.315263 1.70760927
62.414019 1.70726432
62.512776 1.70692516
62.611532 1.70659179
62.710289 1.70626421
62.809045 1.70594242
62.907801 1.70562642
63.006558 1.70531622
63.105314 1.70501180
63.204070 1.70471317
63.302827 1.70442034
63.401583 1.70413329
63.500339 1.70385204
63.599096 1.70357657
63.697852 1.70330690
63.796609 1.70304302
63.895365 1.70278492
63.994121 1.70253262
64.092878 1.70228611
64.191634 1.70204539
64.290390 1.70181046
64.389147 1.70158132
64.487903 1.70135797
64.586659 1.70114041
64.685416 1.70092864
64.784172 1.70072267
64.882928 1.70052248
64.981685 1.70032808
65.080441 1.70013948
65.179198 1.69995666
65.277954 1.69977963
65.376710 1.69960840
65.475467 1.69944296
65.574223 1.69928330
65.672979 1.69912944
65.771736 1.69898137
65.870492 1.69883909
65.969248 1.69870259
66.068005 1.69857189
66.166761 1.69844698
66.265518 1.69832786
66.364274 1.69821453
66.463030 1.69810700
66.561787 1.69800525
66.660543 1.69790929
66.759299 1.69781912
66.858056 1.69773475
66.956812 1.69765616
67.055568 1.69758336
67.154325 1.69751636
67.253081 1.69745514
67.351837 1.69739972
67.450594 1.69735009
67.549350 1.69730624
67.648107 1.69726819
67.746863 1.69723593
67.845619 1.69720945
67.944376 1.69718877
68.043132 1.69717388
68.141888 1.69716478
68.240645 1.69716147
68.339401 1.69716395
68.438157 1.69717222
68.536914 1.69718628
68.635670 1.69720614
68.734427 1.69723178
68.833183 1.69726321
68.931939 1.69730043
69.030696 1.69734345
69.129452 1.69739225
69.228208 1.69744684
69.326965 1.69750723
69.425721 1.69757340
69.524477 1.69764537
69.623234 1.69772312
69.721990 1.69780667
69.820746 1.69789600
69.919503 1.69799113
70.018259 1.69809205
70.117016 1.69819876
70.215772 1.69831125
70.314528 1.69842954
70.413285 1.69855362
70.512041 1.69868349
70.610797 1.69881915
70.709554 1.69896060
70.808310 1.69910783
70.907066 1.69926086
71.005823 1.69941968
71.104579 1.69958429
71.203336 1.69975470
71.302092 1.69993089
71.400848 1.70011287
71.499605 1.70030064
71.598361 1.70049421
71.697117 1.70069306
71.795874 1.70089242
71.894630 1.70109177
71.993386 1.70129113
72.092143 1.70149048
72.190899 1.70168983
72.289655 1.70188918
72.388412 1.70208855
72.487168 1.70228806
72.585925 1.70248727
