0.098756 1.55698238
0.197513 1.55698534
0.296269 1.55698220
0.395025 1.55698189
0.493782 1.55698194
0.592538 1.55698199
0.691295 1.55698203
0.790051 1.55698208
0.888807 1.55698212
0.987564 1.55698216
1.086320 1.55698220
1.185076 1.55698224
1.283833 1.55698227
1.382589 1.55698230
1.481345 1.55698232
1.580102 1.55698235
1.678858 1.55698237
1.777614 1.55698238
1.876371 1.55698239
1.975127 1.55698239
2.073884 1.55698239
2.172640 1.55698239
2.271396 1.55698238
2.370153 1.55698236
2.468909 1.55698234
2.567665 1.55698231
2.666422 1.55698227
2.765178 1.55698223
2.863934 1.55698218
2.962691 1.55698213
3.061447 1.55698206
3.160204 1.55698199
3.258960 1.55698191
3.357716 1.55698183
3.456473 1.55698173
3.555229 1.55698162
3.653985 1.55698151
3.752742 1.55698139
3.851498 1.55698126
3.950254 1.55698111
4.049011 1.55698096
4.147767 1.55698080
4.246523 1.55698063
4.345280 1.55698044
4.444036 1.55698025
4.542793 1.55698004
4.641549 1.55697983
4.740305 1.55697960
4.839062 1.55697936
4.937818 1.55697911
5.036574 1.55697884
5.135331 1.55697856
5.234087 1.55697827
5.332843 1.55697797
5.431600 1.55697765
5.530356 1.55697732
5.629113 1.55697698
5.727869 1.55697662
5.826625 1.55697624
5.925382 1.55697586
6.024138 1.55697545
6.122894 1.55697504
6.221651 1.55697460
6.320407 1.55697415
6.419163 1.55697369
6.517920 1.55697321
6.616676 1.55697271
6.715432 1.55697220
6.814189 1.55697167
6.912945 1.55697112
7.011702 1.55697056
7.110458 1.55696998
7.209214 1.55696938
7.307971 1.55696876
7.406727 1.55696812
7.505483 1.55696747
7.604240 1.55696680
7.702996 1.55696610
7.801752 1.55696539
7.900509 1.55696466
7.999265 1.55696391
8.098022 1.55696314
8.196778 1.55696235
8.295534 1.55696154
8.394291 1.55696071
8.493047 1.55695986
8.591803 1.55695899
8.690560 1.55695810
8.789316 1.55695718
8.888072 1.55695625
8.986829 1.55695529
9.085585 1.55695431
9.184341 1.55695331
9.283098 1.55695228
9.381854 1.55695124
9.480611 1.55695017
9.579367 1.55694907
9.678123 1.55694796
9.776880 1.55694682
9.875636 1.55694565
9.974392 1.55694447
10.073149 1.55694325
10.171905 1.55694202
10.270661 1.55694076
10.369418 1.55693947
10.468174 1.55693816
10.566931 1.55693683
10.665687 1.55693547
10.764443 1.55693408
10.863200 1.55693267
10.961956 1.55693123
11.060712 1.55692977
11.159469 1.55692828
11.258225 1.55692676
11.356981 1.55692522
11.455738 1.55692365
11.554494 1.55692205
11.653250 1.55692043
11.752007 1.55691878
11.850763 1.55691710
11.949520 1.55691540
12.048276 1.55691366
12.147032 1.55691190
12.245789 1.55691011
12.344545 1.55690829
12.443301 1.55690645
12.542058 1.55690457
12.640814 1.55690267
12.739570 1.55690074
12.838327 1.55689878
12.937083 1.55689679
13.035840 1.55689477
13.134596 1.55689272
13.233352 1.55689064
13.332109 1.55688853
13.430865 1.55688639
13.529621 1.55688423
13.628378 1.55688203
13.727134 1.55687980
13.825890 1.55687754
13.924647 1.55687526
14.023403 1.55687294
14.122159 1.55687059
14.220916 1.55686821
14.319672 1.55686580
14.418429 1.55686336
14.517185 1.55686089
14.615941 1.55685838
14.714698 1.55685585
14.813454 1.55685328
14.912210 1.55685068
15.010967 1.55684805
15.109723 1.55684539
15.208479 1.55684270
15.307236 1.55683998
15.405992 1.55683722
15.504749 1.55683443
15.603505 1.55683161
15.702261 1.55682876
15.801018 1.55682587
15.899774 1.55682296
15.998530 1.55682000
16.097287 1.55681702
16.196043 1.55681400
16.294799 1.55681095
16.393556 1.55680787
16.492312 1.55680475
16.591068 1.55680160
16.689825 1.55679841
16.788581 1.55679519
16.887338 1.55679193
16.986094 1.55678863
17.084850 1.55678530
17.183607 1.55678193
17.282363 1.55677852
17.381119 1.55677506
17.479876 1.55677157
17.578632 1.55676803
17.677388 1.55676444
17.776145 1.55676080
17.874901 1.55675712
17.973658 1.55675337
18.072414 1.55674956
18.171170 1.55674568
18.269927 1.55674174
18.368683 1.55673770
18.467439 1.55673358
18.566196 1.55672935
18.664952 1.55672501
18.763708 1.55672053
18.862465 1.55671590
18.961221 1.55671109
19.059977 1.55670608
19.158734 1.55670083
19.257490 1.55669530
19.356247 1.55668943
19.455003 1.55668318
19.553759 1.55667647
19.652516 1.55666922
19.751272 1.55666131
19.850028 1.55665264
19.948785 1.55664304
20.047541 1.55663234
20.146297 1.55662031
20.245054 1.55660671
20.343810 1.55659119
20.442567 1.55657338
20.541323 1.55655280
20.640079 1.55652890
20.738836 1.55650095
20.837592 1.55646813
20.936348 1.55642938
21.035105 1.55638344
21.133861 1.55632875
21.232617 1.55626341
21.331374 1.55618504
21.430130 1.55609074
21.528886 1.55597690
21.627643 1.55583904
21.726399 1.55567156
21.825156 1.55546749
21.923912 1.55521804
22.022668 1.55491217
22.121425 1.55453587
22.220181 1.55407140
22.318937 1.55349605
22.417694 1.55278079
22.516450 1.55188815
22.615206 1.55076973
22.713963 1.54936251
22.812719 1.54758430
22.911476 1.54532703
23.010232 1.54244841
23.108988 1.53875961
23.207745 1.53400964
23.306501 1.52786244
23.405257 1.51986738
23.504014 1.50941588
23.602770 1.49568527
23.701526 1.47755580
23.800283 1.45350251
23.899039 1.42143592
23.997795 1.37849230
24.096552 1.32073019
24.195308 1.24272480
24.294065 1.13701251
24.392821 0.99331153
24.491577 0.79761242
24.590334 0.53069034
24.689090 0.16792383
24.787846 -0.30942736
24.886603 -0.84887221
24.985359 -1.22140443
25.084115 -1.21289603
25.182872 -0.99545331
25.281628 -0.91495305
25.380385 -1.14950924
25.479141 -1.75733070
25.577897 -2.77072919
25.676654 -4.21867739
25.775410 -6.10453221
25.874166 -8.31568921
25.972923 -10.45385058
26.071679 -11.82467298
26.170435 -11.94640089
26.269192 -11.13033173
26.367948 -10.23995105
26.466704 -9.97225571
26.565461 -10.50280464
26.664217 -11.44559178
26.762974 -11.98072584
26.861730 -11.40479426
26.960486 -9.76944362
27.059243 -7.73725414
27.157999 -5.89959344
27.256755 -4.48619791
27.355512 -3.51053892
27.454268 -2.93747099
27.553024 -2.75203525
27.651781 -2.97287882
27.750537 -3.64312764
27.849294 -4.81186613
27.948050 -6.48182904
28.046806 -8.47285825
28.145563 -10.25628507
28.244319 -11.10797183
28.343075 -10.75686281
28.441832 -9.75294331
28.540588 -8.95592987
28.639344 -8.90131038
28.738101 -9.63082349
28.836857 -10.68584835
28.935613 -11.22646018
29.034370 -10.60001343
29.133126 -8.93999768
29.231883 -6.94659962
29.330639 -5.20482583
29.429395 -3.93465625
29.528152 -3.14377820
29.626908 -2.78298206
29.725664 -2.81255048
29.824421 -3.22610964
29.923177 -4.05298098
30.021933 -5.34049709
30.120690 -7.08522160
30.219446 -9.07085584
30.318203 -10.71921992
30.416959 -11.33531425
30.515715 -10.78478366
30.614472 -9.72289454
30.713228 -8.98938543
30.811984 -9.04107301
30.910741 -9.84188613
31.009497 -10.85918634
31.108253 -11.23310093
31.207010 -10.40604134
31.305766 -8.63471802
31.404522 -6.64115587
31.503279 -4.95637590
31.602035 -3.75490659
31.700792 -3.02780995
31.799548 -2.72358339
31.898304 -2.80420824
31.997061 -3.26584379
32.095817 -4.13991902
32.194573 -5.47280821
32.293330 -7.24961784
32.392086 -9.22282177
32.490842 -10.78244630
32.589599 -11.25936263
32.688355 -10.60542366
32.787112 -9.53023947
32.885868 -8.85195235
32.984624 -8.97363578
33.083381 -9.79866497
33.182137 -10.73189755
33.280893 -10.90767417
33.379650 -9.86449879
33.478406 -7.96218175
33.577162 -5.93090882
33.675919 -4.25602124
33.774675 -3.08335828
33.873431 -2.40163603
33.972188 -2.16682622
34.070944 -2.34658660
34.169701 -2.93674403
34.268457 -3.96207594
34.367213 -5.45408091
34.465970 -7.36192770
34.564726 -9.36707252
34.663482 -10.80370292
34.762239 -11.07404641
34.860995 -10.30118812
34.959751 -9.27962356
35.058508 -8.77219357
35.157264 -9.07949442
35.256021 -9.99453764
35.354777 -10.82327862
35.453533 -10.72489044
35.552290 -9.42453871
35.651046 -7.43376165
35.749802 -5.46459463
35.848559 -3.91664245
35.947315 -2.88664609
36.046071 -2.35146886
36.144828 -2.26539558
36.243584 -2.58962500
36.342340 -3.30622784
36.441097 -4.42434370
36.539853 -5.96371905
36.638610 -7.86300782
36.737366 -9.78809377
36.836122 -11.07524532
36.934879 -11.18847157
37.033635 -10.34110367
37.132391 -9.36019220
37.231148 -8.96190806
37.329904 -9.32974070
37.428660 -10.06364518
37.527417 -10.33178023
37.626173 -9.46467105
37.724929 -7.57411824
37.823686 -5.33693077
37.922442 -3.32328334
38.021199 -1.75100501
38.119955 -0.63167738
38.218711 0.07581321
38.317468 0.41045264
38.416224 0.41245732
38.514980 0.18225175
38.613737 -0.00429143
38.712493 0.17520429
38.811249 0.67480499
38.910006 1.21472805
39.008762 1.65962440
39.107519 2.00410039
39.206275 2.27015918
39.305031 2.47617322
39.403788 2.63548845
39.502544 2.75711256
39.601300 2.84638745
39.700057 2.90717997
39.798813 2.94306493
39.897569 2.95720808
39.996326 2.95997279
40.095082 2.96142508
40.193838 2.96251795
40.292595 2.96346692
40.391351 2.96434478
40.490108 2.96518310
40.588864 2.96599775
40.687620 2.96679754
40.786377 2.96758765
40.885133 2.96837132
40.983889 2.96915062
41.082646 2.96992696
41.181402 2.97070129
41.280158 2.97147433
41.378915 2.97224669
41.477671 2.97301898
41.576428 2.97379197
41.675184 2.97456692
41.773940 2.97534617
41.872697 2.97613471
41.971453 2.97694556
42.070209 2.97782451
42.168966 2.97897950
42.267722 2.98117457
42.366478 2.98438008
42.465235 2.98814815
42.563991 2.99175707
42.662747 2.99410774
42.761504 2.99355596
42.860260 2.98764996
42.959017 2.97275465
43.057773 2.94358704
43.156529 2.89233636
43.255286 2.80831793
43.354042 2.68018625
43.452798 2.50489306
43.551555 2.30896003
43.650311 2.16043780
43.749067 2.13068949
43.847824 2.22730049
43.946580 2.38576035
44.045337 2.53093460
44.144093 2.62316284
44.242849 2.65453991
44.341606 2.62906120
44.440362 2.55122198
44.539118 2.42425921
44.637875 2.25385375
44.736631 2.05956150
44.835387 1.88886454
44.934144 1.80134168
45.032900 1.81218865
45.131656 1.86327204
45.230413 1.86710004
45.329169 1.76166963
45.427926 1.53485202
45.526682 1.24931006
45.625438 1.04793726
45.724195 1.06878010
45.822951 1.32056885
45.921707 1.67982834
46.020464 2.01079647
46.119220 2.24712913
46.217976 2.38132702
46.316733 2.42661436
46.415489 2.39496333
46.514246 2.29211290
46.613002 2.11804965
46.711758 1.86972305
46.810515 1.55142954
46.909271 1.20065436
47.008027 0.91276739
47.106784 0.79956851
47.205540 0.88258937
47.304296 1.07353142
47.403053 1.28835887
47.501809 1.51067137
47.600565 1.74485817
47.699322 1.98531312
47.798078 2.21756026
47.896835 2.41873268
47.995591 2.57574101
48.094347 2.69280630
48.193104 2.77954682
48.291860 2.84416774
48.390616 2.89261866
48.489373 2.92896167
48.588129 2.95592309
48.686885 2.97510978
48.785642 2.98724366
48.884398 2.99290082
48.983155 2.99505072
49.081911 2.99615128
49.180667 2.99705020
49.279424 2.99788325
49.378180 2.99868691
49.476936 2.99947521
49.575693 3.00025480
49.674449 3.00102918
49.773205 3.00180032
49.871962 3.00256940
49.970718 3.00333714
50.069474 3.00410399
50.168231 3.00487025
50.266987 3.00563609
50.365744 3.00640167
50.464500 3.00716705
50.563256 3.00793229
50.662013 3.00869744
50.760769 3.00946228
50.859525 3.01022438
50.958282 3.01098352
51.057038 3.01173970
51.155794 3.01249293
51.254551 3.01324322
51.353307 3.01399056
51.452064 3.01473497
51.550820 3.01547643
51.649576 3.01621497
51.748333 3.01695056
51.847089 3.01768323
51.945845 3.01841296
52.044602 3.01913975
52.143358 3.01986362
52.242114 3.02058455
52.340871 3.02130255
52.439627 3.02201761
52.538383 3.02272975
52.637140 3.02343895
52.735896 3.02414522
52.834653 3.02484856
52.933409 3.02554896
53.032165 3.02624644
53.130922 3.02694098
53.229678 3.02763259
53.328434 3.02832127
53.427191 3.02900702
53.525947 3.02968983
53.624703 3.03036972
53.723460 3.03104667
53.822216 3.03172069
53.920973 3.03239177
54.019729 3.03305993
54.118485 3.03372515
54.217242 3.03438745
54.315998 3.03504681
54.414754 3.03570323
54.513511 3.03635673
54.612267 3.03700729
54.711023 3.03765493
54.809780 3.03829963
54.908536 3.03894140
55.007292 3.03958023
55.106049 3.04021614
55.204805 3.04084911
55.303562 3.04147915
55.402318 3.04210626
55.501074 3.04273043
55.599831 3.04335168
55.698587 3.04396999
55.797343 3.04458537
55.896100 3.04519782
55.994856 3.04580733
56.093612 3.04641392
56.192369 3.04701757
56.291125 3.04761829
56.389882 3.04821607
56.488638 3.04881093
56.587394 3.04940285
56.686151 3.04999184
56.784907 3.05057790
56.883663 3.05116103
56.982420 3.05174122
57.081176 3.05231848
57.179932 3.05289281
57.278689 3.05346421
57.377445 3.05403268
57.476201 3.05459821
57.574958 3.05516081
57.673714 3.05572048
57.772471 3.05627722
57.871227 3.05683102
57.969983 3.05738189
58.068740 3.05792983
58.167496 3.05847484
58.266252 3.05901691
58.365009 3.05955605
58.463765 3.06009227
58.562521 3.06062554
58.661278 3.06115589
58.760034 3.06168330
58.858791 3.06220778
58.957547 3.06272933
59.056303 3.06324795
59.155060 3.06376363
59.253816 3.06427638
59.352572 3.06478620
59.451329 3.06529309
59.550085 3.06579704
59.648841 3.06629806
59.747598 3.06679615
59.846354 3.06729131
59.945110 3.06778353
60.043867 3.06827283
60.142623 3.06875919
60.241380 3.06924261
60.340136 3.06972311
60.438892 3.07020067
60.537649 3.07067530
60.636405 3.07114700
60.735161 3.07161576
60.833918 3.07208159
60.932674 3.07254449
61.031430 3.07300446
61.130187 3.07346150
61.228943 3.07391560
61.327700 3.07436677
61.426456 3.07481501
61.525212 3.07526031
61.623969 3.07570268
61.722725 3.07614212
61.821481 3.07657863
61.920238 3.07701220
62.018994 3.07744285
62.117750 3.07787056
62.216507 3.07829533
62.315263 3.07871718
62.414019 3.07913609
62.512776 3.07955207
62.611532 3.07996512
62.710289 3.08037523
62.809045 3.08078241
62.907801 3.08118666
63.006558 3.08158798
63.105314 3.08198636
63.204070 3.08238181
63.302827 3.08277433
63.401583 3.08316392
63.500339 3.08355057
63.599096 3.08393429
63.697852 3.08431508
63.796609 3.08469294
63.895365 3.08506786
63.994121 3.08543985
64.092878 3.08580891
64.191634 3.08617503
64.290390 3.08653823
64.389147 3.08689849
64.487903 3.08725581
64.586659 3.08761021
64.685416 3.08796167
64.784172 3.08831020
64.882928 3.08865580
64.981685 3.08899846
65.080441 3.08933819
65.179198 3.08967499
65.277954 3.09000886
65.376710 3.09033979
65.475467 3.09066779
65.574223 3.09099286
65.672979 3.09131500
65.771736 3.09163420
65.870492 3.09195047
65.969248 3.09226381
66.068005 3.09257422
66.166761 3.09288169
66.265518 3.09318623
66.364274 3.09348784
66.463030 3.09378651
66.561787 3.09408225
66.660543 3.09437506
66.759299 3.09466494
66.858056 3.09495188
66.956812 3.09523589
67.055568 3.09551697
67.154325 3.09579512
67.253081 3.09607033
67.351837 3.09634261
67.450594 3.09661196
67.549350 3.09687837
67.648107 3.09714186
67.746863 3.09740241
67.845619 3.09766002
67.944376 3.09791471
68.043132 3.09816646
68.141888 3.09841528
68.240645 3.09866116
68.339401 3.09890412
68.438157 3.09914414
68.536914 3.09938123
68.635670 3.09961538
68.734427 3.09984661
68.833183 3.10007490
68.931939 3.10030025
69.030696 3.10052268
69.129452 3.10074217
69.228208 3.10095873
69.326965 3.10117236
69.425721 3.10138305
69.524477 3.10159081
69.623234 3.10179564
69.721990 3.10199754
69.820746 3.10219650
69.919503 3.10239253
70.018259 3.10258563
70.117016 3.10277579
70.215772 3.10296303
70.314528 3.10314733
70.413285 3.10332869
70.512041 3.10350713
70.610797 3.10368263
70.709554 3.10385520
70.808310 3.10402484
70.907066 3.10419154
71.005823 3.10435531
71.104579 3.10451615
71.203336 3.10467406
71.302092 3.10482903
71.400848 3.10498107
71.499605 3.10513017
71.598361 3.10527635
71.697117 3.10541984
71.795874 3.10556308
71.894630 3.10570632
71.993386 3.10584956
72.092143 3.10599281
72.190899 3.10613605
72.289655 3.10627929
72.388412 3.10642254
72.487168 3.10656586
72.585925 3.10670903
