0.098756 1.55385999
0.197513 1.55386239
0.296269 1.55385988
0.395025 1.55385963
0.493782 1.55385967
0.592538 1.55385972
0.691295 1.55385976
0.790051 1.55385979
0.888807 1.55385983
0.987564 1.55385985
1.086320 1.55385988
1.185076 1.55385990
1.283833 1.55385991
1.382589 1.55385992
1.481345 1.55385992
1.580102 1.55385992
1.678858 1.55385991
1.777614 1.55385989
1.876371 1.55385986
1.975127 1.55385982
2.073884 1.55385978
2.172640 1.55385972
2.271396 1.55385966
2.370153 1.55385958
2.468909 1.55385950
2.567665 1.55385940
2.666422 1.55385929
2.765178 1.55385917
2.863934 1.55385904
2.962691 1.55385889
3.061447 1.55385873
3.160204 1.55385856
3.258960 1.55385837
3.357716 1.55385817
3.456473 1.55385795
3.555229 1.55385772
3.653985 1.55385747
3.752742 1.55385721
3.851498 1.55385693
3.950254 1.55385663
4.049011 1.55385631
4.147767 1.55385598
4.246523 1.55385563
4.345280 1.55385525
4.444036 1.55385487
4.542793 1.55385446
4.641549 1.55385403
4.740305 1.55385358
4.839062 1.55385311
4.937818 1.55385261
5.036574 1.55385210
5.135331 1.55385157
5.234087 1.55385101
5.332843 1.55385043
5.431600 1.55384983
5.530356 1.55384920
5.629113 1.55384855
5.727869 1.55384788
5.826625 1.55384718
5.925382 1.55384646
6.024138 1.55384571
6.122894 1.55384493
6.221651 1.55384414
6.320407 1.55384331
6.419163 1.55384246
6.517920 1.55384158
6.616676 1.55384067
6.715432 1.55383974
6.814189 1.55383878
6.912945 1.55383779
7.011702 1.55383677
7.110458 1.55383573
7.209214 1.55383465
7.307971 1.55383355
7.406727 1.55383242
7.505483 1.55383125
7.604240 1.55383006
7.702996 1.55382883
7.801752 1.55382758
7.900509 1.55382629
7.999265 1.55382498
8.098022 1.55382363
8.196778 1.55382225
8.295534 1.55382084
8.394291 1.55381940
8.493047 1.55381792
8.591803 1.55381641
8.690560 1.55381487
8.789316 1.55381330
8.888072 1.55381169
8.986829 1.55381005
9.085585 1.55380838
9.184341 1.55380667
9.283098 1.55380493
9.381854 1.55380316
9.480611 1.55380135
9.579367 1.55379951
9.678123 1.55379763
9.776880 1.55379572
9.875636 1.55379377
9.974392 1.55379179
10.073149 1.55378977
10.171905 1.55378773
10.270661 1.55378564
10.369418 1.55378352
10.468174 1.55378136
10.566931 1.55377918
10.665687 1.55377695
10.764443 1.55377469
10.863200 1.55377239
10.961956 1.55377007
11.060712 1.55376770
11.159469 1.55376530
11.258225 1.55376286
11.356981 1.55376039
11.455738 1.55375788
11.554494 1.55375534
11.653250 1.55375276
11.752007 1.55375015
11.850763 1.55374750
11.949520 1.55374483
12.048276 1.55374211
12.147032 1.55373936
12.245789 1.55373657
12.344545 1.55373376
12.443301 1.55373090
12.542058 1.55372801
12.640814 1.55372509
12.739570 1.55372214
12.838327 1.55371914
12.937083 1.55371613
13.035840 1.55371307
13.134596 1.55370999
13.233352 1.55370686
13.332109 1.55370371
13.430865 1.55370052
13.529621 1.55369731
13.628378 1.55369405
13.727134 1.55369078
13.825890 1.55368746
13.924647 1.55368413
14.023403 1.55368075
14.122159 1.55367735
14.220916 1.55367391
14.319672 1.55367045
14.418429 1.55366696
14.517185 1.55366344
14.615941 1.55365988
14.714698 1.55365632
14.813454 1.55365270
14.912210 1.55364908
15.010967 1.55364541
15.109723 1.55364173
15.208479 1.55363801
15.307236 1.55363428
15.405992 1.55363051
15.504749 1.55362673
15.603505 1.55362291
15.702261 1.55361908
15.801018 1.55361521
15.899774 1.55361134
15.998530 1.55360742
16.097287 1.55360350
16.196043 1.55359954
16.294799 1.55359558
16.393556 1.55359157
16.492312 1.55358757
16.591068 1.55358352
16.689825 1.55357947
16.788581 1.55357538
16.887338 1.55357129
16.986094 1.55356716
17.084850 1.55356303
17.183607 1.55355885
17.282363 1.55355467
17.381119 1.55355046
17.479876 1.55354623
17.578632 1.55354196
17.677388 1.55353769
17.776145 1.55353337
17.874901 1.55352903
17.973658 1.55352464
18.072414 1.55352023
18.171170 1.55351576
18.269927 1.55351126
18.368683 1.55350668
18.467439 1.55350205
18.566196 1.55349733
18.664952 1.55349254
18.763708 1.55348762
18.862465 1.55348260
18.961221 1.55347742
19.059977 1.55347208
19.158734 1.55346651
19.257490 1.55346071
19.356247 1.55345460
19.455003 1.55344816
19.553759 1.55344127
19.652516 1.55343389
19.751272 1.55342589
19.850028 1.55341718
19.948785 1.55340756
20.047541 1.55339691
20.146297 1.55338496
20.245054 1.55337150
20.343810 1.55335617
20.442567 1.55333862
20.541323 1.55331835
20.640079 1.55329484
20.738836 1.55326735
20.837592 1.55323508
20.936348 1.55319696
21.035105 1.55315178
21.133861 1.55309795
21.232617 1.55303363
21.331374 1.55295643
21.430130 1.55286352
21.528886 1.55275128
21.627643 1.55261533
21.726399 1.55245009
21.825156 1.55224870
21.923912 1.55200244
22.022668 1.55170045
22.121425 1.55132886
22.220181 1.55087019
22.318937 1.55030199
22.417694 1.54959567
22.516450 1.54871426
22.615206 1.54761011
22.713963 1.54622111
22.812719 1.54446639
22.911476 1.54223958
23.010232 1.53940076
23.108988 1.53576426
23.207745 1.53108345
23.306501 1.52502818
23.405257 1.51715595
23.504014 1.50686932
23.602770 1.49336101
23.701526 1.47553244
23.800283 1.45188796
23.899039 1.42037868
23.997795 1.37819705
24.096552 1.32147939
24.195308 1.24490843
24.294065 1.14116756
24.392821 1.00017734
24.491577 0.80819781
24.590334 0.54635982
24.689090 0.19030613
24.787846 -0.28019108
24.886603 -0.82093348
24.985359 -1.21384353
25.084115 -1.22934794
25.182872 -1.01424277
25.281628 -0.91802616
25.380385 -1.13097490
25.479141 -1.71543446
25.577897 -2.70432262
25.676654 -4.12688212
25.775410 -5.98893186
25.874166 -8.18848468
25.972923 -10.34797776
26.071679 -11.78175245
26.170435 -11.97526385
26.269192 -11.19055372
26.367948 -10.27924931
26.466704 -9.96341781
26.565461 -10.45109944
26.664217 -11.38720019
26.762974 -11.96670449
26.861730 -11.45902307
26.960486 -9.86782999
27.059243 -7.83980973
27.157999 -5.98426094
27.256755 -4.54963442
27.355512 -3.55584624
27.454268 -2.96666583
27.553024 -2.76406153
27.651781 -2.96421306
27.750537 -3.60928074
27.849294 -4.74940504
27.948050 -6.39292410
28.046806 -8.37514507
28.145563 -10.18793980
28.244319 -11.10388581
28.343075 -10.81013583
28.441832 -9.81851412
28.540588 -8.99148439
28.639344 -8.89046472
28.738101 -9.58452638
28.836857 -10.64240516
28.935613 -11.23519037
29.034370 -10.67944323
29.133126 -9.06159134
29.231883 -7.06891288
29.330639 -5.30438578
29.429395 -4.00514683
29.528152 -3.18530004
29.626908 -2.79641125
29.725664 -2.79815765
29.824421 -3.18343401
29.923177 -3.98104374
30.021933 -5.23910433
30.120690 -6.96023382
30.219446 -8.94525926
30.318203 -10.63542268
30.416959 -11.32482657
30.515715 -10.83156812
30.614472 -9.77705087
30.713228 -9.01023766
30.811984 -9.01578714
30.910741 -9.78522490
31.009497 -10.81225497
31.108253 -11.24243421
31.207010 -10.48219044
31.305766 -8.74486179
31.404522 -6.74658931
31.503279 -5.03812558
31.602035 -3.80964463
31.700792 -3.05761383
31.799548 -2.73090780
31.898304 -2.79032507
31.997061 -3.23044714
32.095817 -4.08144712
32.194573 -5.39022750
32.293330 -7.14801538
32.392086 -9.12339597
32.490842 -10.72223363
32.589599 -11.26197230
32.688355 -10.65194002
32.787112 -9.57616211
32.885868 -8.86402800
32.984624 -8.94363504
33.083381 -9.74372863
33.182137 -10.69285784
33.280893 -10.92564324
33.379650 -9.94284436
33.478406 -8.06668581
33.577162 -6.02685282
33.675919 -4.32811590
33.774675 -3.12981330
33.873431 -2.42506593
33.972188 -2.17004242
34.070944 -2.33107009
34.169701 -2.90206100
34.268457 -3.90624048
34.367213 -5.37599939
34.465970 -7.26838213
34.564726 -9.28287664
34.663482 -10.76663403
34.762239 -11.10079788
34.860995 -10.36445468
34.959751 -9.33360301
35.058508 -8.78765822
35.157264 -9.05399731
35.256021 -9.95367822
35.354777 -10.81594290
35.453533 -10.79036612
35.552290 -9.55515793
35.651046 -7.58815931
35.749802 -5.60881509
35.848559 -4.03764962
35.947315 -2.98253504
36.046071 -2.42248481
36.144828 -2.31069281
36.243584 -2.60695608
36.342340 -3.29279489
36.441097 -4.37822931
36.539853 -5.88658156
36.638610 -7.76668384
36.737366 -9.70336885
36.836122 -11.04310996
36.934879 -11.22315744
37.033635 -10.41056738
37.132391 -9.41691109
37.231148 -8.97949129
37.329904 -9.31489098
37.428660 -10.05663010
37.527417 -10.38689941
37.626173 -9.60419809
37.724929 -7.76946623
37.823686 -5.54505373
37.922442 -3.52065726
38.021199 -1.93259258
38.119955 -0.79892221
38.218711 -0.07905886
38.317468 0.26664643
38.416224 0.27773256
38.514980 0.04823537
38.613737 -0.15661102
38.712493 -0.00604355
38.811249 0.47709112
38.910006 1.01329226
39.008762 1.45710314
39.107519 1.79954718
39.206275 2.06264594
39.305031 2.26523759
39.403788 2.42100559
39.502544 2.53913456
39.601300 2.62537136
39.700057 2.68426589
39.798813 2.71934480
39.897569 2.73353379
39.996326 2.73592574
40.095082 2.73698510
40.193838 2.73768768
40.292595 2.73825333
40.391351 2.73875304
40.490108 2.73921645
40.588864 2.73965821
40.687620 2.74008631
40.786377 2.74050548
40.885133 2.74091866
40.983889 2.74132775
41.082646 2.74173403
41.181402 2.74213838
41.280158 2.74254147
41.378915 2.74294385
41.477671 2.74334609
41.576428 2.74374895
41.675184 2.74415365
41.773940 2.74456256
41.872697 2.74498095
41.971453 2.74542309
42.070209 2.74594188
42.168966 2.74679947
42.267722 2.74873077
42.366478 2.75162722
42.465235 2.75501148
42.563991 2.75812783
42.662747 2.75982665
42.761504 2.75839113
42.860260 2.75126424
42.959017 2.73464699
43.057773 2.70303536
43.156529 2.64830642
43.255286 2.55947479
43.354042 2.42549980
43.452798 2.24545973
43.551555 2.05036666
43.650311 1.91163332
43.749067 1.89669549
43.847824 2.00377069
43.946580 2.16354650
44.045337 2.30360542
44.144093 2.38866948
44.242849 2.41299750
44.341606 2.38099122
44.440362 2.29698777
44.539118 2.16418223
44.637875 1.98911945
44.736631 1.79401699
44.835387 1.62945537
44.934144 1.55313433
45.032900 1.57184900
45.131656 1.62084073
45.230413 1.61336716
45.329169 1.49266119
45.427926 1.25472279
45.526682 0.97270363
45.625438 0.79373073
45.724195 0.84402942
45.822951 1.11370830
45.921707 1.47305277
46.020464 1.79355237
46.119220 2.01726352
46.217976 2.14020663
46.316733 2.17588925
46.415489 2.13564180
46.514246 2.02447631
46.613002 1.84185257
46.711758 1.58490951
46.810515 1.26037716
46.909271 0.91194791
47.008027 0.64050929
47.106784 0.55201750
47.205540 0.65216226
47.304296 0.84489422
47.403053 1.05470322
47.501809 1.27667587
47.600565 1.51403908
47.699322 1.75438912
47.798078 1.98253402
47.896835 2.17815048
47.995591 2.33011015
48.094347 2.44320823
48.193104 2.52692944
48.291860 2.58922229
48.390616 2.63583472
48.489373 2.67066817
48.588129 2.69633147
48.686885 2.71432262
48.785642 2.72525529
48.884398 2.72997428
48.983155 2.73158221
49.081911 2.73227757
49.180667 2.73279259
49.279424 2.73324860
49.378180 2.73367831
49.476936 2.73409436
49.575693 2.73450273
49.674449 2.73490653
49.773205 2.73530752
49.871962 2.73570673
49.970718 2.73610480
50.069474 2.73650211
50.168231 2.73689892
50.266987 2.73729539
50.365744 2.73769164
50.464500 2.73808773
50.563256 2.73848371
50.662013 2.73887962
50.760769 2.73927538
50.859525 2.73967010
50.958282 2.74006370
51.057038 2.74045618
51.155794 2.74084754
51.254551 2.74123781
51.353307 2.74162696
51.452064 2.74201502
51.550820 2.74240197
51.649576 2.74278783
51.748333 2.74317258
51.847089 2.74355624
51.945845 2.74393880
52.044602 2.74432026
52.143358 2.74470063
52.242114 2.74507989
52.340871 2.74545806
52.439627 2.74583513
52.538383 2.74621111
52.637140 2.74658599
52.735896 2.74695977
52.834653 2.74733245
52.933409 2.74770404
53.032165 2.74807453
53.130922 2.74844392
53.229678 2.74881222
53.328434 2.74917942
53.427191 2.74954552
53.525947 2.74991052
53.624703 2.75027443
53.723460 2.75063724
53.822216 2.75099895
53.920973 2.75135957
54.019729 2.75171909
54.118485 2.75207751
54.217242 2.75243484
54.315998 2.75279107
54.414754 2.75314620
54.513511 2.75350023
54.612267 2.75385317
54.711023 2.75420501
54.809780 2.75455575
54.908536 2.75490539
55.007292 2.75525394
55.106049 2.75560139
55.204805 2.75594775
55.303562 2.75629300
55.402318 2.75663716
55.501074 2.75698022
55.599831 2.75732219
55.698587 2.75766305
55.797343 2.75800282
55.896100 2.75834150
55.994856 2.75867907
56.093612 2.75901555
56.192369 2.75935093
56.291125 2.75968521
56.389882 2.76001840
56.488638 2.76035048
56.587394 2.76068147
56.686151 2.76101137
56.784907 2.76134016
56.883663 2.76166786
56.982420 2.76199446
57.081176 2.76231996
57.179932 2.76264436
57.278689 2.76296767
57.377445 2.76328988
57.476201 2.76361099
57.574958 2.76393101
57.673714 2.76424992
57.772471 2.76456774
57.871227 2.76488446
57.969983 2.76520008
58.068740 2.76551461
58.167496 2.76582804
58.266252 2.76614037
58.365009 2.76645160
58.463765 2.76676173
58.562521 2.76707077
58.661278 2.76737871
58.760034 2.76768555
58.858791 2.76799129
58.957547 2.76829593
59.056303 2.76859948
59.155060 2.76890193
59.253816 2.76920328
59.352572 2.76950353
59.451329 2.76980269
59.550085 2.77010074
59.648841 2.77039770
59.747598 2.77069356
59.846354 2.77098832
59.945110 2.77128199
60.043867 2.77157455
60.142623 2.77186602
60.241380 2.77215639
60.340136 2.77244566
60.438892 2.77273384
60.537649 2.77302091
60.636405 2.77330689
60.735161 2.77359177
60.833918 2.77387555
60.932674 2.77415823
61.031430 2.77443981
61.130187 2.77472030
61.228943 2.77499969
61.327700 2.77527798
61.426456 2.77555517
61.525212 2.77583126
61.623969 2.77610625
61.722725 2.77638015
61.821481 2.77665295
61.920238 2.77692465
62.018994 2.77719525
62.117750 2.77746475
62.216507 2.77773315
62.315263 2.77800046
62.414019 2.77826666
62.512776 2.77853177
62.611532 2.77879578
62.710289 2.77905869
62.809045 2.77932051
62.907801 2.77958122
63.006558 2.77984084
63.105314 2.78009936
63.204070 2.78035678
63.302827 2.78061310
63.401583 2.78086832
63.500339 2.78112244
63.599096 2.78137547
63.697852 2.78162739
63.796609 2.78187822
63.895365 2.78212795
63.994121 2.78237658
64.092878 2.78262411
64.191634 2.78287054
64.290390 2.78311588
64.389147 2.78336011
64.487903 2.78360325
64.586659 2.78384529
64.685416 2.78408623
64.784172 2.78432607
64.882928 2.78456481
64.981685 2.78480245
65.080441 2.78503900
65.179198 2.78527445
65.277954 2.78550879
65.376710 2.78574204
65.475467 2.78597419
65.574223 2.78620524
65.672979 2.78643519
65.771736 2.78666405
65.870492 2.78689180
65.969248 2.78711846
66.068005 2.78734401
66.166761 2.78756847
66.265518 2.78779183
66.364274 2.78801409
66.463030 2.78823525
66.561787 2.78845532
66.660543 2.78867428
66.759299 2.78889215
66.858056 2.78910891
66.956812 2.78932458
67.055568 2.78953915
67.154325 2.78975262
67.253081 2.78996499
67.351837 2.79017626
67.450594 2.79038643
67.549350 2.79059550
67.648107 2.79080348
67.746863 2.79101035
67.845619 2.79121613
67.944376 2.79142081
68.043132 2.79162439
68.141888 2.79182687
68.240645 2.79202825
68.339401 2.79222853
68.438157 2.79242771
68.536914 2.79262580
68.635670 2.79282278
68.734427 2.79301867
68.833183 2.79321345
68.931939 2.79340714
69.030696 2.79359973
69.129452 2.79379122
69.228208 2.79398161
69.326965 2.79417090
69.425721 2.79435910
69.524477 2.79454619
69.623234 2.79473218
69.721990 2.79491708
69.820746 2.79510087
69.919503 2.79528357
70.018259 2.79546517
70.117016 2.79564567
70.215772 2.79582507
70.314528 2.79600337
70.413285 2.79618057
70.512041 2.79635667
70.610797 2.79653168
70.709554 2.79670558
70.808310 2.79687839
70.907066 2.79705009
71.005823 2.79722070
71.104579 2.79739021
71.203336 2.79755861
71.302092 2.79772592
71.400848 2.79789213
71.499605 2.79805724
71.598361 2.79822125
71.697117 2.79838426
71.795874 2.79854717
71.894630 2.79871008
71.993386 2.79887300
72.092143 2.79903591
72.190899 2.79919882
72.289655 2.79936173
72.388412 2.79952466
72.487168 2.79968767
72.585925 2.79985049
