0.098756 1.54478593
0.197513 1.54478830
0.296269 1.54478572
0.395025 1.54478543
0.493782 1.54478544
0.592538 1.54478545
0.691295 1.54478546
0.790051 1.54478547
0.888807 1.54478549
0.987564 1.54478551
1.086320 1.54478553
1.185076 1.54478556
1.283833 1.54478559
1.382589 1.54478562
1.481345 1.54478566
1.580102 1.54478570
1.678858 1.54478574
1.777614 1.54478579
1.876371 1.54478585
1.975127 1.54478591
2.073884 1.54478598
2.172640 1.54478605
2.271396 1.54478613
2.370153 1.54478622
2.468909 1.54478631
2.567665 1.54478641
2.666422 1.54478652
2.765178 1.54478664
2.863934 1.54478676
2.962691 1.54478689
3.061447 1.54478703
3.160204 1.54478719
3.258960 1.54478734
3.357716 1.54478751
3.456473 1.54478769
3.555229 1.54478788
3.653985 1.54478808
3.752742 1.54478829
3.851498 1.54478851
3.950254 1.54478875
4.049011 1.54478899
4.147767 1.54478925
4.246523 1.54478952
4.345280 1.54478980
4.444036 1.54479009
4.542793 1.54479039
4.641549 1.54479071
4.740305 1.54479105
4.839062 1.54479139
4.937818 1.54479175
5.036574 1.54479213
5.135331 1.54479251
5.234087 1.54479292
5.332843 1.54479334
5.431600 1.54479377
5.530356 1.54479422
5.629113 1.54479468
5.727869 1.54479516
5.826625 1.54479566
5.925382 1.54479617
6.024138 1.54479670
6.122894 1.54479725
6.221651 1.54479782
6.320407 1.54479840
6.419163 1.54479900
6.517920 1.54479961
6.616676 1.54480025
6.715432 1.54480090
6.814189 1.54480158
6.912945 1.54480227
7.011702 1.54480298
7.110458 1.54480371
7.209214 1.54480446
7.307971 1.54480523
7.406727 1.54480602
7.505483 1.54480683
7.604240 1.54480765
7.702996 1.54480851
7.801752 1.54480938
7.900509 1.54481027
7.999265 1.54481118
8.098022 1.54481211
8.196778 1.54481307
8.295534 1.54481405
8.394291 1.54481504
8.493047 1.54481607
8.591803 1.54481711
8.690560 1.54481818
8.789316 1.54481926
8.888072 1.54482037
8.986829 1.54482151
9.085585 1.54482266
9.184341 1.54482384
9.283098 1.54482504
9.381854 1.54482627
9.480611 1.54482752
9.579367 1.54482879
9.678123 1.54483009
9.776880 1.54483141
9.875636 1.54483275
9.974392 1.54483412
10.073149 1.54483551
10.171905 1.54483693
10.270661 1.54483837
10.369418 1.54483983
10.468174 1.54484133
10.566931 1.54484284
10.665687 1.54484438
10.764443 1.54484594
10.863200 1.54484753
10.961956 1.54484914
11.060712 1.54485078
11.159469 1.54485244
11.258225 1.54485412
11.356981 1.54485583
11.455738 1.54485757
11.554494 1.54485933
11.653250 1.54486112
11.752007 1.54486292
11.850763 1.54486476
11.949520 1.54486662
12.048276 1.54486850
12.147032 1.54487041
12.245789 1.54487234
12.344545 1.54487430
12.443301 1.54487628
12.542058 1.54487828
12.640814 1.54488032
12.739570 1.54488237
12.838327 1.54488445
12.937083 1.54488655
13.035840 1.54488867
13.134596 1.54489082
13.233352 1.54489300
13.332109 1.54489519
13.430865 1.54489741
13.529621 1.54489965
13.628378 1.54490192
13.727134 1.54490420
13.825890 1.54490651
13.924647 1.54490884
14.023403 1.54491120
14.122159 1.54491357
14.220916 1.54491597
14.319672 1.54491839
14.418429 1.54492083
14.517185 1.54492329
14.615941 1.54492578
14.714698 1.54492827
14.813454 1.54493080
14.912210 1.54493334
15.010967 1.54493591
15.109723 1.54493848
15.208479 1.54494109
15.307236 1.54494370
15.405992 1.54494635
15.504749 1.54494900
15.603505 1.54495167
15.702261 1.54495436
15.801018 1.54495707
15.899774 1.54495979
15.998530 1.54496253
16.097287 1.54496528
16.196043 1.54496806
16.294799 1.54497083
16.393556 1.54497364
16.492312 1.54497644
16.591068 1.54497927
16.689825 1.54498210
16.788581 1.54498495
16.887338 1.54498779
16.986094 1.54499067
17.084850 1.54499353
17.183607 1.54499641
17.282363 1.54499929
17.381119 1.54500218
17.479876 1.54500506
17.578632 1.54500795
17.677388 1.54501082
17.776145 1.54501371
17.874901 1.54501656
17.973658 1.54501941
18.072414 1.54502223
18.171170 1.54502504
18.269927 1.54502780
18.368683 1.54503053
18.467439 1.54503319
18.566196 1.54503581
18.664952 1.54503833
18.763708 1.54504078
18.862465 1.54504309
18.961221 1.54504529
19.059977 1.54504729
19.158734 1.54504912
19.257490 1.54505068
19.356247 1.54505197
19.455003 1.54505289
19.553759 1.54505341
19.652516 1.54505340
19.751272 1.54505280
19.850028 1.54505145
19.948785 1.54504924
20.047541 1.54504594
20.146297 1.54504138
20.245054 1.54503527
20.343810 1.54502731
20.442567 1.54501709
20.541323 1.54500417
20.640079 1.54498795
20.738836 1.54496778
20.837592 1.54494277
20.936348 1.54491194
21.035105 1.54487398
21.133861 1.54482740
21.232617 1.54477024
21.331374 1.54470023
21.430130 1.54461442
21.528886 1.54450929
21.627643 1.54438036
21.726399 1.54422213
21.825156 1.54402766
21.923912 1.54378829
22.022668 1.54349306
22.121425 1.54312818
22.220181 1.54267604
22.318937 1.54211427
22.417694 1.54141414
22.516450 1.54053870
22.615206 1.53944012
22.713963 1.53805628
22.812719 1.53630603
22.911476 1.53408286
23.010232 1.53124643
23.108988 1.52761065
23.207745 1.52292816
23.306501 1.51686790
23.405257 1.50898595
23.504014 1.49868303
23.602770 1.48514905
23.701526 1.46728171
23.800283 1.44357996
23.899039 1.41198742
23.997795 1.36968600
24.096552 1.31279739
24.195308 1.23598396
24.294065 1.13190129
24.392821 0.99043154
24.491577 0.79778416
24.590334 0.53502285
24.689090 0.17774435
24.787846 -0.29392359
24.886603 -0.83386009
24.985359 -1.22128126
25.084115 -1.22978003
25.182872 -1.01227933
25.281628 -0.91759892
25.380385 -1.13304887
25.479141 -1.71985897
25.577897 -2.71068480
25.676654 -4.13461674
25.775410 -5.99729673
25.874166 -8.19638458
25.972923 -10.35369890
26.071679 -11.78351916
26.170435 -11.97304044
26.269192 -11.18682473
26.367948 -10.27719646
26.466704 -9.96482787
26.565461 -10.45552073
26.664217 -11.39161026
26.762974 -11.96676512
26.861730 -11.45279815
26.960486 -9.85762365
27.059243 -7.82936151
27.157999 -5.97580245
27.256755 -4.54380984
27.355512 -3.55272743
27.454268 -2.96635255
27.553024 -2.76684834
27.651781 -2.97058446
27.750537 -3.61983115
27.849294 -4.76463630
27.948050 -6.41254589
28.046806 -8.39642093
28.145563 -10.20472848
28.244319 -11.11038058
28.343075 -10.80722152
28.441832 -9.81342187
28.540588 -8.99117440
28.639344 -8.89781697
28.738101 -9.59833305
28.836857 -10.65767914
28.935613 -11.24544421
29.034370 -10.68227392
29.133126 -9.06077759
29.231883 -7.06954503
29.330639 -5.30827843
29.429395 -4.01067265
29.528152 -3.18909288
29.626908 -2.79507572
29.725664 -2.78974617
29.824421 -3.16830226
29.923177 -3.96162019
30.021933 -5.21868284
30.120690 -6.94128796
30.219446 -8.92771364
30.318203 -10.61627511
30.416959 -11.30124637
30.515715 -10.80502830
30.614472 -9.75260535
30.713228 -8.99229288
30.811984 -9.00566027
30.910741 -9.78000967
31.009497 -10.80384443
31.108253 -11.22133156
31.207010 -10.44644798
31.305766 -8.70218560
31.404522 -6.70638783
31.503279 -5.00586143
31.602035 -3.78785632
31.700792 -3.04812410
31.799548 -2.73530798
31.898304 -2.80932843
31.997061 -3.26328791
32.095817 -4.12606187
32.194573 -5.44413054
32.293330 -7.20914577
32.392086 -9.19030266
32.490842 -10.79392607
32.589599 -11.33855646
32.688355 -10.73559955
32.787112 -9.67061118
32.885868 -8.97314613
32.984624 -9.07140012
33.083381 -9.89553658
33.182137 -10.87667677
33.280893 -11.15044393
33.379650 -10.21471098
33.478406 -8.38773812
33.577162 -6.39774873
33.675919 -4.74907958
33.774675 -3.59855791
33.873431 -2.93374298
33.972188 -2.70312506
34.070944 -2.86539732
34.169701 -3.40971325
34.268457 -4.35982313
34.367213 -5.75543415
34.465970 -7.57053471
34.564726 -9.53304896
34.663482 -11.01199124
34.762239 -11.36857973
34.860995 -10.63039096
34.959751 -9.54863352
35.058508 -8.92015503
35.157264 -9.10303986
35.256021 -9.95061983
35.354777 -10.81994802
35.453533 -10.85096342
35.552290 -9.66609253
35.651046 -7.70033375
35.749802 -5.68043965
35.848559 -4.05331725
35.947315 -2.94307924
36.046071 -2.33488499
36.144828 -2.18391880
36.243584 -2.44923593
36.342340 -3.10823723
36.441097 -4.16445390
36.539853 -5.63767639
36.638610 -7.48723482
36.737366 -9.42962546
36.836122 -10.83553044
36.934879 -11.10623503
37.033635 -10.33368535
37.132391 -9.30033813
37.231148 -8.77413954
37.329904 -9.01566430
37.428660 -9.69433313
37.527417 -10.00760428
37.626173 -9.22856943
37.724929 -7.37477172
37.823686 -5.09828555
37.922442 -3.01253844
38.021199 -1.37754210
38.119955 -0.22064739
38.218711 0.49994193
38.317468 0.82994666
38.416224 0.81491839
38.514980 0.54926356
38.613737 0.29210250
38.712493 0.38194138
38.811249 0.81776447
38.910006 1.32164150
39.008762 1.73840169
39.107519 2.05497337
39.206275 2.29291209
39.305031 2.47138438
39.403788 2.60479958
39.502544 2.70338591
39.601300 2.77440081
39.700057 2.82268373
39.798813 2.85131560
39.897569 2.86272360
39.996326 2.86386979
40.095082 2.86411358
40.193838 2.86413911
40.292595 2.86408720
40.391351 2.86399958
40.490108 2.86389249
40.588864 2.86377357
40.687620 2.86364697
40.786377 2.86351516
40.885133 2.86337969
40.983889 2.86324163
41.082646 2.86310167
41.181402 2.86296032
41.280158 2.86281794
41.378915 2.86267481
41.477671 2.86253123
41.576428 2.86238764
41.675184 2.86224482
41.773940 2.86210455
41.872697 2.86197117
41.971453 2.86185734
42.070209 2.86181133
42.168966 2.86206988
42.267722 2.86336279
42.366478 2.86560565
42.465235 2.86833529
42.563991 2.87081193
42.662747 2.87190706
42.761504 2.86993201
42.860260 2.86236872
42.959017 2.84547597
43.057773 2.81382546
43.156529 2.75939832
43.255286 2.67130561
43.354042 2.53839650
43.452798 2.35903388
43.551555 2.16276806
43.650311 2.01999251
43.749067 1.99951154
43.847824 2.10255541
43.946580 2.26124653
44.045337 2.40221817
44.144093 2.48878184
44.242849 2.51451685
44.341606 2.48369868
44.440362 2.40071276
44.539118 2.26877370
44.637875 2.09418969
44.736631 1.89844570
44.835387 1.73131865
44.934144 1.65113763
45.032900 1.66706945
45.131656 1.71613297
45.230413 1.71134167
45.329169 1.59447899
45.427926 1.35920391
45.526682 1.07547724
45.625438 0.88890526
45.724195 0.92905143
45.822951 1.19184178
45.921707 1.54987855
46.020464 1.87259655
46.119220 2.09935107
46.217976 2.22493381
46.316733 2.26269825
46.415489 2.22415545
46.514246 2.11454082
46.613002 1.93348498
46.711758 1.67811848
46.810515 1.35460530
46.909271 1.00512317
47.008027 0.72916058
47.106784 0.63400591
47.205540 0.72893033
47.304296 0.91887977
47.403053 1.12622423
47.501809 1.34582941
47.600565 1.58240278
47.699322 1.82410332
47.798078 2.05421108
47.896835 2.25089293
47.995591 2.40311925
48.094347 2.51608733
48.193104 2.59945891
48.291860 2.66126150
48.390616 2.70729506
48.489373 2.74150553
48.588129 2.76653732
48.686885 2.78392159
48.785642 2.79429495
48.884398 2.79846478
48.983155 2.79949159
49.081911 2.79963248
49.180667 2.79959662
49.279424 2.79950402
49.378180 2.79938672
49.476936 2.79925689
49.575693 2.79912015
49.674449 2.79897939
49.773205 2.79883621
49.871962 2.79869152
49.970718 2.79854588
50.069474 2.79839963
50.168231 2.79825297
50.266987 2.79810605
50.365744 2.79795895
50.464500 2.79781172
50.563256 2.79766442
50.662013 2.79751706
50.760769 2.79736980
50.859525 2.79722388
50.958282 2.79707946
51.057038 2.79693653
51.155794 2.79679510
51.254551 2.79665517
51.353307 2.79651675
51.452064 2.79637983
51.550820 2.79624442
51.649576 2.79611051
51.748333 2.79597812
51.847089 2.79584722
51.945845 2.79571784
52.044602 2.79558996
52.143358 2.79546359
52.242114 2.79533873
52.340871 2.79521538
52.439627 2.79509353
52.538383 2.79497320
52.637140 2.79485437
52.735896 2.79473704
52.834653 2.79462123
52.933409 2.79450692
53.032165 2.79439413
53.130922 2.79428284
53.229678 2.79417306
53.328434 2.79406478
53.427191 2.79395802
53.525947 2.79385276
53.624703 2.79374901
53.723460 2.79364677
53.822216 2.79354604
53.920973 2.79344682
54.019729 2.79334910
54.118485 2.79325289
54.217242 2.79315819
54.315998 2.79306500
54.414754 2.79297332
54.513511 2.79288315
54.612267 2.79279448
54.711023 2.79270732
54.809780 2.79262167
54.908536 2.79253753
55.007292 2.79245490
55.106049 2.79237377
55.204805 2.79229416
55.303562 2.79221605
55.402318 2.79213945
55.501074 2.79206436
55.599831 2.79199078
55.698587 2.79191871
55.797343 2.79184814
55.896100 2.79177908
55.994856 2.79171153
56.093612 2.79164550
56.192369 2.79158096
56.291125 2.79151794
56.389882 2.79145643
56.488638 2.79139642
56.587394 2.79133793
56.686151 2.79128094
56.784907 2.79122546
56.883663 2.79117149
56.982420 2.79111902
57.081176 2.79106807
57.179932 2.79101863
57.278689 2.79097069
57.377445 2.79092426
57.476201 2.79087934
57.574958 2.79083593
57.673714 2.79079403
57.772471 2.79075364
57.871227 2.79071476
57.969983 2.79067738
58.068740 2.79064151
58.167496 2.79060716
58.266252 2.79057431
58.365009 2.79054297
58.463765 2.79051314
58.562521 2.79048481
58.661278 2.79045800
58.760034 2.79043269
58.858791 2.79040890
58.957547 2.79038661
59.056303 2.79036583
59.155060 2.79034656
59.253816 2.79032880
59.352572 2.79031255
59.451329 2.79029781
59.550085 2.79028457
59.648841 2.79027285
59.747598 2.79026263
59.846354 2.79025392
59.945110 2.79024673
60.043867 2.79024104
60.142623 2.79023685
60.241380 2.79023418
60.340136 2.79023302
60.438892 2.79023337
60.537649 2.79023522
60.636405 2.79023858
60.735161 2.79024346
60.833918 2.79024984
60.932674 2.79025773
61.031430 2.79026713
61.130187 2.79027804
61.228943 2.79029046
61.327700 2.79030438
61.426456 2.79031982
61.525212 2.79033676
61.623969 2.79035521
61.722725 2.79037518
61.821481 2.79039665
61.920238 2.79041963
62.018994 2.79044412
62.117750 2.79047011
62.216507 2.79049762
62.315263 2.79052664
62.414019 2.79055716
62.512776 2.79058920
62.611532 2.79062274
62.710289 2.79065779
62.809045 2.79069435
62.907801 2.79073242
63.006558 2.79077200
63.105314 2.79081309
63.204070 2.79085568
63.302827 2.79089979
63.401583 2.79094540
63.500339 2.79099253
63.599096 2.79104116
63.697852 2.79109130
63.796609 2.79114295
63.895365 2.79119611
63.994121 2.79125078
64.092878 2.79130695
64.191634 2.79136464
64.290390 2.79142384
64.389147 2.79148454
64.487903 2.79154675
64.586659 2.79161047
64.685416 2.79167570
64.784172 2.79174244
64.882928 2.79181069
64.981685 2.79188045
65.080441 2.79195171
65.179198 2.79202449
65.277954 2.79209877
65.376710 2.79217457
65.475467 2.79225187
65.574223 2.79233068
65.672979 2.79241100
65.771736 2.79249283
65.870492 2.79257616
65.969248 2.79266101
66.068005 2.79274736
66.166761 2.79283523
66.265518 2.79292460
66.364274 2.79301548
66.463030 2.79310787
66.561787 2.79320177
66.660543 2.79329718
66.759299 2.79339409
66.858056 2.79349252
66.956812 2.79359245
67.055568 2.79369390
67.154325 2.79379685
67.253081 2.79390131
67.351837 2.79400728
67.450594 2.79411476
67.549350 2.79422374
67.648107 2.79433424
67.746863 2.79444624
67.845619 2.79455975
67.944376 2.79467478
68.043132 2.79479131
68.141888 2.79490935
68.240645 2.79502889
68.339401 2.79514995
68.438157 2.79527251
68.536914 2.79539659
68.635670 2.79552217
68.734427 2.79564926
68.833183 2.79577786
68.931939 2.79590797
69.030696 2.79603959
69.129452 2.79617271
69.228208 2.79630735
69.326965 2.79644349
69.425721 2.79658114
69.524477 2.79672030
69.623234 2.79686097
69.721990 2.79700315
69.820746 2.79714684
69.919503 2.79729203
70.018259 2.79743873
70.117016 2.79758694
70.215772 2.79773667
70.314528 2.79788789
70.413285 2.79804063
70.512041 2.79819488
70.610797 2.79835063
70.709554 2.79850789
70.808310 2.79866667
70.907066 2.79882695
71.005823 2.79898873
71.104579 2.79915203
71.203336 2.79931684
71.302092 2.79948315
71.400848 2.79965097
71.499605 2.79982030
71.598361 2.79999114
71.697117 2.80016336
71.795874 2.80033571
71.894630 2.80050806
71.993386 2.80068041
72.092143 2.80085275
72.190899 2.80102510
72.289655 2.80119745
72.388412 2.80136981
72.487168 2.80154226
72.585925 2.80171451
