0.098756 1.55676203
0.197513 1.55676577
0.296269 1.55676183
0.395025 1.55676143
0.493782 1.55676148
0.592538 1.55676154
0.691295 1.55676159
0.790051 1.55676165
0.888807 1.55676170
0.987564 1.55676174
1.086320 1.55676178
1.185076 1.55676182
1.283833 1.55676186
1.382589 1.55676189
1.481345 1.55676191
1.580102 1.55676193
1.678858 1.55676195
1.777614 1.55676196
1.876371 1.55676196
1.975127 1.55676196
2.073884 1.55676195
2.172640 1.55676193
2.271396 1.55676190
2.370153 1.55676187
2.468909 1.55676183
2.567665 1.55676178
2.666422 1.55676172
2.765178 1.55676165
2.863934 1.55676157
2.962691 1.55676148
3.061447 1.55676138
3.160204 1.55676127
3.258960 1.55676116
3.357716 1.55676102
3.456473 1.55676088
3.555229 1.55676073
3.653985 1.55676056
3.752742 1.55676038
3.851498 1.55676019
3.950254 1.55675998
4.049011 1.55675977
4.147767 1.55675953
4.246523 1.55675929
4.345280 1.55675903
4.444036 1.55675875
4.542793 1.55675846
4.641549 1.55675816
4.740305 1.55675783
4.839062 1.55675750
4.937818 1.55675714
5.036574 1.55675677
5.135331 1.55675639
5.234087 1.55675598
5.332843 1.55675556
5.431600 1.55675512
5.530356 1.55675467
5.629113 1.55675419
5.727869 1.55675370
5.826625 1.55675319
5.925382 1.55675265
6.024138 1.55675211
6.122894 1.55675153
6.221651 1.55675095
6.320407 1.55675033
6.419163 1.55674970
6.517920 1.55674905
6.616676 1.55674838
6.715432 1.55674769
6.814189 1.55674697
6.912945 1.55674624
7.011702 1.55674548
7.110458 1.55674470
7.209214 1.55674390
7.307971 1.55674307
7.406727 1.55674222
7.505483 1.55674135
7.604240 1.55674046
7.702996 1.55673954
7.801752 1.55673860
7.900509 1.55673763
7.999265 1.55673664
8.098022 1.55673562
8.196778 1.55673458
8.295534 1.55673351
8.394291 1.55673242
8.493047 1.55673131
8.591803 1.55673017
8.690560 1.55672900
8.789316 1.55672780
8.888072 1.55672658
8.986829 1.55672534
9.085585 1.55672406
9.184341 1.55672276
9.283098 1.55672143
9.381854 1.55672008
9.480611 1.55671869
9.579367 1.55671728
9.678123 1.55671584
9.776880 1.55671438
9.875636 1.55671288
9.974392 1.55671135
10.073149 1.55670980
10.171905 1.55670822
10.270661 1.55670661
10.369418 1.55670497
10.468174 1.55670329
10.566931 1.55670159
10.665687 1.55669986
10.764443 1.55669810
10.863200 1.55669631
10.961956 1.55669449
11.060712 1.55669263
11.159469 1.55669075
11.258225 1.55668884
11.356981 1.55668689
11.455738 1.55668491
11.554494 1.55668290
11.653250 1.55668086
11.752007 1.55667879
11.850763 1.55667668
11.949520 1.55667454
12.048276 1.55667237
12.147032 1.55667017
12.245789 1.55666793
12.344545 1.55666566
12.443301 1.55666336
12.542058 1.55666102
12.640814 1.55665865
12.739570 1.55665624
12.838327 1.55665380
12.937083 1.55665133
13.035840 1.55664882
13.134596 1.55664628
13.233352 1.55664370
13.332109 1.55664109
13.430865 1.55663844
13.529621 1.55663576
13.628378 1.55663304
13.727134 1.55663029
13.825890 1.55662750
13.924647 1.55662467
14.023403 1.55662181
14.122159 1.55661891
14.220916 1.55661597
14.319672 1.55661300
14.418429 1.55660999
14.517185 1.55660694
14.615941 1.55660385
14.714698 1.55660073
14.813454 1.55659757
14.912210 1.55659437
15.010967 1.55659113
15.109723 1.55658785
15.208479 1.55658454
15.307236 1.55658118
15.405992 1.55657779
15.504749 1.55657436
15.603505 1.55657088
15.702261 1.55656737
15.801018 1.55656382
15.899774 1.55656022
15.998530 1.55655659
16.097287 1.55655291
16.196043 1.55654919
16.294799 1.55654543
16.393556 1.55654163
16.492312 1.55653778
16.591068 1.55653390
16.689825 1.55652996
16.788581 1.55652599
16.887338 1.55652196
16.986094 1.55651789
17.084850 1.55651378
17.183607 1.55650961
17.282363 1.55650540
17.381119 1.55650113
17.479876 1.55649681
17.578632 1.55649244
17.677388 1.55648800
17.776145 1.55648351
17.874901 1.55647895
17.973658 1.55647433
18.072414 1.55646963
18.171170 1.55646486
18.269927 1.55645999
18.368683 1.55645504
18.467439 1.55644998
18.566196 1.55644482
18.664952 1.55643952
18.763708 1.55643408
18.862465 1.55642847
18.961221 1.55642269
19.059977 1.55641668
19.158734 1.55641043
19.257490 1.55640389
19.356247 1.55639703
19.455003 1.55638976
19.553759 1.55638205
19.652516 1.55637379
19.751272 1.55636489
19.850028 1.55635522
19.948785 1.55634466
20.047541 1.55633301
20.146297 1.55632008
20.245054 1.55630560
20.343810 1.55628928
20.442567 1.55627072
20.541323 1.55624950
20.640079 1.55622504
20.738836 1.55619670
20.837592 1.55616363
20.936348 1.55612488
21.035105 1.55607920
21.133861 1.55602511
21.232617 1.55596078
21.331374 1.55588395
21.430130 1.55579184
21.528886 1.55568101
21.627643 1.55554716
21.726399 1.55538500
21.825156 1.55518785
21.923912 1.55494737
22.022668 1.55465306
22.121425 1.55429165
22.220181 1.55384628
22.318937 1.55329551
22.417694 1.55261182
22.516450 1.55175987
22.615206 1.55069398
22.713963 1.54935483
22.812719 1.54766501
22.911476 1.54552306
23.010232 1.54279537
23.108988 1.53930499
23.207745 1.53481688
23.306501 1.52901680
23.405257 1.52148375
23.504014 1.51164983
23.602770 1.49874811
23.701526 1.48173567
23.800283 1.45919349
23.899039 1.42917866
23.997795 1.38903026
24.096552 1.33508736
24.195308 1.26231327
24.294065 1.16377527
24.392821 1.02992336
24.491577 0.84772433
24.590334 0.59925663
24.689090 0.26101506
24.787846 -0.19001952
24.886603 -0.72856199
24.985359 -1.16734433
25.084115 -1.24900416
25.182872 -1.04687507
25.281628 -0.91131299
25.380385 -1.06522023
25.479141 -1.58321370
25.577897 -2.49979616
25.676654 -3.84530825
25.775410 -5.63319736
25.874166 -7.79124842
25.972923 -10.00202720
26.071679 -11.61444196
26.170435 -12.03072460
26.269192 -11.36316730
26.367948 -10.41066838
26.466704 -9.96084476
26.565461 -10.31874083
26.664217 -11.22515489
26.762974 -11.93139720
26.861730 -11.63877044
26.960486 -10.20088776
27.059243 -8.19779046
27.157999 -6.28501356
27.256755 -4.77154459
27.355512 -3.70289746
27.454268 -3.04484359
27.553024 -2.77417966
27.651781 -2.90159283
27.750537 -3.46578563
27.849294 -4.51765121
27.948050 -6.07873046
28.046806 -8.02769583
28.145563 -9.92191200
28.244319 -11.03687771
28.343075 -10.93784519
28.441832 -10.00598070
28.540588 -9.09812901
28.639344 -8.85406120
28.738101 -9.42829167
28.836857 -10.47466166
28.935613 -11.20870794
29.034370 -10.86729383
29.133126 -9.38986371
29.231883 -7.40973019
29.330639 -5.58066446
29.429395 -4.19767088
29.528152 -3.29929836
29.626908 -2.84056334
29.725664 -2.77721330
29.824421 -3.09601896
29.923177 -3.82034001
30.021933 -4.99785315
30.120690 -6.64647620
30.219446 -8.61490951
30.318203 -10.40602645
30.416959 -11.29760241
30.515715 -10.97636656
30.614472 -9.95263166
30.713228 -9.08996102
30.811984 -8.95303724
30.910741 -9.61565303
31.009497 -10.65273671
31.108253 -11.23842730
31.207010 -10.68260334
31.305766 -9.06064461
31.404522 -7.05653848
31.503279 -5.27795821
31.602035 -3.96733801
31.700792 -3.14123240
31.799548 -2.75047428
31.898304 -2.75091583
31.997061 -3.12965683
32.095817 -3.91026377
32.194573 -5.13943995
32.293330 -6.82710669
32.392086 -8.79591136
32.490842 -10.51348061
32.589599 -11.26709445
32.688355 -10.82324957
32.787112 -9.76268171
32.885868 -8.94225382
32.984624 -8.87545850
33.083381 -9.57673355
33.182137 -10.55571477
33.280893 -10.96110146
33.379650 -10.18019244
33.478406 -8.40276243
33.577162 -6.34272194
33.675919 -4.56584972
33.774675 -3.27891631
33.873431 -2.49141701
33.972188 -2.16074364
34.070944 -2.24928055
34.169701 -2.74505701
34.268457 -3.66622746
34.367213 -5.04742489
34.465970 -6.87104564
34.564726 -8.90032136
34.663482 -10.53886727
34.762239 -11.10723220
34.860995 -10.52285053
34.959751 -9.47619370
35.058508 -8.79672842
35.157264 -8.90643781
35.256021 -9.71979515
35.354777 -10.64608537
35.453533 -10.81990230
35.552290 -9.77663541
35.651046 -7.87314356
35.749802 -5.84040259
35.848559 -4.16792905
35.947315 -3.00746678
36.046071 -2.35335067
36.144828 -2.16258445
36.243584 -2.39372419
36.342340 -3.02188634
36.441097 -4.04706773
36.539853 -5.48823733
36.638610 -7.31723215
36.737366 -9.28634767
36.836122 -10.79758970
36.934879 -11.21424774
37.033635 -10.53352920
37.132391 -9.49172862
37.231148 -8.89333642
37.329904 -9.06997703
37.428660 -9.76828286
37.527417 -10.22924070
37.626173 -9.66649060
37.724929 -7.97409969
37.823686 -5.75071480
37.922442 -3.64476395
38.021199 -1.95862403
38.119955 -0.73502026
38.218711 0.06577466
38.317468 0.48761493
38.416224 0.56940733
38.514980 0.38786774
38.613737 0.17369869
38.712493 0.27378691
38.811249 0.73967898
38.910006 1.30198198
39.008762 1.78257756
39.107519 2.15833650
39.206275 2.44991176
39.305031 2.67686465
39.403788 2.85349109
39.502544 2.98977252
39.601300 3.09197169
39.700057 3.16430575
39.798813 3.21047648
39.897569 3.23333293
39.996326 3.23945225
40.095082 3.24212384
40.193838 3.24394907
40.292595 3.24549875
40.391351 3.24693052
40.490108 3.24830138
40.588864 3.24963732
40.687620 3.25095198
40.786377 3.25225313
40.885133 3.25354544
40.983889 3.25483188
41.082646 3.25611437
41.181402 3.25739423
41.280158 3.25867243
41.378915 3.25994976
41.477671 3.26122701
41.576428 3.26250514
41.675184 3.26378570
41.773940 3.26507150
41.872697 3.26636851
41.971453 3.26769254
42.070209 3.26910143
42.168966 3.27088987
42.267722 3.27378700
42.366478 3.27765708
42.465235 3.28200870
42.563991 3.28606825
42.662747 3.28866129
42.761504 3.28803624
42.860260 3.28158782
42.959017 3.26543834
43.057773 3.23398835
43.156529 3.17897886
43.255286 3.08930530
43.354042 2.95408391
43.452798 2.77336870
43.551555 2.58009182
43.650311 2.44689569
43.749067 2.43929198
43.847824 2.55159153
43.946580 2.71276320
44.045337 2.85170448
44.144093 2.93495192
44.242849 2.95761257
44.341606 2.92423125
44.440362 2.83906492
44.539118 2.70527219
44.637875 2.52971494
44.736631 2.33558676
44.835387 2.17448409
44.934144 2.10314287
45.032900 2.12514283
45.131656 2.17350186
45.230413 2.16221733
45.329169 2.03761392
45.427926 1.80080816
45.526682 1.52902647
45.625438 1.36540568
45.724195 1.42537290
45.822951 1.69442851
45.921707 2.04824698
46.020464 2.36409296
46.119220 2.58527847
46.217976 2.70701215
46.316733 2.74209133
46.415489 2.70154445
46.514246 2.59026152
46.613002 2.40767957
46.711758 2.15120824
46.810515 1.82856003
46.909271 1.48489234
47.008027 1.22045818
47.106784 1.13721433
47.205540 1.23714637
47.304296 1.42275798
47.403053 1.62189475
47.501809 1.84413992
47.600565 2.09431111
47.699322 2.34343496
47.798078 2.57331499
47.896835 2.76868564
47.995591 2.92050312
48.094347 3.03382446
48.193104 3.11805513
48.291860 3.18106006
48.390616 3.22851320
48.489373 3.26425675
48.588129 3.29084771
48.686885 3.30971080
48.785642 3.32128496
48.884398 3.32683631
48.983155 3.32935024
49.081911 3.33093894
49.180667 3.33234121
49.279424 3.33368063
49.378180 3.33499113
49.476936 3.33628615
49.575693 3.33757220
49.674449 3.33885280
49.773205 3.34012995
49.871962 3.34140489
49.970718 3.34267836
50.069474 3.34395085
50.168231 3.34522268
50.266987 3.34649405
50.365744 3.34776511
50.464500 3.34903595
50.563256 3.35030663
50.662013 3.35157720
50.760769 3.35284724
50.859525 3.35411243
50.958282 3.35537235
51.057038 3.35662700
51.155794 3.35787639
51.254551 3.35912052
51.353307 3.36035940
51.452064 3.36159304
51.550820 3.36282143
51.649576 3.36404458
51.748333 3.36526249
51.847089 3.36647516
51.945845 3.36768259
52.044602 3.36888478
52.143358 3.37008174
52.242114 3.37127345
52.340871 3.37245993
52.439627 3.37364117
52.538383 3.37481717
52.637140 3.37598794
52.735896 3.37715347
52.834653 3.37831376
52.933409 3.37946881
53.032165 3.38061863
53.130922 3.38176321
53.229678 3.38290256
53.328434 3.38403667
53.427191 3.38516554
53.525947 3.38628917
53.624703 3.38740757
53.723460 3.38852073
53.822216 3.38962865
53.920973 3.39073134
54.019729 3.39182879
54.118485 3.39292101
54.217242 3.39400798
54.315998 3.39508972
54.414754 3.39616623
54.513511 3.39723750
54.612267 3.39830353
54.711023 3.39936432
54.809780 3.40041988
54.908536 3.40147020
55.007292 3.40251529
55.106049 3.40355513
55.204805 3.40458975
55.303562 3.40561912
55.402318 3.40664326
55.501074 3.40766216
55.599831 3.40867583
55.698587 3.40968425
55.797343 3.41068745
55.896100 3.41168540
55.994856 3.41267812
56.093612 3.41366560
56.192369 3.41464785
56.291125 3.41562486
56.389882 3.41659663
56.488638 3.41756317
56.587394 3.41852447
56.686151 3.41948053
56.784907 3.42043136
56.883663 3.42137695
56.982420 3.42231730
57.081176 3.42325242
57.179932 3.42418230
57.278689 3.42510694
57.377445 3.42602635
57.476201 3.42694052
57.574958 3.42784945
57.673714 3.42875315
57.772471 3.42965161
57.871227 3.43054484
57.969983 3.43143282
58.068740 3.43231557
58.167496 3.43319309
58.266252 3.43406537
58.365009 3.43493241
58.463765 3.43579421
58.562521 3.43665078
58.661278 3.43750211
58.760034 3.43834821
58.858791 3.43918907
58.957547 3.44002469
59.056303 3.44085508
59.155060 3.44168022
59.253816 3.44250014
59.352572 3.44331481
59.451329 3.44412425
59.550085 3.44492845
59.648841 3.44572742
59.747598 3.44652115
59.846354 3.44730964
59.945110 3.44809290
60.043867 3.44887092
60.142623 3.44964370
60.241380 3.45041125
60.340136 3.45117355
60.438892 3.45193063
60.537649 3.45268246
60.636405 3.45342906
60.735161 3.45417043
60.833918 3.45490655
60.932674 3.45563744
61.031430 3.45636309
61.130187 3.45708351
61.228943 3.45779869
61.327700 3.45850863
61.426456 3.45921334
61.525212 3.45991281
61.623969 3.46060704
61.722725 3.46129604
61.821481 3.46197980
61.920238 3.46265832
62.018994 3.46333161
62.117750 3.46399965
62.216507 3.46466247
62.315263 3.46532004
62.414019 3.46597238
62.512776 3.46661948
62.611532 3.46726135
62.710289 3.46789798
62.809045 3.46852937
62.907801 3.46915553
63.006558 3.46977644
63.105314 3.47039213
63.204070 3.47100257
63.302827 3.47160778
63.401583 3.47220775
63.500339 3.47280248
63.599096 3.47339198
63.697852 3.47397624
63.796609 3.47455527
63.895365 3.47512905
63.994121 3.47569760
64.092878 3.47626092
64.191634 3.47681899
64.290390 3.47737183
64.389147 3.47791944
64.487903 3.47846180
64.586659 3.47899893
64.685416 3.47953082
64.784172 3.48005748
64.882928 3.48057889
64.981685 3.48109508
65.080441 3.48160602
65.179198 3.48211173
65.277954 3.48261220
65.376710 3.48310743
65.475467 3.48359743
65.574223 3.48408219
65.672979 3.48456171
65.771736 3.48503600
65.870492 3.48550504
65.969248 3.48596886
66.068005 3.48642743
66.166761 3.48688077
66.265518 3.48732887
66.364274 3.48777173
66.463030 3.48820936
66.561787 3.48864175
66.660543 3.48906890
66.759299 3.48949081
66.858056 3.48990749
66.956812 3.49031893
67.055568 3.49072514
67.154325 3.49112610
67.253081 3.49152183
67.351837 3.49191233
67.450594 3.49229758
67.549350 3.49267760
67.648107 3.49305238
67.746863 3.49342193
67.845619 3.49378623
67.944376 3.49414530
68.043132 3.49449913
68.141888 3.49484773
68.240645 3.49519109
68.339401 3.49552921
68.438157 3.49586209
68.536914 3.49618974
68.635670 3.49651215
68.734427 3.49682932
68.833183 3.49714125
68.931939 3.49744795
69.030696 3.49774941
69.129452 3.49804563
69.228208 3.49833662
69.326965 3.49862237
69.425721 3.49890288
69.524477 3.49917815
69.623234 3.49944819
69.721990 3.49971299
69.820746 3.49997255
69.919503 3.50022687
70.018259 3.50047596
70.117016 3.50071981
70.215772 3.50095842
70.314528 3.50119180
70.413285 3.50141993
70.512041 3.50164283
70.610797 3.50186050
70.709554 3.50207292
70.808310 3.50228011
70.907066 3.50248206
71.005823 3.50267877
71.104579 3.50287025
71.203336 3.50305648
71.302092 3.50323748
71.400848 3.50341325
71.499605 3.50358377
71.598361 3.50374905
71.697117 3.50390955
71.795874 3.50406960
71.894630 3.50422965
71.993386 3.50438970
72.092143 3.50454975
72.190899 3.50470980
72.289655 3.50486985
72.388412 3.50502991
72.487168 3.50519003
72.585925 3.50535002
