0.098756 1.55171396
0.197513 1.55171653
0.296269 1.55171380
0.395025 1.55171353
0.493782 1.55171356
0.592538 1.55171360
0.691295 1.55171364
0.790051 1.55171368
0.888807 1.55171372
0.987564 1.55171376
1.086320 1.55171380
1.185076 1.55171383
1.283833 1.55171387
1.382589 1.55171390
1.481345 1.55171393
1.580102 1.55171397
1.678858 1.55171400
1.777614 1.55171403
1.876371 1.55171405
1.975127 1.55171408
2.073884 1.55171410
2.172640 1.55171413
2.271396 1.55171415
2.370153 1.55171417
2.468909 1.55171418
2.567665 1.55171420
2.666422 1.55171421
2.765178 1.55171422
2.863934 1.55171423
2.962691 1.55171423
3.061447 1.55171424
3.160204 1.55171424
3.258960 1.55171423
3.357716 1.55171423
3.456473 1.55171422
3.555229 1.55171421
3.653985 1.55171419
3.752742 1.55171417
3.851498 1.55171415
3.950254 1.55171412
4.049011 1.55171409
4.147767 1.55171406
4.246523 1.55171402
4.345280 1.55171398
4.444036 1.55171393
4.542793 1.55171388
4.641549 1.55171383
4.740305 1.55171377
4.839062 1.55171370
4.937818 1.55171364
5.036574 1.55171356
5.135331 1.55171348
5.234087 1.55171339
5.332843 1.55171330
5.431600 1.55171321
5.530356 1.55171311
5.629113 1.55171300
5.727869 1.55171288
5.826625 1.55171276
5.925382 1.55171263
6.024138 1.55171250
6.122894 1.55171236
6.221651 1.55171221
6.320407 1.55171205
6.419163 1.55171189
6.517920 1.55171172
6.616676 1.55171154
6.715432 1.55171135
6.814189 1.55171116
6.912945 1.55171095
7.011702 1.55171074
7.110458 1.55171052
7.209214 1.55171029
7.307971 1.55171005
7.406727 1.55170980
7.505483 1.55170954
7.604240 1.55170927
7.702996 1.55170899
7.801752 1.55170870
7.900509 1.55170840
7.999265 1.55170809
8.098022 1.55170777
8.196778 1.55170743
8.295534 1.55170709
8.394291 1.55170672
8.493047 1.55170636
8.591803 1.55170597
8.690560 1.55170558
8.789316 1.55170516
8.888072 1.55170474
8.986829 1.55170430
9.085585 1.55170385
9.184341 1.55170339
9.283098 1.55170291
9.381854 1.55170241
9.480611 1.55170190
9.579367 1.55170137
9.678123 1.55170083
9.776880 1.55170027
9.875636 1.55169970
9.974392 1.55169910
10.073149 1.55169849
10.171905 1.55169786
10.270661 1.55169722
10.369418 1.55169655
10.468174 1.55169587
10.566931 1.55169516
10.665687 1.55169444
10.764443 1.55169370
10.863200 1.55169294
10.961956 1.55169215
11.060712 1.55169135
11.159469 1.55169052
11.258225 1.55168968
11.356981 1.55168880
11.455738 1.55168791
11.554494 1.55168699
11.653250 1.55168605
11.752007 1.55168508
11.850763 1.55168410
11.949520 1.55168308
12.048276 1.55168204
12.147032 1.55168097
12.245789 1.55167988
12.344545 1.55167876
12.443301 1.55167762
12.542058 1.55167644
12.640814 1.55167524
12.739570 1.55167400
12.838327 1.55167275
12.937083 1.55167145
13.035840 1.55167013
13.134596 1.55166878
13.233352 1.55166740
13.332109 1.55166598
13.430865 1.55166453
13.529621 1.55166305
13.628378 1.55166153
13.727134 1.55165998
13.825890 1.55165840
13.924647 1.55165678
14.023403 1.55165513
14.122159 1.55165343
14.220916 1.55165171
14.319672 1.55164994
14.418429 1.55164814
14.517185 1.55164630
14.615941 1.55164442
14.714698 1.55164250
14.813454 1.55164054
14.912210 1.55163854
15.010967 1.55163650
15.109723 1.55163441
15.208479 1.55163228
15.307236 1.55163011
15.405992 1.55162790
15.504749 1.55162563
15.603505 1.55162333
15.702261 1.55162098
15.801018 1.55161858
15.899774 1.55161613
15.998530 1.55161364
16.097287 1.55161109
16.196043 1.55160850
16.294799 1.55160586
16.393556 1.55160317
16.492312 1.55160042
16.591068 1.55159762
16.689825 1.55159476
16.788581 1.55159186
16.887338 1.55158889
16.986094 1.55158586
17.084850 1.55158278
17.183607 1.55157964
17.282363 1.55157643
17.381119 1.55157316
17.479876 1.55156982
17.578632 1.55156641
17.677388 1.55156293
17.776145 1.55155938
17.874901 1.55155574
17.973658 1.55155202
18.072414 1.55154821
18.171170 1.55154431
18.269927 1.55154030
18.368683 1.55153619
18.467439 1.55153195
18.566196 1.55152758
18.664952 1.55152306
18.763708 1.55151838
18.862465 1.55151351
18.961221 1.55150843
19.059977 1.55150312
19.158734 1.55149754
19.257490 1.55149164
19.356247 1.55148539
19.455003 1.55147871
19.553759 1.55147155
19.652516 1.55146381
19.751272 1.55145539
19.850028 1.55144618
19.948785 1.55143602
20.047541 1.55142473
20.146297 1.55141210
20.245054 1.55139787
20.343810 1.55138172
20.442567 1.55136327
20.541323 1.55134206
20.640079 1.55131751
20.738836 1.55128896
20.837592 1.55125555
20.936348 1.55121627
21.035105 1.55116987
21.133861 1.55111481
21.232617 1.55104921
21.331374 1.55097075
21.430130 1.55087656
21.528886 1.55076309
21.627643 1.55062593
21.726399 1.55045958
21.825156 1.55025717
21.923912 1.55001008
22.022668 1.54970743
22.121425 1.54933549
22.220181 1.54887680
22.318937 1.54830908
22.417694 1.54760382
22.516450 1.54672425
22.615206 1.54562291
22.713963 1.54423800
22.812719 1.54248895
22.911476 1.54026992
23.010232 1.53744154
23.108988 1.53381898
23.207745 1.52915666
23.306501 1.52312589
23.405257 1.51528607
23.504014 1.50504245
23.602770 1.49159128
23.701526 1.47383896
23.800283 1.45029662
23.899039 1.41892473
23.997795 1.37692876
24.096552 1.32046290
24.195308 1.24423473
24.294065 1.14096135
24.392821 1.00060994
24.491577 0.80950211
24.590334 0.54885020
24.689090 0.19435710
24.787846 -0.27455015
24.886603 -0.81563510
24.985359 -1.21353168
25.084115 -1.23546763
25.182872 -1.02171387
25.281628 -0.92248781
25.380385 -1.13097922
25.479141 -1.71048543
25.577897 -2.69397745
25.676654 -4.11074126
25.775410 -5.96721834
25.874166 -8.16376199
25.972923 -10.32718963
26.071679 -11.77391391
26.170435 -11.98320413
26.269192 -11.20729866
26.367948 -10.29511401
26.466704 -9.97311954
26.565461 -10.45436890
26.664217 -11.38718978
26.762974 -11.96809342
26.861730 -11.46463002
26.960486 -9.87662646
27.059243 -7.84903250
27.157999 -5.99209579
27.256755 -4.55552491
27.355512 -3.55972321
27.454268 -2.96848383
27.553024 -2.76368457
27.651781 -2.96140265
27.750537 -3.60371766
27.849294 -4.74081479
27.948050 -6.38159254
28.046806 -8.36314514
28.145563 -10.17987634
28.244319 -11.10423097
28.343075 -10.81863125
28.441832 -9.83042846
28.540588 -9.00235615
28.639344 -8.89852944
28.738101 -9.58976277
28.836857 -10.64517876
28.935613 -11.23582660
29.034370 -10.67845089
29.133126 -9.05974277
29.231883 -7.06689515
29.330639 -5.30253996
29.429395 -4.00353694
29.528152 -3.18384065
29.626908 -2.79487853
29.725664 -2.79610718
29.824421 -3.18012505
29.923177 -3.97549427
30.021933 -5.23039657
30.120690 -6.94835678
30.219446 -8.93266495
30.318203 -10.62748382
30.416959 -11.32606050
30.515715 -10.84071499
30.614472 -9.78847512
30.713228 -9.01930519
30.811984 -9.02081528
30.910741 -9.78603955
31.009497 -10.80869985
31.108253 -11.23417420
31.207010 -10.46941147
31.305766 -8.72855812
31.404522 -6.72812214
31.503279 -5.01907125
31.602035 -3.79213771
31.700792 -3.04439227
31.799548 -2.72460435
31.898304 -2.79230719
31.997061 -3.23998913
32.095817 -4.09589293
32.194573 -5.40612424
32.293330 -7.16270915
32.392086 -9.13649710
32.490842 -10.73572491
32.589599 -11.27778092
32.688355 -10.66937022
32.787112 -9.59282133
32.885868 -8.87831110
32.984624 -8.95518706
33.083381 -9.75224951
33.182137 -10.69717928
33.280893 -10.92449131
33.379650 -9.93660008
33.478406 -8.05736458
33.577162 -6.01629742
33.675919 -4.31703496
33.774675 -3.11807941
33.873431 -2.41213632
33.972188 -2.15510998
34.070944 -2.31308778
34.169701 -2.87979807
34.268457 -3.87846052
34.367213 -5.34190641
34.465970 -7.22882200
34.564726 -9.24221228
34.663482 -10.73206554
34.762239 -11.07625055
34.860995 -10.34593055
34.959751 -9.31342888
35.058508 -8.76077754
35.157264 -9.01896792
35.256021 -9.91094525
35.354777 -10.76659122
35.453533 -10.73517312
35.552290 -9.49374374
35.651046 -7.51919237
35.749802 -5.53104166
35.848559 -3.95045430
35.947315 -2.88592737
36.046071 -2.31701436
36.144828 -2.19724748
36.243584 -2.48620757
36.342340 -3.16436912
36.441097 -4.24018951
36.539853 -5.73616356
36.638610 -7.60333267
36.737366 -9.53308453
36.836122 -10.87704009
36.934879 -11.06600057
37.033635 -10.25306485
37.132391 -9.24419604
37.231148 -8.78046883
37.329904 -9.07979615
37.428660 -9.77036174
37.527417 -10.03199645
37.626173 -9.17502517
37.724929 -7.27856628
37.823686 -5.01357557
37.922442 -2.96982650
38.021199 -1.38338692
38.119955 -0.27213546
38.218711 0.40745500
38.317468 0.70083872
38.416224 0.65451209
38.514980 0.37005922
38.613737 0.11926184
38.712493 0.23018769
38.811249 0.67185686
38.910006 1.16497992
39.008762 1.56737611
39.107519 1.87104371
39.206275 2.09798026
39.305031 2.26720710
39.403788 2.39292133
39.502544 2.48514792
39.601300 2.55093957
39.700057 2.59503304
39.798813 2.62044060
39.897569 2.62953102
39.996326 2.62941232
40.095082 2.62682392
40.193838 2.62055718
40.292595 2.61046448
40.391351 2.59657513
40.490108 2.57890314
40.588864 2.55745192
40.687620 2.53222092
40.786377 2.50320245
40.885133 2.47038903
40.983889 2.43375658
41.082646 2.39324346
41.181402 2.34879092
41.280158 2.30044203
41.378915 2.24862118
41.477671 2.19476121
41.576428 2.14204479
41.675184 2.09584887
41.773940 2.06318159
41.872697 2.05070357
41.971453 2.06204962
42.070209 2.09610594
42.168966 2.14747021
42.267722 2.20873326
42.366478 2.27298200
42.465235 2.33514062
42.563991 2.39195096
42.662747 2.44121700
42.761504 2.48094094
42.860260 2.50863005
42.959017 2.52077128
43.057773 2.51238389
43.156529 2.47608679
43.255286 2.40179649
43.354042 2.27928073
43.452798 2.10808267
43.551555 1.91904386
43.650311 1.78327091
43.749067 1.76906679
43.847824 1.87655604
43.946580 2.03762235
44.045337 2.17977664
44.144093 2.26736582
44.242849 2.29462795
44.341606 2.26620629
44.440362 2.18666532
44.539118 2.05906818
44.637875 1.88869464
44.736631 1.69431026
44.835387 1.52221698
44.934144 1.43082844
45.032900 1.43444535
45.131656 1.47385314
45.230413 1.46048129
45.329169 1.33457317
45.427926 1.09493906
45.526682 0.82292689
45.625438 0.66987874
45.724195 0.75235340
45.822951 1.04397367
45.921707 1.40890064
46.020464 1.72491533
46.119220 1.94195556
46.217976 2.05964302
46.316733 2.09205292
46.415489 2.05015259
46.514246 1.93847081
46.613002 1.75606985
46.711758 1.49977724
46.810515 1.17611295
46.909271 0.82872549
47.008027 0.55834868
47.106784 0.47033323
47.205540 0.56992454
47.304296 0.76267201
47.403053 0.97615862
47.501809 1.20513172
47.600565 1.44984971
47.699322 1.69685159
47.798078 1.92937273
47.896835 2.12645446
47.995591 2.27900374
48.094347 2.39313768
48.193104 2.47847059
48.291860 2.54276954
48.390616 2.59159852
48.489373 2.62870168
48.588129 2.65654377
48.686885 2.67648036
48.785642 2.68899336
48.884398 2.69490049
48.983155 2.69752088
49.081911 2.69928143
49.180667 2.70084964
49.279424 2.70235120
49.378180 2.70382179
49.476936 2.70527576
49.575693 2.70672010
49.674449 2.70815859
49.773205 2.70959340
49.871962 2.71102584
49.970718 2.71245672
50.069474 2.71388655
50.168231 2.71531568
50.266987 2.71674432
50.365744 2.71817263
50.464500 2.71960070
50.563256 2.72102861
50.662013 2.72245640
50.760769 2.72388360
50.859525 2.72530530
50.958282 2.72672103
51.057038 2.72813077
51.155794 2.72953456
51.254551 2.73093238
51.353307 2.73232425
51.452064 2.73371018
51.550820 2.73509016
51.649576 2.73646419
51.748333 2.73783228
51.847089 2.73919442
51.945845 2.74055063
52.044602 2.74190089
52.143358 2.74324521
52.242114 2.74458359
52.340871 2.74591603
52.439627 2.74724253
52.538383 2.74856310
52.637140 2.74987772
52.735896 2.75118640
52.834653 2.75248914
52.933409 2.75378595
53.032165 2.75507681
53.130922 2.75636174
53.229678 2.75764072
53.328434 2.75891377
53.427191 2.76018088
53.525947 2.76144204
53.624703 2.76269727
53.723460 2.76394656
53.822216 2.76518991
53.920973 2.76642732
54.019729 2.76765879
54.118485 2.76888432
54.217242 2.77010392
54.315998 2.77131757
54.414754 2.77252528
54.513511 2.77372706
54.612267 2.77492290
54.711023 2.77611279
54.809780 2.77729675
54.908536 2.77847477
55.007292 2.77964684
55.106049 2.78081298
55.204805 2.78197318
55.303562 2.78312744
55.402318 2.78427576
55.501074 2.78541815
55.599831 2.78655459
55.698587 2.78768509
55.797343 2.78880966
55.896100 2.78992828
55.994856 2.79104096
56.093612 2.79214771
56.192369 2.79324852
56.291125 2.79434338
56.389882 2.79543231
56.488638 2.79651530
56.587394 2.79759234
56.686151 2.79866345
56.784907 2.79972862
56.883663 2.80078785
56.982420 2.80184114
57.081176 2.80288849
57.179932 2.80392991
57.278689 2.80496538
57.377445 2.80599491
57.476201 2.80701850
57.574958 2.80803616
57.673714 2.80904787
57.772471 2.81005365
57.871227 2.81105348
57.969983 2.81204738
58.068740 2.81303533
58.167496 2.81401735
58.266252 2.81499343
58.365009 2.81596356
58.463765 2.81692776
58.562521 2.81788602
58.661278 2.81883834
58.760034 2.81978472
58.858791 2.82072516
58.957547 2.82165966
59.056303 2.82258822
59.155060 2.82351084
59.253816 2.82442752
59.352572 2.82533826
59.451329 2.82624306
59.550085 2.82714193
59.648841 2.82803485
59.747598 2.82892183
59.846354 2.82980288
59.945110 2.83067798
60.043867 2.83154715
60.142623 2.83241037
60.241380 2.83326766
60.340136 2.83411900
60.438892 2.83496441
60.537649 2.83580388
60.636405 2.83663740
60.735161 2.83746499
60.833918 2.83828664
60.932674 2.83910234
61.031430 2.83991211
61.130187 2.84071594
61.228943 2.84151383
61.327700 2.84230578
61.426456 2.84309179
61.525212 2.84387186
61.623969 2.84464599
61.722725 2.84541418
61.821481 2.84617643
61.920238 2.84693274
62.018994 2.84768311
62.117750 2.84842755
62.216507 2.84916604
62.315263 2.84989859
62.414019 2.85062520
62.512776 2.85134588
62.611532 2.85206061
62.710289 2.85276940
62.809045 2.85347226
62.907801 2.85416917
63.006558 2.85486015
63.105314 2.85554518
63.204070 2.85622428
63.302827 2.85689743
63.401583 2.85756465
63.500339 2.85822592
63.599096 2.85888126
63.697852 2.85953066
63.796609 2.86017411
63.895365 2.86081163
63.994121 2.86144321
64.092878 2.86206885
64.191634 2.86268854
64.290390 2.86330230
64.389147 2.86391012
64.487903 2.86451200
64.586659 2.86510794
64.685416 2.86569794
64.784172 2.86628200
64.882928 2.86686011
64.981685 2.86743229
65.080441 2.86799853
65.179198 2.86855883
65.277954 2.86911319
65.376710 2.86966161
65.475467 2.87020410
65.574223 2.87074064
65.672979 2.87127124
65.771736 2.87179590
65.870492 2.87231462
65.969248 2.87282740
66.068005 2.87333424
66.166761 2.87383515
66.265518 2.87433011
66.364274 2.87481913
66.463030 2.87530221
66.561787 2.87577936
66.660543 2.87625056
66.759299 2.87671582
66.858056 2.87717514
66.956812 2.87762853
67.055568 2.87807597
67.154325 2.87851748
67.253081 2.87895304
67.351837 2.87938266
67.450594 2.87980635
67.549350 2.88022409
67.648107 2.88063590
67.746863 2.88104176
67.845619 2.88144169
67.944376 2.88183567
68.043132 2.88222372
68.141888 2.88260582
68.240645 2.88298199
68.339401 2.88335221
68.438157 2.88371650
68.536914 2.88407484
68.635670 2.88442725
68.734427 2.88477371
68.833183 2.88511424
68.931939 2.88544883
69.030696 2.88577747
69.129452 2.88610018
69.228208 2.88641694
69.326965 2.88672777
69.425721 2.88703266
69.524477 2.88733160
69.623234 2.88762461
69.721990 2.88791168
69.820746 2.88819280
69.919503 2.88846799
70.018259 2.88873724
70.117016 2.88900055
70.215772 2.88925791
70.314528 2.88950934
70.413285 2.88975483
70.512041 2.88999437
70.610797 2.89022798
70.709554 2.89045565
70.808310 2.89067738
70.907066 2.89089316
71.005823 2.89110301
71.104579 2.89130692
71.203336 2.89150489
71.302092 2.89169692
71.400848 2.89188300
71.499605 2.89206315
71.598361 2.89223735
71.697117 2.89240613
71.795874 2.89257439
71.894630 2.89274266
71.993386 2.89291093
72.092143 2.89307919
72.190899 2.89324746
72.289655 2.89341573
72.388412 2.89358401
72.487168 2.89375237
72.585925 2.89392055
