0.098756 1.55116925
0.197513 1.55117220
0.296269 1.55116906
0.395025 1.55116875
0.493782 1.55116878
0.592538 1.55116883
0.691295 1.55116887
0.790051 1.55116892
0.888807 1.55116896
0.987564 1.55116901
1.086320 1.55116906
1.185076 1.55116911
1.283833 1.55116916
1.382589 1.55116922
1.481345 1.55116927
1.580102 1.55116933
1.678858 1.55116939
1.777614 1.55116945
1.876371 1.55116951
1.975127 1.55116957
2.073884 1.55116964
2.172640 1.55116971
2.271396 1.55116978
2.370153 1.55116986
2.468909 1.55116994
2.567665 1.55117002
2.666422 1.55117011
2.765178 1.55117019
2.863934 1.55117029
2.962691 1.55117038
3.061447 1.55117048
3.160204 1.55117058
3.258960 1.55117069
3.357716 1.55117080
3.456473 1.55117092
3.555229 1.55117104
3.653985 1.55117116
3.752742 1.55117129
3.851498 1.55117143
3.950254 1.55117157
4.049011 1.55117171
4.147767 1.55117186
4.246523 1.55117202
4.345280 1.55117218
4.444036 1.55117235
4.542793 1.55117252
4.641549 1.55117271
4.740305 1.55117289
4.839062 1.55117309
4.937818 1.55117329
5.036574 1.55117349
5.135331 1.55117371
5.234087 1.55117393
5.332843 1.55117416
5.431600 1.55117440
5.530356 1.55117464
5.629113 1.55117489
5.727869 1.55117515
5.826625 1.55117543
5.925382 1.55117570
6.024138 1.55117599
6.122894 1.55117629
6.221651 1.55117659
6.320407 1.55117691
6.419163 1.55117724
6.517920 1.55117757
6.616676 1.55117792
6.715432 1.55117827
6.814189 1.55117864
6.912945 1.55117902
7.011702 1.55117941
7.110458 1.55117980
7.209214 1.55118022
7.307971 1.55118064
7.406727 1.55118108
7.505483 1.55118152
7.604240 1.55118199
7.702996 1.55118246
7.801752 1.55118295
7.900509 1.55118345
7.999265 1.55118396
8.098022 1.55118449
8.196778 1.55118503
8.295534 1.55118559
8.394291 1.55118616
8.493047 1.55118675
8.591803 1.55118735
8.690560 1.55118797
8.789316 1.55118861
8.888072 1.55118926
8.986829 1.55118993
9.085585 1.55119061
9.184341 1.55119131
9.283098 1.55119203
9.381854 1.55119277
9.480611 1.55119352
9.579367 1.55119430
9.678123 1.55119509
9.776880 1.55119591
9.875636 1.55119674
9.974392 1.55119759
10.073149 1.55119846
10.171905 1.55119936
10.270661 1.55120027
10.369418 1.55120121
10.468174 1.55120217
10.566931 1.55120315
10.665687 1.55120415
10.764443 1.55120518
10.863200 1.55120623
10.961956 1.55120730
11.060712 1.55120840
11.159469 1.55120953
11.258225 1.55121067
11.356981 1.55121185
11.455738 1.55121304
11.554494 1.55121427
11.653250 1.55121552
11.752007 1.55121681
11.850763 1.55121811
11.949520 1.55121945
12.048276 1.55122081
12.147032 1.55122221
12.245789 1.55122363
12.344545 1.55122509
12.443301 1.55122657
12.542058 1.55122808
12.640814 1.55122963
12.739570 1.55123121
12.838327 1.55123282
12.937083 1.55123446
13.035840 1.55123614
13.134596 1.55123785
13.233352 1.55123959
13.332109 1.55124138
13.430865 1.55124319
13.529621 1.55124505
13.628378 1.55124693
13.727134 1.55124886
13.825890 1.55125082
13.924647 1.55125282
14.023403 1.55125486
14.122159 1.55125694
14.220916 1.55125906
14.319672 1.55126122
14.418429 1.55126342
14.517185 1.55126566
14.615941 1.55126794
14.714698 1.55127027
14.813454 1.55127263
14.912210 1.55127505
15.010967 1.55127750
15.109723 1.55128001
15.208479 1.55128255
15.307236 1.55128514
15.405992 1.55128778
15.504749 1.55129047
15.603505 1.55129319
15.702261 1.55129598
15.801018 1.55129880
15.899774 1.55130168
15.998530 1.55130461
16.097287 1.55130759
16.196043 1.55131061
16.294799 1.55131369
16.393556 1.55131682
16.492312 1.55132000
16.591068 1.55132323
16.689825 1.55132651
16.788581 1.55132985
16.887338 1.55133324
16.986094 1.55133667
17.084850 1.55134017
17.183607 1.55134371
17.282363 1.55134730
17.381119 1.55135094
17.479876 1.55135464
17.578632 1.55135838
17.677388 1.55136216
17.776145 1.55136599
17.874901 1.55136987
17.973658 1.55137378
18.072414 1.55137772
18.171170 1.55138170
18.269927 1.55138570
18.368683 1.55138971
18.467439 1.55139373
18.566196 1.55139775
18.664952 1.55140175
18.763708 1.55140572
18.862465 1.55140964
18.961221 1.55141348
19.059977 1.55141723
19.158734 1.55142084
19.257490 1.55142428
19.356247 1.55142749
19.455003 1.55143043
19.553759 1.55143302
19.652516 1.55143518
19.751272 1.55143680
19.850028 1.55143778
19.948785 1.55143795
20.047541 1.55143714
20.146297 1.55143514
20.245054 1.55143170
20.343810 1.55142648
20.442567 1.55141912
20.541323 1.55140915
20.640079 1.55139602
20.738836 1.55137902
20.837592 1.55135734
20.936348 1.55132995
21.035105 1.55129560
21.133861 1.55125276
21.232617 1.55119956
21.331374 1.55113367
21.430130 1.55105224
21.528886 1.55095172
21.627643 1.55082770
21.726399 1.55067471
21.825156 1.55048588
21.923912 1.55025259
22.022668 1.54996401
22.121425 1.54960642
22.220181 1.54916240
22.318937 1.54860973
22.417694 1.54791993
22.516450 1.54705633
22.615206 1.54597156
22.713963 1.54460397
22.812719 1.54287317
22.911476 1.54067355
23.010232 1.53786607
23.108988 1.53426635
23.207745 1.52962939
23.306501 1.52362733
23.405257 1.51582067
23.504014 1.50561619
23.602770 1.49221224
23.701526 1.47451817
23.800283 1.45104911
23.899039 1.41977118
23.997795 1.37789759
24.096552 1.32159347
24.195308 1.24558136
24.294065 1.14259923
24.392821 1.00264284
24.491577 0.81207260
24.590334 0.55215252
24.689090 0.19863092
24.787846 -0.26922914
24.886603 -0.81022459
24.985359 -1.21050082
25.084115 -1.23588909
25.182872 -1.02266405
25.281628 -0.92130951
25.380385 -1.12663289
25.479141 -1.70248167
25.577897 -2.68187291
25.676654 -4.09413902
25.775410 -5.94620395
25.874166 -8.14031779
25.972923 -10.30697542
26.071679 -11.76437394
26.170435 -11.98639706
26.269192 -11.21656094
26.367948 -10.30126157
26.466704 -9.97113758
26.565461 -10.44502845
26.664217 -11.37700484
26.762974 -11.96664702
26.861730 -11.47676510
26.960486 -9.89797745
27.059243 -7.87161054
27.157999 -6.01089820
27.256755 -4.56907808
27.355512 -3.56800704
27.454268 -2.97165963
27.553024 -2.76173115
27.651781 -2.95406253
27.750537 -3.59054347
27.849294 -4.72140936
27.948050 -6.35657058
28.046806 -8.33645432
28.145563 -10.16023095
28.244319 -11.09996731
28.343075 -10.82865419
28.441832 -9.84450174
28.540588 -9.01051608
28.639344 -8.89670585
28.738101 -9.57997944
28.836857 -10.63530827
28.935613 -11.23627994
29.034370 -10.69351315
29.133126 -9.08381387
29.231883 -7.09138354
29.330639 -5.32251650
29.429395 -4.01775944
29.528152 -3.19249334
29.626908 -2.79828904
29.725664 -2.79435305
29.824421 -3.17294972
29.923177 -3.96237760
30.021933 -5.21091757
30.120690 -6.92341687
30.219446 -8.90699649
30.318203 -10.61038578
30.416959 -11.32489503
30.515715 -10.85241217
30.614472 -9.80201945
30.713228 -9.02540861
30.811984 -9.01637356
30.910741 -9.77404878
31.009497 -10.79792898
31.108253 -11.23483844
31.207010 -10.48420756
31.305766 -8.75064657
31.404522 -6.74909081
31.503279 -5.03476301
31.602035 -3.80196694
31.700792 -3.04909241
31.799548 -2.72498208
31.898304 -2.78870176
31.997061 -3.23203778
32.095817 -4.08261903
32.194573 -5.38655623
32.293330 -7.13760062
32.392086 -9.11129735
32.490842 -10.72076498
32.589599 -11.28013266
32.688355 -10.68415391
32.787112 -9.60750882
32.885868 -8.88331747
32.984624 -8.94801044
33.083381 -9.73743183
33.182137 -10.68577498
33.280893 -10.92791163
33.379650 -9.95622951
33.478406 -8.08415222
33.577162 -6.04066978
33.675919 -4.33451181
33.774675 -3.12777551
33.873431 -2.41427938
33.972188 -2.14991255
34.070944 -2.30038557
34.169701 -2.85893634
34.268457 -3.84842837
34.367213 -5.30214639
34.465970 -7.18174574
34.564726 -9.19714543
34.663482 -10.70376690
34.762239 -11.07206695
34.860995 -10.35622847
34.959751 -9.32074695
35.058508 -8.75355081
35.157264 -8.99534666
35.256021 -9.87833704
35.354777 -10.73978142
35.453533 -10.72634767
35.552290 -9.50070929
35.651046 -7.52893237
35.749802 -5.53259360
35.848559 -3.93972055
35.947315 -2.86314450
36.046071 -2.28430586
36.144828 -2.15760373
36.243584 -2.44263848
36.342340 -3.11871609
36.441097 -4.19219202
36.539853 -5.68408833
36.638610 -7.54764559
36.737366 -9.48201289
36.836122 -10.84492637
36.934879 -11.05843186
37.033635 -10.25719169
37.132391 -9.24020931
37.231148 -8.75680985
37.329904 -9.03771266
37.428660 -9.72322249
37.527417 -9.99810647
37.626173 -9.16149786
37.724929 -7.27450889
37.823686 -5.00285208
37.922442 -2.94346992
38.021199 -1.33957150
38.119955 -0.21188788
38.218711 0.48254631
38.317468 0.78922309
38.416224 0.75433806
38.514980 0.47746705
38.613737 0.22686123
38.712493 0.33371404
38.811249 0.77563779
38.910006 1.27367700
39.008762 1.68193738
39.107519 1.99096186
39.206275 2.22259017
39.305031 2.39583852
39.403788 2.52495584
39.502544 2.62002117
39.601300 2.68814473
39.700057 2.73408683
39.798813 2.76086657
39.897569 2.77084904
39.996326 2.77109545
40.095082 2.76884717
40.193838 2.76291857
40.292595 2.75316360
40.391351 2.73961348
40.490108 2.72228301
40.588864 2.70117582
40.687620 2.67629135
40.786377 2.64762193
40.885133 2.61516053
40.983889 2.57888281
41.082646 2.53872769
41.181402 2.49463559
41.280158 2.44664713
41.378915 2.39517858
41.477671 2.34164563
41.576428 2.28920541
41.675184 2.24320836
41.773940 2.21065156
41.872697 2.19821569
41.971453 2.20958600
42.070209 2.24370807
42.168966 2.29521984
42.267722 2.35671952
42.366478 2.42127605
42.465235 2.48378818
42.563991 2.54097830
42.662747 2.59064154
42.761504 2.63078092
42.860260 2.65891098
42.959017 2.67153183
43.057773 2.66368243
43.156529 2.62800976
43.255286 2.55445853
43.354042 2.43276539
43.452798 2.26226592
43.551555 2.07337392
43.650311 1.93689373
43.749067 1.92152623
43.847824 2.02828496
43.946580 2.18948669
44.045337 2.33237244
44.144093 2.42087857
44.242849 2.44904660
44.341606 2.42148665
44.440362 2.34278032
44.539118 2.21599668
44.637875 2.04633738
44.736631 1.85231280
44.835387 1.67989856
44.934144 1.58763482
45.032900 1.59062326
45.131656 1.63034001
45.230413 1.61816942
45.329169 1.49384229
45.427926 1.25542795
45.526682 0.98338986
45.625438 0.82874285
45.724195 0.90904135
45.822951 1.19944764
45.921707 1.56464012
46.020464 1.88179903
46.119220 2.10015919
46.217976 2.21904548
46.316733 2.25250933
46.415489 2.21157279
46.514246 2.10082677
46.613002 1.91938049
46.711758 1.66405937
46.810515 1.34123131
46.909271 0.99414337
47.008027 0.72316898
47.106784 0.63401812
47.205540 0.73284603
47.304296 0.92534818
47.403053 1.13843251
47.501809 1.36695386
47.600565 1.61186208
47.699322 1.85975006
47.798078 2.09330468
47.896835 2.29121125
47.995591 2.44440888
48.094347 2.55909891
48.193104 2.64493139
48.291860 2.70969102
48.390616 2.75895120
48.489373 2.79646249
48.588129 2.82469304
48.686885 2.84499936
48.785642 2.85785537
48.884398 2.86405789
48.983155 2.86693931
49.081911 2.86895591
49.180667 2.87077725
49.279424 2.87253037
49.378180 2.87425157
49.476936 2.87595552
49.575693 2.87764942
49.674449 2.87933718
49.773205 2.88102107
49.871962 2.88270244
49.970718 2.88438215
50.069474 2.88606075
50.168231 2.88773859
50.266987 2.88941591
50.365744 2.89109287
50.464500 2.89276958
50.563256 2.89444611
50.662013 2.89612251
50.760769 2.89779820
50.859525 2.89946729
50.958282 2.90112920
51.057038 2.90278392
51.155794 2.90443148
51.254551 2.90607187
51.353307 2.90770511
51.452064 2.90933119
51.550820 2.91095013
51.649576 2.91256192
51.748333 2.91416656
51.847089 2.91576406
51.945845 2.91735441
52.044602 2.91893762
52.143358 2.92051369
52.242114 2.92208261
52.340871 2.92364439
52.439627 2.92519903
52.538383 2.92674653
52.637140 2.92828689
52.735896 2.92982010
52.834653 2.93134618
52.933409 2.93286511
53.032165 2.93437690
53.130922 2.93588156
53.229678 2.93737907
53.328434 2.93886944
53.427191 2.94035266
53.525947 2.94182875
53.624703 2.94329770
53.723460 2.94475951
53.822216 2.94621417
53.920973 2.94766170
54.019729 2.94910208
54.118485 2.95053532
54.217242 2.95196143
54.315998 2.95338039
54.414754 2.95479221
54.513511 2.95619689
54.612267 2.95759443
54.711023 2.95898483
54.809780 2.96036809
54.908536 2.96174420
55.007292 2.96311318
55.106049 2.96447502
55.204805 2.96582971
55.303562 2.96717727
55.402318 2.96851768
55.501074 2.96985096
55.599831 2.97117709
55.698587 2.97249608
55.797343 2.97380793
55.896100 2.97511265
55.994856 2.97641022
56.093612 2.97770065
56.192369 2.97898394
56.291125 2.98026009
56.389882 2.98152910
56.488638 2.98279096
56.587394 2.98404569
56.686151 2.98529328
56.784907 2.98653372
56.883663 2.98776703
56.982420 2.98899319
57.081176 2.99021222
57.179932 2.99142410
57.278689 2.99262885
57.377445 2.99382645
57.476201 2.99501691
57.574958 2.99620023
57.673714 2.99737641
57.772471 2.99854545
57.871227 2.99970735
57.969983 3.00086211
58.068740 3.00200973
58.167496 3.00315021
58.266252 3.00428355
58.365009 3.00540975
58.463765 3.00652880
58.562521 3.00764072
58.661278 3.00874549
58.760034 3.00984313
58.858791 3.01093362
58.957547 3.01201698
59.056303 3.01309319
59.155060 3.01416226
59.253816 3.01522420
59.352572 3.01627899
59.451329 3.01732664
59.550085 3.01836715
59.648841 3.01940052
59.747598 3.02042675
59.846354 3.02144584
59.945110 3.02245779
60.043867 3.02346259
60.142623 3.02446026
60.241380 3.02545079
60.340136 3.02643417
60.438892 3.02741042
60.537649 3.02837952
60.636405 3.02934149
60.735161 3.03029631
60.833918 3.03124400
60.932674 3.03218454
61.031430 3.03311794
61.130187 3.03404420
61.228943 3.03496332
61.327700 3.03587530
61.426456 3.03678014
61.525212 3.03767784
61.623969 3.03856840
61.722725 3.03945182
61.821481 3.04032809
61.920238 3.04119723
62.018994 3.04205923
62.117750 3.04291408
62.216507 3.04376180
62.315263 3.04460237
62.414019 3.04543580
62.512776 3.04626210
62.611532 3.04708125
62.710289 3.04789326
62.809045 3.04869813
62.907801 3.04949586
63.006558 3.05028645
63.105314 3.05106990
63.204070 3.05184621
63.302827 3.05261537
63.401583 3.05337740
63.500339 3.05413229
63.599096 3.05488003
63.697852 3.05562064
63.796609 3.05635410
63.895365 3.05708042
63.994121 3.05779961
64.092878 3.05851165
64.191634 3.05921655
64.290390 3.05991431
64.389147 3.06060493
64.487903 3.06128841
64.586659 3.06196475
64.685416 3.06263394
64.784172 3.06329600
64.882928 3.06395092
64.981685 3.06459869
65.080441 3.06523933
65.179198 3.06587282
65.277954 3.06649917
65.376710 3.06711839
65.475467 3.06773046
65.574223 3.06833539
65.672979 3.06893318
65.771736 3.06952383
65.870492 3.07010734
65.969248 3.07068370
66.068005 3.07125293
66.166761 3.07181502
66.265518 3.07236996
66.364274 3.07291776
66.463030 3.07345843
66.561787 3.07399195
66.660543 3.07451833
66.759299 3.07503757
66.858056 3.07554967
66.956812 3.07605463
67.055568 3.07655245
67.154325 3.07704313
67.253081 3.07752666
67.351837 3.07800306
67.450594 3.07847231
67.549350 3.07893443
67.648107 3.07938940
67.746863 3.07983723
67.845619 3.08027792
67.944376 3.08071147
68.043132 3.08113788
68.141888 3.08155715
68.240645 3.08196927
68.339401 3.08237426
68.438157 3.08277211
68.536914 3.08316281
68.635670 3.08354637
68.734427 3.08392279
68.833183 3.08429208
68.931939 3.08465422
69.030696 3.08500922
69.129452 3.08535707
69.228208 3.08569779
69.326965 3.08603137
69.425721 3.08635780
69.524477 3.08667710
69.623234 3.08698925
69.721990 3.08729426
69.820746 3.08759213
69.919503 3.08788286
70.018259 3.08816645
70.117016 3.08844290
70.215772 3.08871220
70.314528 3.08897437
70.413285 3.08922939
70.512041 3.08947728
70.610797 3.08971802
70.709554 3.08995162
70.808310 3.09017808
70.907066 3.09039740
71.005823 3.09060957
71.104579 3.09081461
71.203336 3.09101251
71.302092 3.09120326
71.400848 3.09138687
71.499605 3.09156334
71.598361 3.09173267
71.697117 3.09189547
71.795874 3.09205765
71.894630 3.09221984
71.993386 3.09238203
72.092143 3.09254422
72.190899 3.09270641
72.289655 3.09286860
72.388412 3.09303079
72.487168 3.09319307
72.585925 3.09335518
