0.098756 1.55161899
0.197513 1.55162137
0.296269 1.55161884
0.395025 1.55161859
0.493782 1.55161863
0.592538 1.55161867
0.691295 1.55161870
0.790051 1.55161874
0.888807 1.55161878
0.987564 1.55161881
1.086320 1.55161884
1.185076 1.55161887
1.283833 1.55161890
1.382589 1.55161893
1.481345 1.55161896
1.580102 1.55161898
1.678858 1.55161900
1.777614 1.55161902
1.876371 1.55161904
1.975127 1.55161905
2.073884 1.55161906
2.172640 1.55161907
2.271396 1.55161908
2.370153 1.55161908
2.468909 1.55161908
2.567665 1.55161907
2.666422 1.55161907
2.765178 1.55161905
2.863934 1.55161904
2.962691 1.55161902
3.061447 1.55161900
3.160204 1.55161897
3.258960 1.55161893
3.357716 1.55161890
3.456473 1.55161886
3.555229 1.55161881
3.653985 1.55161876
3.752742 1.55161870
3.851498 1.55161864
3.950254 1.55161857
4.049011 1.55161850
4.147767 1.55161842
4.246523 1.55161834
4.345280 1.55161825
4.444036 1.55161815
4.542793 1.55161805
4.641549 1.55161794
4.740305 1.55161783
4.839062 1.55161770
4.937818 1.55161758
5.036574 1.55161744
5.135331 1.55161730
5.234087 1.55161715
5.332843 1.55161699
5.431600 1.55161683
5.530356 1.55161666
5.629113 1.55161648
5.727869 1.55161629
5.826625 1.55161610
5.925382 1.55161589
6.024138 1.55161568
6.122894 1.55161546
6.221651 1.55161523
6.320407 1.55161500
6.419163 1.55161475
6.517920 1.55161450
6.616676 1.55161423
6.715432 1.55161396
6.814189 1.55161368
6.912945 1.55161339
7.011702 1.55161309
7.110458 1.55161278
7.209214 1.55161246
7.307971 1.55161213
7.406727 1.55161179
7.505483 1.55161144
7.604240 1.55161107
7.702996 1.55161070
7.801752 1.55161032
7.900509 1.55160993
7.999265 1.55160953
8.098022 1.55160911
8.196778 1.55160869
8.295534 1.55160825
8.394291 1.55160780
8.493047 1.55160734
8.591803 1.55160687
8.690560 1.55160639
8.789316 1.55160590
8.888072 1.55160539
8.986829 1.55160487
9.085585 1.55160434
9.184341 1.55160380
9.283098 1.55160324
9.381854 1.55160268
9.480611 1.55160210
9.579367 1.55160151
9.678123 1.55160090
9.776880 1.55160028
9.875636 1.55159965
9.974392 1.55159901
10.073149 1.55159835
10.171905 1.55159768
10.270661 1.55159700
10.369418 1.55159630
10.468174 1.55159559
10.566931 1.55159486
10.665687 1.55159413
10.764443 1.55159337
10.863200 1.55159261
10.961956 1.55159183
11.060712 1.55159103
11.159469 1.55159023
11.258225 1.55158940
11.356981 1.55158857
11.455738 1.55158772
11.554494 1.55158685
11.653250 1.55158597
11.752007 1.55158508
11.850763 1.55158417
11.949520 1.55158324
12.048276 1.55158230
12.147032 1.55158135
12.245789 1.55158038
12.344545 1.55157940
12.443301 1.55157840
12.542058 1.55157738
12.640814 1.55157635
12.739570 1.55157531
12.838327 1.55157425
12.937083 1.55157318
13.035840 1.55157209
13.134596 1.55157098
13.233352 1.55156986
13.332109 1.55156872
13.430865 1.55156757
13.529621 1.55156641
13.628378 1.55156522
13.727134 1.55156402
13.825890 1.55156281
13.924647 1.55156158
14.023403 1.55156034
14.122159 1.55155908
14.220916 1.55155780
14.319672 1.55155651
14.418429 1.55155520
14.517185 1.55155388
14.615941 1.55155254
14.714698 1.55155118
14.813454 1.55154981
14.912210 1.55154843
15.010967 1.55154702
15.109723 1.55154561
15.208479 1.55154417
15.307236 1.55154273
15.405992 1.55154126
15.504749 1.55153978
15.603505 1.55153828
15.702261 1.55153677
15.801018 1.55153524
15.899774 1.55153370
15.998530 1.55153214
16.097287 1.55153056
16.196043 1.55152897
16.294799 1.55152736
16.393556 1.55152573
16.492312 1.55152409
16.591068 1.55152243
16.689825 1.55152075
16.788581 1.55151905
16.887338 1.55151734
16.986094 1.55151560
17.084850 1.55151385
17.183607 1.55151207
17.282363 1.55151028
17.381119 1.55150845
17.479876 1.55150661
17.578632 1.55150473
17.677388 1.55150283
17.776145 1.55150090
17.874901 1.55149893
17.973658 1.55149692
18.072414 1.55149487
18.171170 1.55149276
18.269927 1.55149060
18.368683 1.55148838
18.467439 1.55148608
18.566196 1.55148369
18.664952 1.55148121
18.763708 1.55147860
18.862465 1.55147587
18.961221 1.55147296
19.059977 1.55146987
19.158734 1.55146655
19.257490 1.55146297
19.356247 1.55145906
19.455003 1.55145478
19.553759 1.55145004
19.652516 1.55144478
19.751272 1.55143885
19.850028 1.55143217
19.948785 1.55142455
20.047541 1.55141583
20.146297 1.55140577
20.245054 1.55139412
20.343810 1.55138052
20.442567 1.55136461
20.541323 1.55134588
20.640079 1.55132376
20.738836 1.55129753
20.837592 1.55126634
20.936348 1.55122911
21.035105 1.55118457
21.133861 1.55113110
21.232617 1.55106678
21.331374 1.55098919
21.430130 1.55089537
21.528886 1.55078164
21.627643 1.55064346
21.726399 1.55047512
21.825156 1.55026954
21.923912 1.55001778
22.022668 1.54970865
22.121425 1.54932792
22.220181 1.54885758
22.318937 1.54827461
22.417694 1.54754956
22.516450 1.54664444
22.615206 1.54551022
22.713963 1.54408304
22.812719 1.54227963
22.911476 1.53999058
23.010232 1.53707180
23.108988 1.53333213
23.207745 1.52851753
23.306501 1.52228785
23.405257 1.51418708
23.504014 1.50359940
23.602770 1.48969240
23.701526 1.47133313
23.800283 1.44697871
23.899039 1.41451521
23.997795 1.37104542
24.096552 1.31258209
24.195308 1.23363766
24.294065 1.12666329
24.392821 0.98126061
24.491577 0.78326539
24.590334 0.51324935
24.689090 0.14643937
24.787846 -0.33509044
24.886603 -0.87441546
24.985359 -1.23710228
25.084115 -1.21680388
25.182872 -0.99938270
25.281628 -0.92841574
25.380385 -1.17584833
25.479141 -1.79779248
25.577897 -2.82600609
25.676654 -4.28884764
25.775410 -6.18758709
25.874166 -8.40269439
25.972923 -10.52353970
26.071679 -11.85209222
26.170435 -11.92830923
26.269192 -11.09343901
26.367948 -10.21697733
26.466704 -9.97983105
26.565461 -10.53719227
26.664217 -11.48375173
26.762974 -11.99122227
26.861730 -11.37417728
26.960486 -9.71334302
27.059243 -7.67934987
27.157999 -5.85171126
27.256755 -4.44898642
27.355512 -3.48145030
27.454268 -2.91551373
27.553024 -2.73889919
27.651781 -2.97220598
27.750537 -3.65913120
27.849294 -4.84766194
27.948050 -6.53603956
28.046806 -8.53263111
28.145563 -10.29443174
28.244319 -11.10086419
28.343075 -10.71086486
28.441832 -9.69991246
28.540588 -8.92444261
28.639344 -8.90166149
28.738101 -9.65462963
28.836857 -10.70646666
28.935613 -11.21093899
29.034370 -10.53719968
29.133126 -8.84978287
29.231883 -6.85637200
29.330639 -5.12994340
29.429395 -3.87979300
29.528152 -3.10996175
29.626908 -2.77090085
29.725664 -2.82301029
29.824421 -3.25981232
29.923177 -4.11035486
30.021933 -5.42092882
30.120690 -7.18328340
30.219446 -9.16824753
30.318203 -10.78396903
30.416959 -11.34528118
30.515715 -10.75361646
30.614472 -9.68778329
30.713228 -8.97941817
30.811984 -9.06474297
30.910741 -9.88767963
31.009497 -10.89689779
31.108253 -11.22984726
31.207010 -10.35579906
31.305766 -8.56182925
31.404522 -6.57286407
31.503279 -4.90540905
31.602035 -3.72291267
31.700792 -3.01266069
31.799548 -2.72310393
31.898304 -2.81762269
31.997061 -3.29427117
32.095817 -4.18597241
32.194573 -5.53862976
32.293330 -7.33146504
32.392086 -9.30217413
32.490842 -10.82713364
32.589599 -11.25005937
32.688355 -10.55987459
32.787112 -9.48686085
32.885868 -8.83831562
32.984624 -8.99577024
33.083381 -9.84146496
33.182137 -10.76139009
33.280893 -10.89117160
33.379650 -9.80079846
33.478406 -7.87943224
33.577162 -5.85647612
33.675919 -4.20168723
33.774675 -3.05064228
33.873431 -2.38894998
33.972188 -2.17265178
34.070944 -2.37056699
34.169701 -2.98003938
34.268457 -4.02692747
34.367213 -5.54145184
34.465970 -7.46481541
34.564726 -9.46123838
34.663482 -10.85371090
34.762239 -11.06574817
34.860995 -10.26107410
34.959751 -9.24934998
35.058508 -8.77726573
35.157264 -9.12210171
35.256021 -10.05467033
35.354777 -10.86431480
35.453533 -10.71940013
35.552290 -9.38064966
35.651046 -7.38301590
35.749802 -5.43156300
35.848559 -3.90983558
35.947315 -2.90543765
36.046071 -2.39190061
36.144828 -2.32250872
36.243584 -2.65903758
36.342340 -3.38593504
36.441097 -4.51569994
36.539853 -6.06927201
36.638610 -7.97845567
36.737366 -9.89187659
36.836122 -11.13580821
36.934879 -11.19739738
37.033635 -10.32889030
37.132391 -9.36816966
37.231148 -9.01195571
37.329904 -9.41647562
37.428660 -10.15609117
37.527417 -10.39028238
37.626173 -9.47576812
37.724929 -7.56152808
37.823686 -5.33236423
37.922442 -3.34251485
38.021199 -1.79639752
38.119955 -0.70167782
38.218711 -0.01752210
38.317468 0.29447680
38.416224 0.27562114
38.514980 0.03192553
38.613737 -0.15247766
38.712493 0.03681104
38.811249 0.53570766
38.910006 1.06521529
39.008762 1.49798808
39.107519 1.83143560
39.206275 2.08776665
39.305031 2.28526220
39.403788 2.43713951
39.502544 2.55221376
39.601300 2.63571737
39.700057 2.69182967
39.798813 2.72409145
39.897569 2.73581909
39.996326 2.73785660
40.095082 2.73880626
40.193838 2.73946338
40.292595 2.74000187
40.391351 2.74048117
40.490108 2.74092728
40.588864 2.74135337
40.687620 2.74176673
40.786377 2.74217173
40.885133 2.74257110
40.983889 2.74296662
41.082646 2.74335949
41.181402 2.74375054
41.280158 2.74414040
41.378915 2.74452959
41.477671 2.74491866
41.576428 2.74530829
41.675184 2.74569963
41.773940 2.74609484
41.872697 2.74649864
41.971453 2.74692350
42.070209 2.74741355
42.168966 2.74816801
42.267722 2.74994412
42.366478 2.75272232
42.465235 2.75605975
42.563991 2.75924066
42.662747 2.76117430
42.761504 2.76022774
42.860260 2.75396626
42.959017 2.73877902
43.057773 2.70941421
43.156529 2.65810572
43.255286 2.57421324
43.354042 2.44636022
43.452798 2.27122859
43.551555 2.07474147
43.650311 1.92445480
43.749067 1.89219926
43.847824 1.98683461
43.946580 2.14457125
44.045337 2.28993966
44.144093 2.38266325
44.242849 2.41451427
44.341606 2.38941825
44.440362 2.31188809
44.539118 2.18517582
44.637875 2.01487867
44.736631 1.82025685
44.835387 1.64842366
44.934144 1.55916919
45.032900 1.56874775
45.131656 1.61995605
45.230413 1.62533108
45.329169 1.52224182
45.427926 1.29732340
45.526682 1.01121053
45.625438 0.80531438
45.724195 0.81925083
45.822951 1.06571448
45.921707 1.42344687
46.020464 1.75565815
46.119220 1.99408690
46.217976 2.13023816
46.316733 2.17716428
46.415489 2.14696108
46.514246 2.04554536
46.613002 1.87305524
46.711758 1.62647986
46.810515 1.30975485
46.909271 0.95926081
47.008027 0.66914463
47.106784 0.55195866
47.205540 0.63164987
47.304296 0.81927467
47.403053 1.02705630
47.501809 1.24169741
47.600565 1.47495421
47.699322 1.71909807
47.798078 1.95447398
47.896835 2.15720193
47.995591 2.31487714
48.094347 2.43219334
48.193104 2.51894736
48.291860 2.58342904
48.390616 2.63164276
48.489373 2.66769083
48.588129 2.69433225
48.686885 2.71319670
48.785642 2.72498822
48.884398 2.73022941
48.983155 2.73197271
49.081911 2.73268361
49.180667 2.73319467
49.279424 2.73364129
49.378180 2.73405957
49.476936 2.73446326
49.575693 2.73485879
49.674449 2.73524949
49.773205 2.73563723
49.871962 2.73602310
49.970718 2.73640777
50.069474 2.73679165
50.168231 2.73717501
50.266987 2.73755801
50.365744 2.73794078
50.464500 2.73832338
50.563256 2.73870587
50.662013 2.73908828
50.760769 2.73947053
50.859525 2.73985175
50.958282 2.74023183
51.057038 2.74061079
51.155794 2.74098863
51.254551 2.74136536
51.353307 2.74174098
51.452064 2.74211549
51.550820 2.74248889
51.649576 2.74286119
51.748333 2.74323239
51.847089 2.74360248
51.945845 2.74397147
52.044602 2.74433935
52.143358 2.74470613
52.242114 2.74507181
52.340871 2.74543638
52.439627 2.74579986
52.538383 2.74616223
52.637140 2.74652349
52.735896 2.74688366
52.834653 2.74724272
52.933409 2.74760068
53.032165 2.74795754
53.130922 2.74831329
53.229678 2.74866794
53.328434 2.74902149
53.427191 2.74937394
53.525947 2.74972528
53.624703 2.75007552
53.723460 2.75042466
53.822216 2.75077269
53.920973 2.75111963
54.019729 2.75146546
54.118485 2.75181019
54.217242 2.75215381
54.315998 2.75249633
54.414754 2.75283775
54.513511 2.75317807
54.612267 2.75351728
54.711023 2.75385540
54.809780 2.75419241
54.908536 2.75452831
55.007292 2.75486311
55.106049 2.75519681
55.204805 2.75552941
55.303562 2.75586091
55.402318 2.75619130
55.501074 2.75652059
55.599831 2.75684877
55.698587 2.75717586
55.797343 2.75750184
55.896100 2.75782672
55.994856 2.75815049
56.093612 2.75847316
56.192369 2.75879473
56.291125 2.75911520
56.389882 2.75943456
56.488638 2.75975282
56.587394 2.76006997
56.686151 2.76038603
56.784907 2.76070098
56.883663 2.76101482
56.982420 2.76132757
57.081176 2.76163921
57.179932 2.76194975
57.278689 2.76225918
57.377445 2.76256752
57.476201 2.76287474
57.574958 2.76318087
57.673714 2.76348589
57.772471 2.76378981
57.871227 2.76409263
57.969983 2.76439434
58.068740 2.76469495
58.167496 2.76499446
58.266252 2.76529286
58.365009 2.76559016
58.463765 2.76588636
58.562521 2.76618145
58.661278 2.76647544
58.760034 2.76676833
58.858791 2.76706011
58.957547 2.76735079
59.056303 2.76764037
59.155060 2.76792884
59.253816 2.76821621
59.352572 2.76850248
59.451329 2.76878765
59.550085 2.76907171
59.648841 2.76935466
59.747598 2.76963652
59.846354 2.76991727
59.945110 2.77019691
60.043867 2.77047546
60.142623 2.77075290
60.241380 2.77102924
60.340136 2.77130447
60.438892 2.77157860
60.537649 2.77185163
60.636405 2.77212355
60.735161 2.77239437
60.833918 2.77266409
60.932674 2.77293270
61.031430 2.77320021
61.130187 2.77346661
61.228943 2.77373192
61.327700 2.77399612
61.426456 2.77425921
61.525212 2.77452120
61.623969 2.77478209
61.722725 2.77504188
61.821481 2.77530056
61.920238 2.77555814
62.018994 2.77581461
62.117750 2.77606999
62.216507 2.77632425
62.315263 2.77657742
62.414019 2.77682948
62.512776 2.77708044
62.611532 2.77733029
62.710289 2.77757904
62.809045 2.77782669
62.907801 2.77807323
63.006558 2.77831867
63.105314 2.77856301
63.204070 2.77880624
63.302827 2.77904837
63.401583 2.77928940
63.500339 2.77952932
63.599096 2.77976814
63.697852 2.78000585
63.796609 2.78024247
63.895365 2.78047797
63.994121 2.78071238
64.092878 2.78094568
64.191634 2.78117788
64.290390 2.78140897
64.389147 2.78163896
64.487903 2.78186785
64.586659 2.78209563
64.685416 2.78232231
64.784172 2.78254789
64.882928 2.78277236
64.981685 2.78299573
65.080441 2.78321800
65.179198 2.78343916
65.277954 2.78365922
65.376710 2.78387818
65.475467 2.78409603
65.574223 2.78431278
65.672979 2.78452842
65.771736 2.78474296
65.870492 2.78495640
65.969248 2.78516874
66.068005 2.78537997
66.166761 2.78559010
66.265518 2.78579912
66.364274 2.78600704
66.463030 2.78621386
66.561787 2.78641957
66.660543 2.78662418
66.759299 2.78682769
66.858056 2.78703009
66.956812 2.78723139
67.055568 2.78743159
67.154325 2.78763068
67.253081 2.78782867
67.351837 2.78802556
67.450594 2.78822134
67.549350 2.78841602
67.648107 2.78860959
67.746863 2.78880206
67.845619 2.78899343
67.944376 2.78918370
68.043132 2.78937286
68.141888 2.78956092
68.240645 2.78974787
68.339401 2.78993372
68.438157 2.79011847
68.536914 2.79030212
68.635670 2.79048466
68.734427 2.79066610
68.833183 2.79084643
68.931939 2.79102566
69.030696 2.79120379
69.129452 2.79138081
69.228208 2.79155673
69.326965 2.79173155
69.425721 2.79190527
69.524477 2.79207788
69.623234 2.79224938
69.721990 2.79241979
69.820746 2.79258909
69.919503 2.79275729
70.018259 2.79292438
70.117016 2.79309037
70.215772 2.79325526
70.314528 2.79341904
70.413285 2.79358172
70.512041 2.79374330
70.610797 2.79390377
70.709554 2.79406314
70.808310 2.79422141
70.907066 2.79437858
71.005823 2.79453464
71.104579 2.79468959
71.203336 2.79484345
71.302092 2.79499620
71.400848 2.79514785
71.499605 2.79529839
71.598361 2.79544783
71.697117 2.79559626
71.795874 2.79574460
71.894630 2.79589294
71.993386 2.79604128
72.092143 2.79618962
72.190899 2.79633795
72.289655 2.79648629
72.388412 2.79663464
72.487168 2.79678306
72.585925 2.79693132
