0.098756 1.54590257
0.197513 1.54590557
0.296269 1.54590242
0.395025 1.54590211
0.493782 1.54590214
0.592538 1.54590220
0.691295 1.54590224
0.790051 1.54590229
0.888807 1.54590234
0.987564 1.54590238
1.086320 1.54590242
1.185076 1.54590246
1.283833 1.54590250
1.382589 1.54590253
1.481345 1.54590257
1.580102 1.54590260
1.678858 1.54590262
1.777614 1.54590265
1.876371 1.54590267
1.975127 1.54590269
2.073884 1.54590270
2.172640 1.54590271
2.271396 1.54590272
2.370153 1.54590272
2.468909 1.54590272
2.567665 1.54590272
2.666422 1.54590271
2.765178 1.54590270
2.863934 1.54590268
2.962691 1.54590265
3.061447 1.54590263
3.160204 1.54590259
3.258960 1.54590256
3.357716 1.54590251
3.456473 1.54590247
3.555229 1.54590241
3.653985 1.54590235
3.752742 1.54590228
3.851498 1.54590221
3.950254 1.54590214
4.049011 1.54590205
4.147767 1.54590196
4.246523 1.54590187
4.345280 1.54590176
4.444036 1.54590166
4.542793 1.54590154
4.641549 1.54590142
4.740305 1.54590129
4.839062 1.54590116
4.937818 1.54590101
5.036574 1.54590086
5.135331 1.54590071
5.234087 1.54590055
5.332843 1.54590037
5.431600 1.54590020
5.530356 1.54590001
5.629113 1.54589982
5.727869 1.54589962
5.826625 1.54589942
5.925382 1.54589920
6.024138 1.54589898
6.122894 1.54589875
6.221651 1.54589852
6.320407 1.54589828
6.419163 1.54589803
6.517920 1.54589777
6.616676 1.54589751
6.715432 1.54589724
6.814189 1.54589696
6.912945 1.54589667
7.011702 1.54589638
7.110458 1.54589608
7.209214 1.54589578
7.307971 1.54589546
7.406727 1.54589515
7.505483 1.54589482
7.604240 1.54589449
7.702996 1.54589415
7.801752 1.54589381
7.900509 1.54589345
7.999265 1.54589310
8.098022 1.54589273
8.196778 1.54589237
8.295534 1.54589199
8.394291 1.54589161
8.493047 1.54589123
8.591803 1.54589084
8.690560 1.54589044
8.789316 1.54589004
8.888072 1.54588964
8.986829 1.54588923
9.085585 1.54588882
9.184341 1.54588840
9.283098 1.54588798
9.381854 1.54588756
9.480611 1.54588713
9.579367 1.54588671
9.678123 1.54588627
9.776880 1.54588584
9.875636 1.54588540
9.974392 1.54588497
10.073149 1.54588453
10.171905 1.54588409
10.270661 1.54588365
10.369418 1.54588321
10.468174 1.54588277
10.566931 1.54588233
10.665687 1.54588189
10.764443 1.54588146
10.863200 1.54588101
10.961956 1.54588059
11.060712 1.54588015
11.159469 1.54587973
11.258225 1.54587930
11.356981 1.54587888
11.455738 1.54587846
11.554494 1.54587805
11.653250 1.54587764
11.752007 1.54587725
11.850763 1.54587685
11.949520 1.54587647
12.048276 1.54587608
12.147032 1.54587571
12.245789 1.54587534
12.344545 1.54587500
12.443301 1.54587465
12.542058 1.54587432
12.640814 1.54587399
12.739570 1.54587368
12.838327 1.54587338
12.937083 1.54587310
13.035840 1.54587282
13.134596 1.54587257
13.233352 1.54587232
13.332109 1.54587210
13.430865 1.54587188
13.529621 1.54587169
13.628378 1.54587151
13.727134 1.54587135
13.825890 1.54587121
13.924647 1.54587109
14.023403 1.54587099
14.122159 1.54587092
14.220916 1.54587085
14.319672 1.54587083
14.418429 1.54587081
14.517185 1.54587084
14.615941 1.54587087
14.714698 1.54587095
14.813454 1.54587103
14.912210 1.54587116
15.010967 1.54587131
15.109723 1.54587150
15.208479 1.54587170
15.307236 1.54587195
15.405992 1.54587222
15.504749 1.54587253
15.603505 1.54587287
15.702261 1.54587325
15.801018 1.54587366
15.899774 1.54587411
15.998530 1.54587459
16.097287 1.54587512
16.196043 1.54587568
16.294799 1.54587629
16.393556 1.54587692
16.492312 1.54587761
16.591068 1.54587833
16.689825 1.54587911
16.788581 1.54587991
16.887338 1.54588077
16.986094 1.54588166
17.084850 1.54588261
17.183607 1.54588359
17.282363 1.54588462
17.381119 1.54588569
17.479876 1.54588681
17.578632 1.54588796
17.677388 1.54588917
17.776145 1.54589039
17.874901 1.54589168
17.973658 1.54589297
18.072414 1.54589432
18.171170 1.54589568
18.269927 1.54589707
18.368683 1.54589846
18.467439 1.54589987
18.566196 1.54590126
18.664952 1.54590265
18.763708 1.54590399
18.862465 1.54590530
18.961221 1.54590651
19.059977 1.54590764
19.158734 1.54590862
19.257490 1.54590945
19.356247 1.54591004
19.455003 1.54591036
19.553759 1.54591032
19.652516 1.54590987
19.751272 1.54590887
19.850028 1.54590724
19.948785 1.54590478
20.047541 1.54590136
20.146297 1.54589673
20.245054 1.54589066
20.343810 1.54588281
20.442567 1.54587282
20.541323 1.54586019
20.640079 1.54584439
20.738836 1.54582471
20.837592 1.54580033
20.936348 1.54577019
21.035105 1.54573309
21.133861 1.54568743
21.232617 1.54563137
21.331374 1.54556254
21.430130 1.54547811
21.528886 1.54537447
21.627643 1.54524724
21.726399 1.54509086
21.825156 1.54489848
21.923912 1.54466142
22.022668 1.54436882
22.121425 1.54400687
22.220181 1.54355809
22.318937 1.54300014
22.417694 1.54230446
22.516450 1.54143419
22.615206 1.54034175
22.713963 1.53896522
22.812719 1.53722387
22.911476 1.53501158
23.010232 1.53218869
23.108988 1.52856992
23.207745 1.52390910
23.306501 1.51787667
23.405257 1.51003092
23.504014 1.49977545
23.602770 1.48630426
23.701526 1.46852059
23.800283 1.44493109
23.899039 1.41349002
23.997795 1.37139402
24.096552 1.31478520
24.195308 1.23835400
24.294065 1.13479455
24.392821 0.99404174
24.491577 0.80237557
24.590334 0.54095250
24.689090 0.18544277
24.787846 -0.28437865
24.886603 -0.82443586
24.985359 -1.21673775
25.084115 -1.23183456
25.182872 -1.01545522
25.281628 -0.91719907
25.380385 -1.12740505
25.479141 -1.70830165
25.577897 -2.69263002
25.676654 -4.10955329
25.775410 -5.96546886
25.874166 -8.16098674
25.972923 -10.32358645
26.071679 -11.77018037
26.170435 -11.97955996
26.269192 -11.20297470
26.367948 -10.28906631
26.466704 -9.96490109
26.565461 -10.44482767
26.664217 -11.37929622
26.762974 -11.96611036
26.861730 -11.47038765
26.960486 -9.88741198
27.059243 -7.86049220
27.157999 -6.00156459
27.256755 -4.56227051
27.355512 -3.56389463
27.454268 -2.97046694
27.553024 -2.76390023
27.651781 -2.96024163
27.750537 -3.60149937
27.849294 -4.73778717
27.948050 -6.37803690
28.046806 -8.35964751
28.145563 -10.17747213
28.244319 -11.10367788
28.343075 -10.81920129
28.441832 -9.83000382
28.540588 -8.99885890
28.639344 -8.89119663
28.738101 -9.58055709
28.836857 -10.64044801
28.935613 -11.24417268
29.034370 -10.70315924
29.133126 -9.09527150
29.231883 -7.10469952
29.330639 -5.33663127
29.429395 -4.03023262
29.528152 -3.19995774
29.626908 -2.79752668
29.725664 -2.78366675
29.824421 -3.15305606
29.923177 -3.93617122
30.021933 -5.18222065
30.120690 -6.89538148
30.219446 -8.88073972
30.318203 -10.58465440
30.416959 -11.29786886
30.515715 -10.82432287
30.614472 -9.77508963
30.713228 -9.00163900
30.811984 -8.99647347
30.910741 -9.75770502
31.009497 -10.78412053
31.108253 -11.22241477
31.207010 -10.47306073
31.305766 -8.74202317
31.404522 -6.74439511
31.503279 -5.03459061
31.602035 -3.80619194
31.700792 -3.05726218
31.799548 -2.73657932
31.898304 -2.80330383
31.997061 -3.24941391
32.095817 -4.10281352
32.194573 -5.41003238
32.293330 -7.16565173
32.392086 -9.14681630
32.490842 -10.76811620
32.589599 -11.34254597
32.688355 -10.76121281
32.787112 -9.69668224
32.885868 -8.98346666
32.984624 -9.06161956
33.083381 -9.87283984
33.182137 -10.85880406
33.280893 -11.15590951
33.379650 -10.24606857
33.478406 -8.43063207
33.577162 -6.43678906
33.675919 -4.77706492
33.774675 -3.61417276
33.873431 -2.93755137
33.972188 -2.69571037
34.070944 -2.84672559
34.169701 -3.37889516
34.268457 -4.31527723
34.367213 -5.69607384
34.465970 -7.49952387
34.564726 -9.46399780
34.663482 -10.96754569
34.762239 -11.36123835
34.860995 -10.64646136
34.959751 -9.56099445
35.058508 -8.91001571
35.157264 -9.06671498
35.256021 -9.89907021
35.354777 -10.77650092
35.453533 -10.83628522
35.552290 -9.67832553
35.651046 -7.71888455
35.749802 -5.68682285
35.848559 -4.04007266
35.947315 -2.90998583
36.046071 -2.28482343
36.144828 -2.12126075
36.243584 -2.37876097
36.342340 -3.03344423
36.441097 -4.08590984
36.539853 -5.55342179
36.638610 -7.39792844
36.737366 -9.34751135
36.836122 -10.78345068
36.934879 -11.09490971
37.033635 -10.34411613
37.132391 -9.30026203
37.231148 -8.74340246
37.329904 -8.95458876
37.428660 -9.62289285
37.527417 -9.95525486
37.626173 -9.20904654
37.724929 -7.37268913
37.823686 -5.08772340
37.922442 -2.97814483
38.021199 -1.31578274
38.119955 -0.13298023
38.218711 0.61100242
38.317468 0.96194596
38.416224 0.96505325
38.514980 0.71191200
38.613737 0.45621708
38.712493 0.54007946
38.811249 0.97572701
38.910006 1.48681491
39.008762 1.91250541
39.107519 2.23728232
39.206275 2.48241088
39.305031 2.66705181
39.403788 2.80567959
39.502544 2.90861215
39.601300 2.98320139
39.700057 3.03432472
39.798813 3.06507796
39.897569 3.07788123
39.996326 3.07957333
40.095082 3.08025193
40.193838 3.08067856
40.292595 3.08101454
40.391351 3.08130828
40.490108 3.08157895
40.588864 3.08183573
40.687620 3.08208360
40.786377 3.08232551
40.885133 3.08256332
40.983889 3.08279825
41.082646 3.08303114
41.181402 3.08326255
41.280158 3.08349291
41.378915 3.08372256
41.477671 3.08395186
41.576428 3.08418130
41.675184 3.08441180
41.773940 3.08464527
41.872697 3.08488628
41.971453 3.08514780
42.070209 3.08547878
42.168966 3.08611788
42.267722 3.08780078
42.366478 3.09044384
42.465235 3.09358304
42.563991 3.09647753
42.662747 3.09799756
42.761504 3.09645304
42.860260 3.08932468
42.959017 3.07286975
43.057773 3.04165872
43.156529 2.98767157
43.255286 2.90001908
43.354042 2.76754940
43.452798 2.58862313
43.551555 2.39278594
43.650311 2.25042636
43.749067 2.23035089
43.847824 2.33379991
43.946580 2.49290459
44.045337 2.63430173
44.144093 2.72130482
44.242849 2.74749620
44.341606 2.71715480
44.440362 2.63466792
44.539118 2.50324691
44.637875 2.32918115
44.736631 2.13390745
44.835387 1.96714833
44.934144 1.88725820
45.032900 1.90353095
45.131656 1.95308191
45.230413 1.94890801
45.329169 1.83271093
45.427926 1.59803161
45.526682 1.31468924
45.625438 1.12825100
45.724195 1.16846340
45.822951 1.43150333
45.921707 1.79003895
46.020464 2.11340031
46.119220 2.34083828
46.217976 2.46711091
46.316733 2.50558098
46.415489 2.46777984
46.514246 2.35896310
46.613002 2.17877397
46.711758 1.92431628
46.810515 1.60159228
46.909271 1.25239373
47.008027 0.97585842
47.106784 0.87959802
47.205540 0.97378296
47.304296 1.16371499
47.403053 1.37127904
47.501809 1.59122937
47.600565 1.82871003
47.699322 2.07170231
47.798078 2.30296793
47.896835 2.50049973
47.995591 2.65340673
48.094347 2.76700016
48.193104 2.85097283
48.291860 2.91335838
48.390616 2.95995746
48.489373 2.99471508
48.588129 3.02027300
48.686885 3.03815840
48.785642 3.04899853
48.884398 3.05358638
48.983155 3.05499961
49.081911 3.05552301
49.180667 3.05586606
49.279424 3.05615029
49.378180 3.05640848
49.476936 3.05665323
49.575693 3.05689048
49.674449 3.05712329
49.773205 3.05735340
49.871962 3.05758180
49.970718 3.05780910
50.069474 3.05803569
50.168231 3.05826180
50.266987 3.05848760
50.365744 3.05871319
50.464500 3.05893863
50.563256 3.05916397
50.662013 3.05938924
50.760769 3.05961444
50.859525 3.05983934
50.958282 3.06006392
51.057038 3.06028820
51.155794 3.06051218
51.254551 3.06073586
51.353307 3.06095924
51.452064 3.06118233
51.550820 3.06140513
51.649576 3.06162763
51.748333 3.06184984
51.847089 3.06207176
51.945845 3.06229340
52.044602 3.06251474
52.143358 3.06273579
52.242114 3.06295655
52.340871 3.06317702
52.439627 3.06339721
52.538383 3.06361710
52.637140 3.06383670
52.735896 3.06405602
52.834653 3.06427504
52.933409 3.06449378
53.032165 3.06471222
53.130922 3.06493038
53.229678 3.06514825
53.328434 3.06536583
53.427191 3.06558312
53.525947 3.06580012
53.624703 3.06601683
53.723460 3.06623325
53.822216 3.06644938
53.920973 3.06666523
54.019729 3.06688078
54.118485 3.06709605
54.217242 3.06731103
54.315998 3.06752571
54.414754 3.06774011
54.513511 3.06795422
54.612267 3.06816804
54.711023 3.06838157
54.809780 3.06859481
54.908536 3.06880777
55.007292 3.06902043
55.106049 3.06923280
55.204805 3.06944489
55.303562 3.06965669
55.402318 3.06986819
55.501074 3.07007941
55.599831 3.07029034
55.698587 3.07050098
55.797343 3.07071133
55.896100 3.07092140
55.994856 3.07113117
56.093612 3.07134065
56.192369 3.07154985
56.291125 3.07175875
56.389882 3.07196737
56.488638 3.07217570
56.587394 3.07238374
56.686151 3.07259149
56.784907 3.07279895
56.883663 3.07300612
56.982420 3.07321300
57.081176 3.07341960
57.179932 3.07362590
57.278689 3.07383192
57.377445 3.07403764
57.476201 3.07424308
57.574958 3.07444823
57.673714 3.07465309
57.772471 3.07485766
57.871227 3.07506194
57.969983 3.07526593
58.068740 3.07546963
58.167496 3.07567304
58.266252 3.07587617
58.365009 3.07607900
58.463765 3.07628155
58.562521 3.07648381
58.661278 3.07668577
58.760034 3.07688745
58.858791 3.07708884
58.957547 3.07728994
59.056303 3.07749075
59.155060 3.07769127
59.253816 3.07789151
59.352572 3.07809145
59.451329 3.07829110
59.550085 3.07849047
59.648841 3.07868954
59.747598 3.07888833
59.846354 3.07908683
59.945110 3.07928503
60.043867 3.07948295
60.142623 3.07968058
60.241380 3.07987792
60.340136 3.08007497
60.438892 3.08027173
60.537649 3.08046820
60.636405 3.08066439
60.735161 3.08086028
60.833918 3.08105588
60.932674 3.08125120
61.031430 3.08144622
61.130187 3.08164096
61.228943 3.08183540
61.327700 3.08202956
61.426456 3.08222343
61.525212 3.08241700
61.623969 3.08261029
61.722725 3.08280329
61.821481 3.08299600
61.920238 3.08318842
62.018994 3.08338055
62.117750 3.08357239
62.216507 3.08376394
62.315263 3.08395520
62.414019 3.08414617
62.512776 3.08433686
62.611532 3.08452725
62.710289 3.08471735
62.809045 3.08490716
62.907801 3.08509669
63.006558 3.08528592
63.105314 3.08547487
63.204070 3.08566352
63.302827 3.08585189
63.401583 3.08603996
63.500339 3.08622775
63.599096 3.08641524
63.697852 3.08660245
63.796609 3.08678937
63.895365 3.08697599
63.994121 3.08716233
64.092878 3.08734838
64.191634 3.08753413
64.290390 3.08771960
64.389147 3.08790478
64.487903 3.08808966
64.586659 3.08827426
64.685416 3.08845857
64.784172 3.08864259
64.882928 3.08882631
64.981685 3.08900975
65.080441 3.08919290
65.179198 3.08937576
65.277954 3.08955832
65.376710 3.08974060
65.475467 3.08992259
65.574223 3.09010429
65.672979 3.09028569
65.771736 3.09046681
65.870492 3.09064764
65.969248 3.09082818
66.068005 3.09100842
66.166761 3.09118838
66.265518 3.09136805
66.364274 3.09154742
66.463030 3.09172651
66.561787 3.09190531
66.660543 3.09208381
66.759299 3.09226203
66.858056 3.09243995
66.956812 3.09261759
67.055568 3.09279493
67.154325 3.09297198
67.253081 3.09314875
67.351837 3.09332522
67.450594 3.09350141
67.549350 3.09367730
67.648107 3.09385290
67.746863 3.09402821
67.845619 3.09420323
67.944376 3.09437796
68.043132 3.09455241
68.141888 3.09472655
68.240645 3.09490041
68.339401 3.09507398
68.438157 3.09524726
68.536914 3.09542025
68.635670 3.09559295
68.734427 3.09576535
68.833183 3.09593747
68.931939 3.09610929
69.030696 3.09628083
69.129452 3.09645207
69.228208 3.09662303
69.326965 3.09679369
69.425721 3.09696406
69.524477 3.09713414
69.623234 3.09730393
69.721990 3.09747343
69.820746 3.09764264
69.919503 3.09781156
70.018259 3.09798018
70.117016 3.09814852
70.215772 3.09831656
70.314528 3.09848432
70.413285 3.09865178
70.512041 3.09881895
70.610797 3.09898584
70.709554 3.09915243
70.808310 3.09931873
70.907066 3.09948473
71.005823 3.09965045
71.104579 3.09981588
71.203336 3.09998101
71.302092 3.10014586
71.400848 3.10031041
71.499605 3.10047467
71.598361 3.10063864
71.697117 3.10080235
71.795874 3.10096603
71.894630 3.10112971
71.993386 3.10129339
72.092143 3.10145707
72.190899 3.10162075
72.289655 3.10178443
72.388412 3.10194812
72.487168 3.10211189
72.585925 3.10227549
