0.098756 1.55224307
0.197513 1.55224526
0.296269 1.55224294
0.395025 1.55224271
0.493782 1.55224274
0.592538 1.55224278
0.691295 1.55224282
0.790051 1.55224285
0.888807 1.55224288
0.987564 1.55224291
1.086320 1.55224294
1.185076 1.55224296
1.283833 1.55224298
1.382589 1.55224300
1.481345 1.55224302
1.580102 1.55224303
1.678858 1.55224304
1.777614 1.55224305
1.876371 1.55224305
1.975127 1.55224305
2.073884 1.55224304
2.172640 1.55224303
2.271396 1.55224301
2.370153 1.55224299
2.468909 1.55224297
2.567665 1.55224294
2.666422 1.55224290
2.765178 1.55224285
2.863934 1.55224280
2.962691 1.55224275
3.061447 1.55224268
3.160204 1.55224261
3.258960 1.55224253
3.357716 1.55224245
3.456473 1.55224236
3.555229 1.55224226
3.653985 1.55224215
3.752742 1.55224203
3.851498 1.55224190
3.950254 1.55224177
4.049011 1.55224162
4.147767 1.55224147
4.246523 1.55224130
4.345280 1.55224113
4.444036 1.55224095
4.542793 1.55224075
4.641549 1.55224055
4.740305 1.55224033
4.839062 1.55224010
4.937818 1.55223986
5.036574 1.55223961
5.135331 1.55223935
5.234087 1.55223907
5.332843 1.55223878
5.431600 1.55223847
5.530356 1.55223816
5.629113 1.55223783
5.727869 1.55223748
5.826625 1.55223712
5.925382 1.55223675
6.024138 1.55223636
6.122894 1.55223596
6.221651 1.55223554
6.320407 1.55223510
6.419163 1.55223465
6.517920 1.55223418
6.616676 1.55223369
6.715432 1.55223319
6.814189 1.55223267
6.912945 1.55223213
7.011702 1.55223158
7.110458 1.55223100
7.209214 1.55223041
7.307971 1.55222979
7.406727 1.55222916
7.505483 1.55222851
7.604240 1.55222783
7.702996 1.55222714
7.801752 1.55222642
7.900509 1.55222568
7.999265 1.55222492
8.098022 1.55222414
8.196778 1.55222333
8.295534 1.55222251
8.394291 1.55222165
8.493047 1.55222078
8.591803 1.55221988
8.690560 1.55221896
8.789316 1.55221800
8.888072 1.55221703
8.986829 1.55221603
9.085585 1.55221501
9.184341 1.55221395
9.283098 1.55221287
9.381854 1.55221176
9.480611 1.55221063
9.579367 1.55220946
9.678123 1.55220827
9.776880 1.55220704
9.875636 1.55220579
9.974392 1.55220451
10.073149 1.55220319
10.171905 1.55220185
10.270661 1.55220047
10.369418 1.55219906
10.468174 1.55219763
10.566931 1.55219615
10.665687 1.55219465
10.764443 1.55219311
10.863200 1.55219153
10.961956 1.55218992
11.060712 1.55218828
11.159469 1.55218660
11.258225 1.55218489
11.356981 1.55218313
11.455738 1.55218135
11.554494 1.55217952
11.653250 1.55217766
11.752007 1.55217575
11.850763 1.55217381
11.949520 1.55217183
12.048276 1.55216981
12.147032 1.55216775
12.245789 1.55216565
12.344545 1.55216350
12.443301 1.55216132
12.542058 1.55215909
12.640814 1.55215682
12.739570 1.55215451
12.838327 1.55215215
12.937083 1.55214975
13.035840 1.55214731
13.134596 1.55214481
13.233352 1.55214228
13.332109 1.55213969
13.430865 1.55213707
13.529621 1.55213439
13.628378 1.55213166
13.727134 1.55212889
13.825890 1.55212607
13.924647 1.55212320
14.023403 1.55212028
14.122159 1.55211731
14.220916 1.55211429
14.319672 1.55211121
14.418429 1.55210809
14.517185 1.55210491
14.615941 1.55210168
14.714698 1.55209840
14.813454 1.55209507
14.912210 1.55209167
15.010967 1.55208823
15.109723 1.55208473
15.208479 1.55208117
15.307236 1.55207756
15.405992 1.55207389
15.504749 1.55207016
15.603505 1.55206638
15.702261 1.55206254
15.801018 1.55205863
15.899774 1.55205467
15.998530 1.55205065
16.097287 1.55204657
16.196043 1.55204242
16.294799 1.55203822
16.393556 1.55203395
16.492312 1.55202961
16.591068 1.55202522
16.689825 1.55202075
16.788581 1.55201622
16.887338 1.55201163
16.986094 1.55200696
17.084850 1.55200223
17.183607 1.55199742
17.282363 1.55199254
17.381119 1.55198758
17.479876 1.55198255
17.578632 1.55197744
17.677388 1.55197225
17.776145 1.55196697
17.874901 1.55196161
17.973658 1.55195614
18.072414 1.55195058
18.171170 1.55194492
18.269927 1.55193914
18.368683 1.55193324
18.467439 1.55192721
18.566196 1.55192103
18.664952 1.55191470
18.763708 1.55190818
18.862465 1.55190148
18.961221 1.55189455
19.059977 1.55188737
19.158734 1.55187990
19.257490 1.55187210
19.356247 1.55186392
19.455003 1.55185531
19.553759 1.55184617
19.652516 1.55183643
19.751272 1.55182598
19.850028 1.55181470
19.948785 1.55180241
20.047541 1.55178896
20.146297 1.55177409
20.245054 1.55175756
20.343810 1.55173902
20.442567 1.55171808
20.541323 1.55169424
20.640079 1.55166695
20.738836 1.55163545
20.837592 1.55159891
20.936348 1.55155624
21.035105 1.55150615
21.133861 1.55144704
21.232617 1.55137697
21.331374 1.55129349
21.430130 1.55119367
21.528886 1.55107378
21.627643 1.55092928
21.726399 1.55075442
21.825156 1.55054212
21.923912 1.55028337
22.022668 1.54996694
22.121425 1.54957854
22.220181 1.54910008
22.318937 1.54850842
22.417694 1.54777398
22.516450 1.54685860
22.615206 1.54571300
22.713963 1.54427302
22.812719 1.54245500
22.911476 1.54014895
23.010232 1.53721009
23.108988 1.53344627
23.207745 1.52860215
23.306501 1.52233578
23.405257 1.51418876
23.504014 1.50354191
23.602770 1.48955831
23.701526 1.47109871
23.800283 1.44661167
23.899039 1.41397126
23.997795 1.37026387
24.096552 1.31147939
24.195308 1.23209891
24.294065 1.12453058
24.392821 0.97831713
24.491577 0.77921577
24.590334 0.50769596
24.689090 0.13891916
24.787846 -0.34453983
24.886603 -0.88325162
24.985359 -1.24000811
25.084115 -1.21313172
25.182872 -0.99545658
25.281628 -0.92900822
25.380385 -1.18252990
25.479141 -1.81117001
25.577897 -2.84658014
25.676654 -4.31698845
25.775410 -6.22271639
25.874166 -8.44074984
25.972923 -10.55430845
26.071679 -11.86359218
26.170435 -11.91896902
26.269192 -11.07559219
26.367948 -10.20540760
26.466704 -9.98174404
26.565461 -10.55048328
26.664217 -11.49757886
26.762974 -11.99117620
26.861730 -11.35447356
26.960486 -9.68170323
27.059243 -7.64724180
27.157999 -5.82534083
27.256755 -4.42953069
27.355512 -3.46834779
27.454268 -2.90829722
27.553024 -2.73765572
27.651781 -2.97750148
27.750537 -3.67176334
27.849294 -4.86819558
27.948050 -6.56346303
28.046806 -8.56147445
28.145563 -10.31366233
28.244319 -11.10121692
28.343075 -10.69526060
28.441832 -9.68124045
28.540588 -8.91402196
28.639344 -8.90350863
28.738101 -9.66549080
28.836857 -10.71615027
28.935613 -11.20705624
29.034370 -10.51581360
29.133126 -8.81857132
29.231883 -6.82553334
29.330639 -5.10493642
29.429395 -3.86193877
29.528152 -3.09911663
29.626908 -2.76679151
29.725664 -2.82556337
29.824421 -3.26918516
29.923177 -4.12685882
30.021933 -5.44463760
30.120690 -7.21260826
30.219446 -9.19718586
30.318203 -10.80198004
30.416959 -11.34526634
30.515715 -10.74033765
30.614472 -9.67350565
30.713228 -8.97352732
30.811984 -9.06986611
30.910741 -9.90003041
31.009497 -10.90685426
31.108253 -11.22716399
31.207010 -10.33879602
31.305766 -8.53817442
31.404522 -6.55092013
31.503279 -4.88898353
31.602035 -3.71242497
31.700792 -3.00739903
31.799548 -2.72236211
31.898304 -2.82114142
31.997061 -3.30238444
32.095817 -4.19947088
32.194573 -5.55813528
32.293330 -7.35574458
32.392086 -9.32545367
32.490842 -10.83962781
32.589599 -11.24615693
32.688355 -10.54520076
32.787112 -9.47298035
32.885868 -8.83332717
32.984624 -9.00134060
33.083381 -9.85310656
33.182137 -10.76927634
33.280893 -10.88607192
33.379650 -9.78259373
33.478406 -7.85620484
33.577162 -5.83590495
33.675919 -4.18701659
33.774675 -3.04226122
33.873431 -2.38639787
33.972188 -2.17550371
34.070944 -2.37875335
34.169701 -2.99396060
34.268457 -4.04732066
34.367213 -5.56864515
34.465970 -7.49664289
34.564726 -9.49025354
34.663482 -10.86925354
34.762239 -11.06392468
34.860995 -10.25027451
34.959751 -9.24222985
35.058508 -8.78140496
35.157264 -9.13794275
35.256021 -10.07573879
35.354777 -10.87900725
35.453533 -10.71929591
35.552290 -9.36868173
35.651046 -7.36930756
35.749802 -5.42383534
35.848559 -3.91069763
35.947315 -2.91459575
36.046071 -2.40794996
36.144828 -2.34368213
36.243584 -2.68379294
36.342340 -3.41363751
36.441097 -4.54697264
36.539853 -6.10516973
36.638610 -8.01753894
36.737366 -9.92658203
36.836122 -11.15526146
36.934879 -11.19912370
37.033635 -10.32392473
37.132391 -9.37094498
37.231148 -9.02987039
37.329904 -9.44721755
37.428660 -10.18817253
37.527417 -10.40932575
37.626173 -9.47717075
37.724929 -7.55403145
37.823686 -5.32730135
37.922442 -3.34542923
38.021199 -1.80815955
38.119955 -0.72187397
38.218711 -0.04586170
38.317468 0.25812886
38.416224 0.23188279
38.514980 -0.01640174
38.613737 -0.19953994
38.712493 -0.00633765
38.811249 0.49243347
38.910006 1.01826121
39.008762 1.44675945
39.107519 1.77633759
39.206275 2.02926686
39.305031 2.22378752
39.403788 2.37305708
39.502544 2.48581527
39.601300 2.56727301
39.700057 2.62172986
39.798813 2.65270994
39.897569 2.66363531
39.996326 2.66543705
40.095082 2.66622030
40.193838 2.66673183
40.292595 2.66713287
40.391351 2.66747861
40.490108 2.66779327
40.588864 2.66808909
40.687620 2.66837291
40.786377 2.66864879
40.885133 2.66891931
40.983889 2.66918615
41.082646 2.66945043
41.181402 2.66971296
41.280158 2.66997433
41.378915 2.67023505
41.477671 2.67049561
41.576428 2.67075670
41.675184 2.67101942
41.773940 2.67128588
41.872697 2.67156074
41.971453 2.67185635
42.070209 2.67221663
42.168966 2.67284014
42.267722 2.67448201
42.366478 2.67712239
42.465235 2.68031879
42.563991 2.68335595
42.662747 2.68514371
42.761504 2.68404988
42.860260 2.67764036
42.959017 2.66230531
43.057773 2.63279371
43.156529 2.58134050
43.255286 2.49730580
43.354042 2.36931303
43.452798 2.19404223
43.551555 1.99741149
43.650311 1.84697251
43.749067 1.81455974
43.847824 1.90904365
43.946580 2.06664088
44.045337 2.21187934
44.144093 2.30447715
44.242849 2.33620313
44.341606 2.31098140
44.440362 2.23332512
44.539118 2.10648725
44.637875 1.93606415
44.736631 1.74130995
44.835387 1.56933103
44.934144 1.47993410
45.032900 1.48942228
45.131656 1.54063933
45.230413 1.54612920
45.329169 1.44319858
45.427926 1.21829315
45.526682 0.93176967
45.625438 0.72498091
45.724195 0.73794929
45.822951 0.98385791
45.921707 1.34150231
46.020464 1.67383363
46.119220 1.91238739
46.217976 2.04861101
46.316733 2.09556498
46.415489 2.06536345
46.514246 1.96393945
46.613002 1.79144270
46.711758 1.54485994
46.810515 1.22808175
46.909271 0.87736694
47.008027 0.58674062
47.106784 0.46885667
47.205540 0.54796952
47.304296 0.73525356
47.403053 0.94268325
47.501809 1.15686227
47.600565 1.38997479
47.699322 1.63444389
47.798078 1.87015840
47.896835 2.07293140
47.995591 2.23047296
48.094347 2.34760831
48.193104 2.43417336
48.291860 2.49846406
48.390616 2.54648720
48.489373 2.58234747
48.588129 2.60880661
48.686885 2.62749786
48.785642 2.63912963
48.884398 2.64421928
48.983155 2.64581731
49.081911 2.64639610
49.180667 2.64677675
49.279424 2.64709375
49.378180 2.64738289
49.476936 2.64765776
49.575693 2.64792467
49.674449 2.64818691
49.773205 2.64844628
49.871962 2.64870386
49.970718 2.64896028
50.069474 2.64921596
50.168231 2.64947113
50.266987 2.64972597
50.365744 2.64998058
50.464500 2.65023504
50.563256 2.65048939
50.662013 2.65074367
50.760769 2.65099786
50.859525 2.65125156
50.958282 2.65150475
51.057038 2.65175743
51.155794 2.65200960
51.254551 2.65226128
51.353307 2.65251247
51.452064 2.65276316
51.550820 2.65301335
51.649576 2.65326306
51.748333 2.65351227
51.847089 2.65376100
51.945845 2.65400923
52.044602 2.65425697
52.143358 2.65450422
52.242114 2.65475099
52.340871 2.65499726
52.439627 2.65524305
52.538383 2.65548834
52.637140 2.65573314
52.735896 2.65597746
52.834653 2.65622129
52.933409 2.65646462
53.032165 2.65670747
53.130922 2.65694983
53.229678 2.65719170
53.328434 2.65743308
53.427191 2.65767397
53.525947 2.65791437
53.624703 2.65815428
53.723460 2.65839370
53.822216 2.65863263
53.920973 2.65887107
54.019729 2.65910902
54.118485 2.65934649
54.217242 2.65958346
54.315998 2.65981994
54.414754 2.66005594
54.513511 2.66029144
54.612267 2.66052646
54.711023 2.66076098
54.809780 2.66099502
54.908536 2.66122856
55.007292 2.66146162
55.106049 2.66169419
55.204805 2.66192626
55.303562 2.66215785
55.402318 2.66238895
55.501074 2.66261955
55.599831 2.66284967
55.698587 2.66307930
55.797343 2.66330844
55.896100 2.66353709
55.994856 2.66376524
56.093612 2.66399291
56.192369 2.66422009
56.291125 2.66444678
56.389882 2.66467298
56.488638 2.66489869
56.587394 2.66512391
56.686151 2.66534863
56.784907 2.66557287
56.883663 2.66579662
56.982420 2.66601988
57.081176 2.66624265
57.179932 2.66646493
57.278689 2.66668672
57.377445 2.66690802
57.476201 2.66712883
57.574958 2.66734915
57.673714 2.66756897
57.772471 2.66778831
57.871227 2.66800716
57.969983 2.66822552
58.068740 2.66844339
58.167496 2.66866077
58.266252 2.66887766
58.365009 2.66909405
58.463765 2.66930996
58.562521 2.66952538
58.661278 2.66974031
58.760034 2.66995474
58.858791 2.67016869
58.957547 2.67038215
59.056303 2.67059512
59.155060 2.67080759
59.253816 2.67101958
59.352572 2.67123108
59.451329 2.67144208
59.550085 2.67165260
59.648841 2.67186262
59.747598 2.67207216
59.846354 2.67228120
59.945110 2.67248976
60.043867 2.67269782
60.142623 2.67290540
60.241380 2.67311248
60.340136 2.67331908
60.438892 2.67352518
60.537649 2.67373080
60.636405 2.67393592
60.735161 2.67414055
60.833918 2.67434469
60.932674 2.67454835
61.031430 2.67475151
61.130187 2.67495418
61.228943 2.67515636
61.327700 2.67535805
61.426456 2.67555925
61.525212 2.67575996
61.623969 2.67596019
61.722725 2.67615992
61.821481 2.67635915
61.920238 2.67655790
62.018994 2.67675616
62.117750 2.67695393
62.216507 2.67715121
62.315263 2.67734800
62.414019 2.67754430
62.512776 2.67774010
62.611532 2.67793542
62.710289 2.67813025
62.809045 2.67832458
62.907801 2.67851843
63.006558 2.67871179
63.105314 2.67890465
63.204070 2.67909703
63.302827 2.67928891
63.401583 2.67948031
63.500339 2.67967121
63.599096 2.67986163
63.697852 2.68005155
63.796609 2.68024098
63.895365 2.68042992
63.994121 2.68061838
64.092878 2.68080634
64.191634 2.68099381
64.290390 2.68118079
64.389147 2.68136729
64.487903 2.68155329
64.586659 2.68173880
64.685416 2.68192382
64.784172 2.68210835
64.882928 2.68229239
64.981685 2.68247594
65.080441 2.68265900
65.179198 2.68284157
65.277954 2.68302364
65.376710 2.68320523
65.475467 2.68338633
65.574223 2.68356694
65.672979 2.68374706
65.771736 2.68392668
65.870492 2.68410582
65.969248 2.68428447
66.068005 2.68446262
66.166761 2.68464029
66.265518 2.68481747
66.364274 2.68499415
66.463030 2.68517035
66.561787 2.68534605
66.660543 2.68552127
66.759299 2.68569599
66.858056 2.68587023
66.956812 2.68604397
67.055568 2.68621723
67.154325 2.68638999
67.253081 2.68656226
67.351837 2.68673405
67.450594 2.68690534
67.549350 2.68707614
67.648107 2.68724646
67.746863 2.68741628
67.845619 2.68758561
67.944376 2.68775445
68.043132 2.68792281
68.141888 2.68809067
68.240645 2.68825804
68.339401 2.68842492
68.438157 2.68859131
68.536914 2.68875722
68.635670 2.68892263
68.734427 2.68908755
68.833183 2.68925198
68.931939 2.68941592
69.030696 2.68957937
69.129452 2.68974233
69.228208 2.68990480
69.326965 2.69006678
69.425721 2.69022827
69.524477 2.69038927
69.623234 2.69054978
69.721990 2.69070980
69.820746 2.69086933
69.919503 2.69102837
70.018259 2.69118692
70.117016 2.69134498
70.215772 2.69150255
70.314528 2.69165963
70.413285 2.69181622
70.512041 2.69197232
70.610797 2.69212793
70.709554 2.69228305
70.808310 2.69243768
70.907066 2.69259182
71.005823 2.69274547
71.104579 2.69289863
71.203336 2.69305130
71.302092 2.69320348
71.400848 2.69335517
71.499605 2.69350637
71.598361 2.69365708
71.697117 2.69380735
71.795874 2.69395757
71.894630 2.69410779
71.993386 2.69425801
72.092143 2.69440823
72.190899 2.69455844
72.289655 2.69470867
72.388412 2.69485889
72.487168 2.69500920
72.585925 2.69515934
