0.098756 1.54502589
0.197513 1.54502619
0.296269 1.54502589
0.395025 1.54502587
0.493782 1.54502587
0.592538 1.54502588
0.691295 1.54502589
0.790051 1.54502589
0.888807 1.54502589
0.987564 1.54502590
1.086320 1.54502589
1.185076 1.54502589
1.283833 1.54502589
1.382589 1.54502588
1.481345 1.54502587
1.580102 1.54502585
1.678858 1.54502584
1.777614 1.54502582
1.876371 1.54502579
1.975127 1.54502576
2.073884 1.54502573
2.172640 1.54502570
2.271396 1.54502566
2.370153 1.54502561
2.468909 1.54502556
2.567665 1.54502551
2.666422 1.54502545
2.765178 1.54502538
2.863934 1.54502531
2.962691 1.54502524
3.061447 1.54502515
3.160204 1.54502507
3.258960 1.54502497
3.357716 1.54502487
3.456473 1.54502477
3.555229 1.54502465
3.653985 1.54502453
3.752742 1.54502440
3.851498 1.54502427
3.950254 1.54502413
4.049011 1.54502398
4.147767 1.54502382
4.246523 1.54502366
4.345280 1.54502349
4.444036 1.54502331
4.542793 1.54502312
4.641549 1.54502292
4.740305 1.54502272
4.839062 1.54502250
4.937818 1.54502228
5.036574 1.54502205
5.135331 1.54502181
5.234087 1.54502156
5.332843 1.54502130
5.431600 1.54502104
5.530356 1.54502076
5.629113 1.54502047
5.727869 1.54502017
5.826625 1.54501987
5.925382 1.54501955
6.024138 1.54501923
6.122894 1.54501889
6.221651 1.54501855
6.320407 1.54501819
6.419163 1.54501783
6.517920 1.54501745
6.616676 1.54501706
6.715432 1.54501667
6.814189 1.54501626
6.912945 1.54501584
7.011702 1.54501541
7.110458 1.54501497
7.209214 1.54501453
7.307971 1.54501406
7.406727 1.54501360
7.505483 1.54501311
7.604240 1.54501262
7.702996 1.54501212
7.801752 1.54501161
7.900509 1.54501108
7.999265 1.54501055
8.098022 1.54501000
8.196778 1.54500945
8.295534 1.54500888
8.394291 1.54500830
8.493047 1.54500771
8.591803 1.54500712
8.690560 1.54500651
8.789316 1.54500589
8.888072 1.54500526
8.986829 1.54500462
9.085585 1.54500397
9.184341 1.54500331
9.283098 1.54500264
9.381854 1.54500196
9.480611 1.54500127
9.579367 1.54500057
9.678123 1.54499986
9.776880 1.54499914
9.875636 1.54499841
9.974392 1.54499768
10.073149 1.54499693
10.171905 1.54499618
10.270661 1.54499541
10.369418 1.54499464
10.468174 1.54499386
10.566931 1.54499307
10.665687 1.54499227
10.764443 1.54499147
10.863200 1.54499065
10.961956 1.54498984
11.060712 1.54498901
11.159469 1.54498818
11.258225 1.54498733
11.356981 1.54498649
11.455738 1.54498563
11.554494 1.54498478
11.653250 1.54498391
11.752007 1.54498304
11.850763 1.54498216
11.949520 1.54498129
12.048276 1.54498040
12.147032 1.54497952
12.245789 1.54497862
12.344545 1.54497773
12.443301 1.54497682
12.542058 1.54497593
12.640814 1.54497502
12.739570 1.54497412
12.838327 1.54497320
12.937083 1.54497230
13.035840 1.54497139
13.134596 1.54497048
13.233352 1.54496956
13.332109 1.54496866
13.430865 1.54496774
13.529621 1.54496684
13.628378 1.54496593
13.727134 1.54496503
13.825890 1.54496412
13.924647 1.54496323
14.023403 1.54496233
14.122159 1.54496144
14.220916 1.54496055
14.319672 1.54495967
14.418429 1.54495879
14.517185 1.54495792
14.615941 1.54495705
14.714698 1.54495620
14.813454 1.54495534
14.912210 1.54495450
15.010967 1.54495366
15.109723 1.54495284
15.208479 1.54495202
15.307236 1.54495122
15.405992 1.54495042
15.504749 1.54494964
15.603505 1.54494886
15.702261 1.54494811
15.801018 1.54494735
15.899774 1.54494662
15.998530 1.54494590
16.097287 1.54494520
16.196043 1.54494450
16.294799 1.54494383
16.393556 1.54494316
16.492312 1.54494252
16.591068 1.54494188
16.689825 1.54494127
16.788581 1.54494067
16.887338 1.54494010
16.986094 1.54493952
17.084850 1.54493898
17.183607 1.54493844
17.282363 1.54493793
17.381119 1.54493742
17.479876 1.54493694
17.578632 1.54493646
17.677388 1.54493600
17.776145 1.54493554
17.874901 1.54493510
17.973658 1.54493464
18.072414 1.54493420
18.171170 1.54493374
18.269927 1.54493328
18.368683 1.54493279
18.467439 1.54493228
18.566196 1.54493172
18.664952 1.54493112
18.763708 1.54493044
18.862465 1.54492968
18.961221 1.54492880
19.059977 1.54492780
19.158734 1.54492661
19.257490 1.54492522
19.356247 1.54492356
19.455003 1.54492159
19.553759 1.54491922
19.652516 1.54491639
19.751272 1.54491297
19.850028 1.54490885
19.948785 1.54490388
20.047541 1.54489788
20.146297 1.54489063
20.245054 1.54488187
20.343810 1.54487127
20.442567 1.54485846
20.541323 1.54484295
20.640079 1.54482419
20.738836 1.54480145
20.837592 1.54477392
20.936348 1.54474053
21.035105 1.54470004
21.133861 1.54465086
21.232617 1.54459111
21.331374 1.54451839
21.430130 1.54442984
21.528886 1.54432180
21.627643 1.54418982
21.726399 1.54402829
21.825156 1.54383024
21.923912 1.54358686
22.022668 1.54328712
22.121425 1.54291699
22.220181 1.54245871
22.318937 1.54188956
22.417694 1.54118046
22.516450 1.54029391
22.615206 1.53918143
22.713963 1.53777993
22.812719 1.53600710
22.911476 1.53375469
23.010232 1.53088021
23.108988 1.52719450
23.207745 1.52244618
23.306501 1.51629858
23.405257 1.50830032
23.504014 1.49784175
23.602770 1.48409877
23.701526 1.46594970
23.800283 1.44186693
23.899039 1.40975745
23.997795 1.36675271
24.096552 1.30890487
24.195308 1.23078055
24.294065 1.12490494
24.392821 0.98098143
24.491577 0.78498193
24.590334 0.51765801
24.689090 0.15436573
24.787846 -0.32360793
24.886603 -0.86355926
24.985359 -1.23623190
25.084115 -1.22525581
25.182872 -1.00610331
25.281628 -0.92459640
25.380385 -1.15870916
25.479141 -1.76672405
25.577897 -2.78110595
25.676654 -4.23070781
25.775410 -6.11825904
25.874166 -8.32991609
25.972923 -10.46587624
26.071679 -11.83144665
26.170435 -11.94693952
26.269192 -11.12650365
26.367948 -10.23447630
26.466704 -9.96667529
26.565461 -10.49681579
26.664217 -11.43697625
26.762974 -11.96653125
26.861730 -11.38416889
26.960486 -9.74499940
27.059243 -7.71333335
27.157999 -5.88038847
27.256755 -4.47518110
27.355512 -3.51002032
27.454268 -2.94798614
27.553024 -2.77229263
27.651781 -3.00055540
27.750537 -3.67597955
27.849294 -4.84834220
27.948050 -6.52048501
28.046806 -8.51036885
28.145563 -10.28634132
28.244319 -11.12534193
28.343075 -10.76369297
28.441832 -9.75762814
28.540588 -8.96602945
28.639344 -8.91964720
28.738101 -9.65477623
28.836857 -10.70677853
28.935613 -11.23349409
29.034370 -10.58965178
29.133126 -8.91936377
29.231883 -6.92531939
29.330639 -5.18816796
29.429395 -3.92393655
29.528152 -3.13891527
29.626908 -2.78393529
29.725664 -2.81982415
29.824421 -3.24085391
29.923177 -4.07677309
30.021933 -5.37454759
30.120690 -7.12801695
30.219446 -9.11372954
30.318203 -10.74584332
30.416959 -11.33406401
30.515715 -10.76269355
30.614472 -9.69955299
30.713228 -8.98023631
30.811984 -9.05061567
30.910741 -9.86377961
31.009497 -10.87668173
31.108253 -11.22761212
31.207010 -10.37367601
31.305766 -8.58879330
31.404522 -6.59709037
31.503279 -4.92172164
31.602035 -3.73112419
31.700792 -3.01435672
31.799548 -2.71994591
31.898304 -2.81058562
31.997061 -3.28332823
32.095817 -4.17025064
32.194573 -5.51721940
32.293330 -7.30533902
32.392086 -9.27705443
32.490842 -10.81293729
32.589599 -11.25235799
32.688355 -10.57249649
32.787112 -9.49733701
32.885868 -8.83775686
32.984624 -8.98244638
33.083381 -9.82156706
33.182137 -10.74880207
33.280893 -10.89910645
33.379650 -9.82918002
33.478406 -7.91611579
33.577162 -5.89011587
33.675919 -4.22792676
33.774675 -3.06981080
33.873431 -2.40296331
33.972188 -2.18349661
34.070944 -2.37965690
34.169701 -2.98801045
34.268457 -4.03382534
34.367213 -5.54731621
34.465970 -7.47074928
34.564726 -9.47066124
34.663482 -10.87148514
34.762239 -11.09374852
34.860995 -10.29555880
34.959751 -9.28446120
35.058508 -8.80959602
35.157264 -9.15258356
35.256021 -10.08991634
35.354777 -10.91604728
35.453533 -10.79708911
35.552290 -9.48346411
35.651046 -7.50290455
35.749802 -5.56145654
35.848559 -4.04504262
35.947315 -3.03988047
36.046071 -2.51523173
36.144828 -2.42055746
36.243584 -2.71781303
36.342340 -3.39736589
36.441097 -4.48150621
36.539853 -6.00019370
36.638610 -7.88942701
36.737366 -9.79648961
36.836122 -11.04300021
36.934879 -11.11092408
37.033635 -10.24872690
37.132391 -9.29235653
37.231148 -8.93662899
37.329904 -9.33240101
37.428660 -10.04528824
37.527417 -10.23428923
37.626173 -9.27469415
37.724929 -7.33857414
37.823686 -5.11798849
37.922442 -3.16253740
38.021199 -1.67176406
38.119955 -0.64959217
38.218711 -0.04984567
38.317468 0.17278753
38.416224 0.06596454
38.514980 -0.25910995
38.613737 -0.51481150
38.712493 -0.39061353
38.811249 0.04299846
38.910006 0.50744633
39.008762 0.87760699
39.107519 1.15174794
39.206275 1.35257646
39.305031 1.49927619
39.403788 1.60579002
39.502544 1.68193243
39.601300 1.73452365
39.700057 1.76822135
39.798813 1.78604149
39.897569 1.79036514
39.996326 1.78805177
40.095082 1.78319916
40.193838 1.77463193
40.292595 1.76223327
40.391351 1.74602457
40.490108 1.72601469
40.588864 1.70220470
40.687620 1.67459401
40.786377 1.64317463
40.885133 1.60793333
40.983889 1.56884744
41.082646 1.52584937
41.181402 1.47888938
41.280158 1.42803874
41.378915 1.37381504
41.477671 1.31784283
41.576428 1.26358442
41.675184 1.21669665
41.773940 1.18428605
41.872697 1.17276966
41.971453 1.18522111
42.070209 1.21989301
42.168966 1.27097596
42.267722 1.33101261
42.366478 1.39330757
42.465235 1.45307687
42.563991 1.50729222
42.662747 1.55388730
42.761504 1.59091060
42.860260 1.61587495
42.959017 1.62525296
43.057773 1.61403101
43.156529 1.57476945
43.255286 1.49731742
43.354042 1.37151673
43.452798 1.19742191
43.551555 1.00692337
43.650311 0.87184167
43.749067 0.85945256
43.847824 0.96767353
43.946580 1.12733590
44.045337 1.26661621
44.144093 1.35085067
44.242849 1.37473787
44.341606 1.34298802
44.440362 1.26011652
44.539118 1.12918001
44.637875 0.95570296
44.736631 0.75921490
44.835387 0.58696736
44.934144 0.49696595
45.032900 0.50115768
45.131656 0.53834997
45.230413 0.52014351
45.329169 0.38832880
45.427926 0.14402645
45.526682 -0.12866458
45.625438 -0.27753820
45.724195 -0.18934726
45.822951 0.10474304
45.921707 0.46745145
46.020464 0.77849011
46.119220 0.98990829
46.217976 1.10214984
46.316733 1.12928068
46.415489 1.08202495
46.514246 0.96464898
46.613002 0.77603364
46.711758 0.51323025
46.810515 0.18433533
46.909271 -0.16324564
47.008027 -0.42562516
47.106784 -0.50106742
47.205540 -0.39313776
47.304296 -0.19930372
47.403053 0.01252612
47.501809 0.23951248
47.600565 0.48182871
47.699322 0.72673505
47.798078 0.95610456
47.896835 1.14827302
47.995591 1.29561918
48.094347 1.40510737
48.193104 1.48639245
48.291860 1.54710594
48.390616 1.59270090
48.489373 1.62684326
48.588129 1.65193957
48.686885 1.66931612
48.785642 1.67945658
48.884398 1.68329807
48.983155 1.68414721
49.081911 1.68429662
49.180667 1.68428338
49.279424 1.68421524
49.378180 1.68412269
49.476936 1.68401765
49.575693 1.68390568
49.674449 1.68378969
49.773205 1.68367128
49.871962 1.68355136
49.970718 1.68343049
50.069474 1.68330901
50.168231 1.68318714
50.266987 1.68306499
50.365744 1.68294268
50.464500 1.68282024
50.563256 1.68269773
50.662013 1.68257516
50.760769 1.68245269
50.859525 1.68233162
50.958282 1.68221209
51.057038 1.68209411
51.155794 1.68197769
51.254551 1.68186282
51.353307 1.68174950
51.452064 1.68163775
51.550820 1.68152755
51.649576 1.68141891
51.748333 1.68131184
51.847089 1.68120632
51.945845 1.68110237
52.044602 1.68099997
52.143358 1.68089913
52.242114 1.68079986
52.340871 1.68070215
52.439627 1.68060600
52.538383 1.68051140
52.637140 1.68041837
52.735896 1.68032690
52.834653 1.68023700
52.933409 1.68014865
53.032165 1.68006186
53.130922 1.67997664
53.229678 1.67989298
53.328434 1.67981087
53.427191 1.67973033
53.525947 1.67965135
53.624703 1.67957393
53.723460 1.67949807
53.822216 1.67942378
53.920973 1.67935104
54.019729 1.67927987
54.118485 1.67921025
54.217242 1.67914220
54.315998 1.67907571
54.414754 1.67901078
54.513511 1.67894741
54.612267 1.67888560
54.711023 1.67882536
54.809780 1.67876667
54.908536 1.67870955
55.007292 1.67865399
55.106049 1.67859998
55.204805 1.67854754
55.303562 1.67849667
55.402318 1.67844735
55.501074 1.67839959
55.599831 1.67835340
55.698587 1.67830876
55.797343 1.67826569
55.896100 1.67822418
55.994856 1.67818423
56.093612 1.67814584
56.192369 1.67810901
56.291125 1.67807374
56.389882 1.67804004
56.488638 1.67800789
56.587394 1.67797731
56.686151 1.67794829
56.784907 1.67792083
56.883663 1.67789493
56.982420 1.67787059
57.081176 1.67784781
57.179932 1.67782660
57.278689 1.67780695
57.377445 1.67778885
57.476201 1.67777232
57.574958 1.67775735
57.673714 1.67774394
57.772471 1.67773209
57.871227 1.67772181
57.969983 1.67771308
58.068740 1.67770592
58.167496 1.67770031
58.266252 1.67769627
58.365009 1.67769379
58.463765 1.67769287
58.562521 1.67769351
58.661278 1.67769572
58.760034 1.67769948
58.858791 1.67770481
58.957547 1.67771170
59.056303 1.67772014
59.155060 1.67773015
59.253816 1.67774172
59.352572 1.67775486
59.451329 1.67776955
59.550085 1.67778580
59.648841 1.67780362
59.747598 1.67782300
59.846354 1.67784393
59.945110 1.67786643
60.043867 1.67789049
60.142623 1.67791612
60.241380 1.67794330
60.340136 1.67797204
60.438892 1.67800235
60.537649 1.67803422
60.636405 1.67806764
60.735161 1.67810263
60.833918 1.67813918
60.932674 1.67817730
61.031430 1.67821697
61.130187 1.67825820
61.228943 1.67830100
61.327700 1.67834536
61.426456 1.67839127
61.525212 1.67843875
61.623969 1.67848779
61.722725 1.67853840
61.821481 1.67859056
61.920238 1.67864428
62.018994 1.67869957
62.117750 1.67875641
62.216507 1.67881482
62.315263 1.67887479
62.414019 1.67893632
62.512776 1.67899941
62.611532 1.67906406
62.710289 1.67913028
62.809045 1.67919805
62.907801 1.67926739
63.006558 1.67933829
63.105314 1.67941074
63.204070 1.67948476
63.302827 1.67956035
63.401583 1.67963749
63.500339 1.67971619
63.599096 1.67979646
63.697852 1.67987828
63.796609 1.67996167
63.895365 1.68004662
63.994121 1.68013313
64.092878 1.68022120
64.191634 1.68031083
64.290390 1.68040202
64.389147 1.68049478
64.487903 1.68058909
64.586659 1.68068497
64.685416 1.68078241
64.784172 1.68088140
64.882928 1.68098196
64.981685 1.68108409
65.080441 1.68118777
65.179198 1.68129301
65.277954 1.68139982
65.376710 1.68150818
65.475467 1.68161811
65.574223 1.68172960
65.672979 1.68184265
65.771736 1.68195726
65.870492 1.68207343
65.969248 1.68219117
66.068005 1.68231046
66.166761 1.68243132
66.265518 1.68255373
66.364274 1.68267771
66.463030 1.68280325
66.561787 1.68293035
66.660543 1.68305901
66.759299 1.68318923
66.858056 1.68332102
66.956812 1.68345436
67.055568 1.68358927
67.154325 1.68372574
67.253081 1.68386377
67.351837 1.68400336
67.450594 1.68414451
67.549350 1.68428722
67.648107 1.68443149
67.746863 1.68457733
67.845619 1.68472472
67.944376 1.68487368
68.043132 1.68502420
68.141888 1.68517628
68.240645 1.68532992
68.339401 1.68548512
68.438157 1.68564188
68.536914 1.68580021
68.635670 1.68596009
68.734427 1.68612154
68.833183 1.68628455
68.931939 1.68644912
69.030696 1.68661525
69.129452 1.68678294
69.228208 1.68695219
69.326965 1.68712300
69.425721 1.68729538
69.524477 1.68746932
69.623234 1.68764481
69.721990 1.68782187
69.820746 1.68800049
69.919503 1.68818067
70.018259 1.68836241
70.117016 1.68854572
70.215772 1.68873058
70.314528 1.68891701
70.413285 1.68910499
70.512041 1.68929454
70.610797 1.68948565
70.709554 1.68967832
70.808310 1.68987255
70.907066 1.69006835
71.005823 1.69026570
71.104579 1.69046461
71.203336 1.69066509
71.302092 1.69086713
71.400848 1.69107073
71.499605 1.69127589
71.598361 1.69148261
71.697117 1.69169076
71.795874 1.69189904
71.894630 1.69210732
71.993386 1.69231561
72.092143 1.69252389
72.190899 1.69273217
72.289655 1.69294045
72.388412 1.69314875
72.487168 1.69335720
72.585925 1.69356533
