0.098756 1.55308142
0.197513 1.55308398
0.296269 1.55308123
0.395025 1.55308096
0.493782 1.55308099
0.592538 1.55308103
0.691295 1.55308107
0.790051 1.55308111
0.888807 1.55308115
0.987564 1.55308119
1.086320 1.55308123
1.185076 1.55308128
1.283833 1.55308132
1.382589 1.55308137
1.481345 1.55308142
1.580102 1.55308146
1.678858 1.55308151
1.777614 1.55308157
1.876371 1.55308162
1.975127 1.55308168
2.073884 1.55308174
2.172640 1.55308180
2.271396 1.55308186
2.370153 1.55308193
2.468909 1.55308199
2.567665 1.55308206
2.666422 1.55308214
2.765178 1.55308221
2.863934 1.55308229
2.962691 1.55308237
3.061447 1.55308246
3.160204 1.55308254
3.258960 1.55308263
3.357716 1.55308273
3.456473 1.55308282
3.555229 1.55308292
3.653985 1.55308303
3.752742 1.55308313
3.851498 1.55308324
3.950254 1.55308336
4.049011 1.55308347
4.147767 1.55308360
4.246523 1.55308372
4.345280 1.55308385
4.444036 1.55308398
4.542793 1.55308412
4.641549 1.55308425
4.740305 1.55308440
4.839062 1.55308455
4.937818 1.55308470
5.036574 1.55308485
5.135331 1.55308501
5.234087 1.55308517
5.332843 1.55308534
5.431600 1.55308551
5.530356 1.55308569
5.629113 1.55308587
5.727869 1.55308605
5.826625 1.55308624
5.925382 1.55308643
6.024138 1.55308662
6.122894 1.55308683
6.221651 1.55308703
6.320407 1.55308724
6.419163 1.55308744
6.517920 1.55308766
6.616676 1.55308788
6.715432 1.55308810
6.814189 1.55308832
6.912945 1.55308856
7.011702 1.55308879
7.110458 1.55308902
7.209214 1.55308926
7.307971 1.55308951
7.406727 1.55308975
7.505483 1.55309000
7.604240 1.55309025
7.702996 1.55309051
7.801752 1.55309077
7.900509 1.55309103
7.999265 1.55309129
8.098022 1.55309156
8.196778 1.55309183
8.295534 1.55309210
8.394291 1.55309237
8.493047 1.55309265
8.591803 1.55309292
8.690560 1.55309320
8.789316 1.55309348
8.888072 1.55309377
8.986829 1.55309405
9.085585 1.55309433
9.184341 1.55309462
9.283098 1.55309491
9.381854 1.55309519
9.480611 1.55309548
9.579367 1.55309576
9.678123 1.55309605
9.776880 1.55309633
9.875636 1.55309662
9.974392 1.55309691
10.073149 1.55309719
10.171905 1.55309747
10.270661 1.55309776
10.369418 1.55309803
10.468174 1.55309832
10.566931 1.55309859
10.665687 1.55309887
10.764443 1.55309913
10.863200 1.55309940
10.961956 1.55309966
11.060712 1.55309993
11.159469 1.55310018
11.258225 1.55310044
11.356981 1.55310068
11.455738 1.55310093
11.554494 1.55310116
11.653250 1.55310140
11.752007 1.55310162
11.850763 1.55310185
11.949520 1.55310206
12.048276 1.55310227
12.147032 1.55310247
12.245789 1.55310267
12.344545 1.55310285
12.443301 1.55310303
12.542058 1.55310319
12.640814 1.55310335
12.739570 1.55310350
12.838327 1.55310364
12.937083 1.55310377
13.035840 1.55310389
13.134596 1.55310399
13.233352 1.55310409
13.332109 1.55310417
13.430865 1.55310425
13.529621 1.55310430
13.628378 1.55310435
13.727134 1.55310438
13.825890 1.55310440
13.924647 1.55310440
14.023403 1.55310439
14.122159 1.55310436
14.220916 1.55310432
14.319672 1.55310426
14.418429 1.55310418
14.517185 1.55310408
14.615941 1.55310398
14.714698 1.55310384
14.813454 1.55310369
14.912210 1.55310352
15.010967 1.55310333
15.109723 1.55310312
15.208479 1.55310289
15.307236 1.55310263
15.405992 1.55310236
15.504749 1.55310206
15.603505 1.55310174
15.702261 1.55310139
15.801018 1.55310102
15.899774 1.55310062
15.998530 1.55310020
16.097287 1.55309975
16.196043 1.55309927
16.294799 1.55309877
16.393556 1.55309823
16.492312 1.55309767
16.591068 1.55309708
16.689825 1.55309645
16.788581 1.55309579
16.887338 1.55309509
16.986094 1.55309437
17.084850 1.55309360
17.183607 1.55309280
17.282363 1.55309195
17.381119 1.55309107
17.479876 1.55309014
17.578632 1.55308917
17.677388 1.55308814
17.776145 1.55308706
17.874901 1.55308593
17.973658 1.55308473
18.072414 1.55308347
18.171170 1.55308213
18.269927 1.55308072
18.368683 1.55307921
18.467439 1.55307760
18.566196 1.55307589
18.664952 1.55307404
18.763708 1.55307205
18.862465 1.55306990
18.961221 1.55306756
19.059977 1.55306499
19.158734 1.55306218
19.257490 1.55305907
19.356247 1.55305561
19.455003 1.55305174
19.553759 1.55304739
19.652516 1.55304247
19.751272 1.55303688
19.850028 1.55303048
19.948785 1.55302314
20.047541 1.55301465
20.146297 1.55300480
20.245054 1.55299332
20.343810 1.55297989
20.442567 1.55296410
20.541323 1.55294549
20.640079 1.55292346
20.738836 1.55289732
20.837592 1.55286618
20.936348 1.55282902
21.035105 1.55278452
21.133861 1.55273113
21.232617 1.55266688
21.331374 1.55258940
21.430130 1.55249573
21.528886 1.55238221
21.627643 1.55224430
21.726399 1.55207635
21.825156 1.55187128
21.923912 1.55162022
22.022668 1.55131200
22.121425 1.55093246
22.220181 1.55046368
22.318937 1.54988272
22.417694 1.54916025
22.516450 1.54825845
22.615206 1.54712845
22.713963 1.54570666
22.812719 1.54391012
22.911476 1.54162980
23.010232 1.53872214
23.108988 1.53499668
23.207745 1.53020024
23.306501 1.52399391
23.405257 1.51592325
23.504014 1.50537461
23.602770 1.49151849
23.701526 1.47322594
23.800283 1.44895954
23.899039 1.41661285
23.997795 1.37329906
24.096552 1.31504524
24.195308 1.23638371
24.294065 1.12979286
24.392821 0.98491211
24.491577 0.78762795
24.590334 0.51858019
24.689090 0.15305164
24.787846 -0.32711693
24.886603 -0.86635889
24.985359 -1.23198885
25.084115 -1.21530509
25.182872 -0.99768383
25.281628 -0.92331191
25.380385 -1.16609779
25.479141 -1.78281969
25.577897 -2.80538056
25.676654 -4.26229555
25.775410 -6.15558333
25.874166 -8.36845132
25.972923 -10.49526094
26.071679 -11.83961593
26.170435 -11.93299327
26.269192 -11.10478834
26.367948 -10.22209331
26.466704 -9.97227624
26.565461 -10.51900558
26.664217 -11.46535219
26.762974 -11.98654140
26.861730 -11.38878697
26.960486 -9.73974920
27.059243 -7.70660982
27.157999 -5.87421585
27.256755 -4.46606690
27.355512 -3.49392669
27.454268 -2.92373270
27.553024 -2.74228892
27.651781 -2.96952167
27.750537 -3.64891909
27.849294 -4.82888040
27.948050 -6.50952781
28.046806 -8.50420639
28.145563 -10.27611523
28.244319 -11.10294302
28.343075 -10.73039746
28.441832 -9.72293075
28.540588 -8.93855834
28.639344 -8.90243403
28.738101 -9.64549947
28.836857 -10.69833238
28.935613 -11.21713179
29.034370 -10.56210599
29.133126 -8.88532070
29.231883 -6.89162000
29.330639 -5.15894164
29.429395 -3.90093719
29.528152 -3.12316052
29.626908 -2.77620642
29.725664 -2.82036336
29.824421 -3.24907925
29.923177 -4.09139666
30.021933 -5.39392395
30.120690 -7.15011633
30.219446 -9.13534503
30.318203 -10.76246912
30.416959 -11.34270433
30.515715 -10.76496085
30.614472 -9.70003346
30.713228 -8.98253321
30.811984 -9.05589413
30.910741 -9.87109705
31.009497 -10.88344122
31.108253 -11.23118360
31.207010 -10.37386720
31.305766 -8.58780694
31.404522 -6.59704655
31.503279 -4.92330225
31.602035 -3.73393149
31.700792 -3.01753007
31.799548 -2.72254419
31.898304 -2.81183965
31.997061 -3.28278372
32.095817 -4.16776847
32.194573 -5.51291292
32.293330 -7.29972279
32.392086 -9.27154715
32.490842 -10.80986409
32.589599 -11.25330135
32.688355 -10.57664770
32.787112 -9.50250952
32.885868 -8.84244376
32.984624 -8.98622221
33.083381 -9.82424803
33.182137 -10.74981168
33.280893 -10.89786037
33.379650 -9.82597930
33.478406 -7.91200793
33.577162 -5.88582751
33.675919 -4.22330336
33.774675 -3.06397552
33.873431 -2.39464026
33.972188 -2.17131161
34.070944 -2.36237493
34.169701 -2.96461624
34.268457 -4.00350494
34.367213 -5.50975440
34.465970 -7.42754178
34.564726 -9.42744526
34.663482 -10.83645174
34.762239 -11.07005602
34.860995 -10.27706169
34.959751 -9.26175573
35.058508 -8.77685662
35.157264 -9.10815590
35.256021 -10.03448446
35.354777 -10.85108608
35.453533 -10.72288014
35.552290 -9.39781314
35.651046 -7.40259037
35.749802 -5.44487084
35.848559 -3.91392407
35.947315 -2.90056118
36.046071 -2.37944636
36.144828 -2.30416599
36.243584 -2.63625508
36.342340 -3.35933185
36.441097 -4.48477740
36.539853 -6.03319985
36.638610 -7.93883075
36.737366 -9.85618508
36.836122 -11.11475120
36.934879 -11.19357612
37.033635 -10.33173485
37.132391 -9.36366461
37.231148 -8.99282421
37.329904 -9.38482684
37.428660 -10.12293813
37.527417 -10.36955120
37.626173 -9.47202550
37.724929 -7.56633564
37.823686 -5.33464940
37.922442 -3.33683305
38.021199 -1.78191954
38.119955 -0.67885703
38.218711 0.01332496
38.317468 0.33322192
38.416224 0.32169151
38.514980 0.08261684
38.613737 -0.10291935
38.712493 0.08254710
38.811249 0.58157978
38.910006 1.11477460
39.008762 1.55184227
39.107519 1.88918265
39.206275 2.14893748
39.305031 2.34942936
39.403788 2.50393007
39.502544 2.62132979
39.601300 2.70689572
39.700057 2.76468155
39.798813 2.79824296
39.897569 2.81081911
39.996326 2.81310440
40.095082 2.81422589
40.193838 2.81503219
40.292595 2.81571118
40.391351 2.81632685
40.490108 2.81690715
40.588864 2.81746616
40.687620 2.81801172
40.786377 2.81854846
40.885133 2.81907930
40.983889 2.81960611
41.082646 2.82013016
41.181402 2.82065234
41.280158 2.82117329
41.378915 2.82169357
41.477671 2.82221374
41.576428 2.82273451
41.675184 2.82325707
41.773940 2.82378362
41.872697 2.82431894
41.971453 2.82487556
42.070209 2.82549758
42.168966 2.82638319
42.267722 2.82829256
42.366478 2.83121012
42.465235 2.83469395
42.563991 2.83802924
42.662747 2.84012668
42.761504 2.83935556
42.860260 2.83328408
42.959017 2.81830703
43.057773 2.78917964
43.156529 2.73814708
43.255286 2.65457955
43.354042 2.52709168
43.452798 2.35229280
43.551555 2.15594146
43.650311 2.00545324
43.749067 1.97278071
43.847824 2.06713299
43.946580 2.22492588
44.045337 2.37060791
44.144093 2.46374104
44.242849 2.49601370
44.341606 2.47133503
44.440362 2.39422333
44.539118 2.26792834
44.637875 2.09799837
44.736631 1.90354717
44.835387 1.73149975
44.934144 1.64169975
45.032900 1.65081851
45.131656 1.70201125
45.230413 1.70778522
45.329169 1.60528667
45.427926 1.38092928
45.526682 1.09510324
45.625438 0.88903108
45.724195 0.90246280
45.822951 1.14853226
45.921707 1.50627135
46.020464 1.83880229
46.119220 2.07764067
46.217976 2.21416285
46.316733 2.26138909
46.415489 2.23141826
46.514246 2.13017430
46.613002 1.95779615
46.711758 1.71126290
46.810515 1.39448142
46.909271 1.04376095
47.008027 0.75316222
47.106784 0.63525722
47.205540 0.71435351
47.304296 0.90244977
47.403053 1.11264875
47.501809 1.33032989
47.600565 1.56479351
47.699322 1.80824504
47.798078 2.04264925
47.896835 2.24499813
47.995591 2.40268314
48.094347 2.52011620
48.193104 2.60701021
48.291860 2.67163911
48.390616 2.72000176
48.489373 2.75619696
48.588129 2.78298095
48.686885 2.80198306
48.785642 2.81391974
48.884398 2.81932935
48.983155 2.82123284
49.081911 2.82207935
49.180667 2.82272371
49.279424 2.82330273
49.378180 2.82385291
49.476936 2.82438820
49.575693 2.82491510
49.674449 2.82543704
49.773205 2.82595590
49.871962 2.82647283
49.970718 2.82698850
50.069474 2.82750335
50.168231 2.82801764
50.266987 2.82853156
50.365744 2.82904523
50.464500 2.82955872
50.563256 2.83007209
50.662013 2.83058538
50.760769 2.83109846
50.859525 2.83160992
50.958282 2.83211961
51.057038 2.83262756
51.155794 2.83313377
51.254551 2.83363823
51.353307 2.83414096
51.452064 2.83464195
51.550820 2.83514121
51.649576 2.83563874
51.748333 2.83613454
51.847089 2.83662861
51.945845 2.83712095
52.044602 2.83761156
52.143358 2.83810044
52.242114 2.83858759
52.340871 2.83907302
52.439627 2.83955671
52.538383 2.84003868
52.637140 2.84051892
52.735896 2.84099743
52.834653 2.84147421
52.933409 2.84194927
53.032165 2.84242259
53.130922 2.84289419
53.229678 2.84336406
53.328434 2.84383220
53.427191 2.84429862
53.525947 2.84476330
53.624703 2.84522626
53.723460 2.84568749
53.822216 2.84614699
53.920973 2.84660476
54.019729 2.84706081
54.118485 2.84751512
54.217242 2.84796771
54.315998 2.84841857
54.414754 2.84886770
54.513511 2.84931510
54.612267 2.84976078
54.711023 2.85020472
54.809780 2.85064694
54.908536 2.85108743
55.007292 2.85152619
55.106049 2.85196322
55.204805 2.85239853
55.303562 2.85283211
55.402318 2.85326395
55.501074 2.85369407
55.599831 2.85412247
55.698587 2.85454913
55.797343 2.85497406
55.896100 2.85539727
55.994856 2.85581875
56.093612 2.85623850
56.192369 2.85665652
56.291125 2.85707281
56.389882 2.85748737
56.488638 2.85790021
56.587394 2.85831132
56.686151 2.85872070
56.784907 2.85912835
56.883663 2.85953427
56.982420 2.85993846
57.081176 2.86034093
57.179932 2.86074167
57.278689 2.86114067
57.377445 2.86153795
57.476201 2.86193351
57.574958 2.86232733
57.673714 2.86271942
57.772471 2.86310979
57.871227 2.86349843
57.969983 2.86388534
58.068740 2.86427052
58.167496 2.86465397
58.266252 2.86503570
58.365009 2.86541569
58.463765 2.86579396
58.562521 2.86617050
58.661278 2.86654531
58.760034 2.86691839
58.858791 2.86728974
58.957547 2.86765937
59.056303 2.86802726
59.155060 2.86839343
59.253816 2.86875787
59.352572 2.86912058
59.451329 2.86948156
59.550085 2.86984082
59.648841 2.87019834
59.747598 2.87055414
59.846354 2.87090821
59.945110 2.87126055
60.043867 2.87161116
60.142623 2.87196004
60.241380 2.87230720
60.340136 2.87265262
60.438892 2.87299632
60.537649 2.87333829
60.636405 2.87367853
60.735161 2.87401705
60.833918 2.87435383
60.932674 2.87468888
61.031430 2.87502221
61.130187 2.87535381
61.228943 2.87568368
61.327700 2.87601182
61.426456 2.87633824
61.525212 2.87666292
61.623969 2.87698588
61.722725 2.87730711
61.821481 2.87762660
61.920238 2.87794438
62.018994 2.87826042
62.117750 2.87857473
62.216507 2.87888732
62.315263 2.87919818
62.414019 2.87950731
62.512776 2.87981471
62.611532 2.88012038
62.710289 2.88042432
62.809045 2.88072654
62.907801 2.88102703
63.006558 2.88132578
63.105314 2.88162281
63.204070 2.88191812
63.302827 2.88221169
63.401583 2.88250353
63.500339 2.88279365
63.599096 2.88308204
63.697852 2.88336870
63.796609 2.88365363
63.895365 2.88393684
63.994121 2.88421831
64.092878 2.88449806
64.191634 2.88477608
64.290390 2.88505237
64.389147 2.88532693
64.487903 2.88559976
64.586659 2.88587087
64.685416 2.88614024
64.784172 2.88640789
64.882928 2.88667381
64.981685 2.88693800
65.080441 2.88720047
65.179198 2.88746120
65.277954 2.88772021
65.376710 2.88797749
65.475467 2.88823304
65.574223 2.88848686
65.672979 2.88873895
65.771736 2.88898932
65.870492 2.88923795
65.969248 2.88948486
66.068005 2.88973004
66.166761 2.88997350
66.265518 2.89021522
66.364274 2.89045522
66.463030 2.89069348
66.561787 2.89093002
66.660543 2.89116484
66.759299 2.89139792
66.858056 2.89162927
66.956812 2.89185890
67.055568 2.89208680
67.154325 2.89231297
67.253081 2.89253741
67.351837 2.89276012
67.450594 2.89298111
67.549350 2.89320037
67.648107 2.89341790
67.746863 2.89363370
67.845619 2.89384777
67.944376 2.89406012
68.043132 2.89427073
68.141888 2.89447962
68.240645 2.89468678
68.339401 2.89489221
68.438157 2.89509592
68.536914 2.89529789
68.635670 2.89549814
68.734427 2.89569666
68.833183 2.89589345
68.931939 2.89608852
69.030696 2.89628185
69.129452 2.89647346
69.228208 2.89666334
69.326965 2.89685149
69.425721 2.89703791
69.524477 2.89722261
69.623234 2.89740557
69.721990 2.89758681
69.820746 2.89776632
69.919503 2.89794411
70.018259 2.89812016
70.117016 2.89829449
70.215772 2.89846709
70.314528 2.89863796
70.413285 2.89880710
70.512041 2.89897452
70.610797 2.89914020
70.709554 2.89930416
70.808310 2.89946639
70.907066 2.89962689
71.005823 2.89978567
71.104579 2.89994272
71.203336 2.90009804
71.302092 2.90025163
71.400848 2.90040349
71.499605 2.90055362
71.598361 2.90070203
71.697117 2.90084886
71.795874 2.90099553
71.894630 2.90114221
71.993386 2.90128889
72.092143 2.90143557
72.190899 2.90158225
72.289655 2.90172893
72.388412 2.90187562
72.487168 2.90202237
72.585925 2.90216898
