0.098756 1.54483710
0.197513 1.54483933
0.296269 1.54483699
0.395025 1.54483676
0.493782 1.54483680
0.592538 1.54483684
0.691295 1.54483687
0.790051 1.54483691
0.888807 1.54483694
0.987564 1.54483697
1.086320 1.54483699
1.185076 1.54483701
1.283833 1.54483703
1.382589 1.54483704
1.481345 1.54483704
1.580102 1.54483704
1.678858 1.54483703
1.777614 1.54483702
1.876371 1.54483700
1.975127 1.54483698
2.073884 1.54483694
2.172640 1.54483690
2.271396 1.54483685
2.370153 1.54483679
2.468909 1.54483672
2.567665 1.54483664
2.666422 1.54483656
2.765178 1.54483646
2.863934 1.54483635
2.962691 1.54483623
3.061447 1.54483610
3.160204 1.54483596
3.258960 1.54483581
3.357716 1.54483564
3.456473 1.54483547
3.555229 1.54483527
3.653985 1.54483507
3.752742 1.54483485
3.851498 1.54483462
3.950254 1.54483437
4.049011 1.54483411
4.147767 1.54483384
4.246523 1.54483354
4.345280 1.54483324
4.444036 1.54483291
4.542793 1.54483257
4.641549 1.54483221
4.740305 1.54483184
4.839062 1.54483145
4.937818 1.54483104
5.036574 1.54483061
5.135331 1.54483016
5.234087 1.54482970
5.332843 1.54482921
5.431600 1.54482871
5.530356 1.54482818
5.629113 1.54482764
5.727869 1.54482707
5.826625 1.54482648
5.925382 1.54482588
6.024138 1.54482525
6.122894 1.54482459
6.221651 1.54482392
6.320407 1.54482322
6.419163 1.54482251
6.517920 1.54482176
6.616676 1.54482100
6.715432 1.54482021
6.814189 1.54481940
6.912945 1.54481856
7.011702 1.54481770
7.110458 1.54481681
7.209214 1.54481589
7.307971 1.54481495
7.406727 1.54481399
7.505483 1.54481300
7.604240 1.54481198
7.702996 1.54481094
7.801752 1.54480987
7.900509 1.54480877
7.999265 1.54480764
8.098022 1.54480649
8.196778 1.54480531
8.295534 1.54480409
8.394291 1.54480286
8.493047 1.54480159
8.591803 1.54480029
8.690560 1.54479896
8.789316 1.54479760
8.888072 1.54479621
8.986829 1.54479480
9.085585 1.54479335
9.184341 1.54479187
9.283098 1.54479036
9.381854 1.54478882
9.480611 1.54478724
9.579367 1.54478564
9.678123 1.54478400
9.776880 1.54478233
9.875636 1.54478063
9.974392 1.54477890
10.073149 1.54477713
10.171905 1.54477533
10.270661 1.54477349
10.369418 1.54477163
10.468174 1.54476973
10.566931 1.54476779
10.665687 1.54476582
10.764443 1.54476382
10.863200 1.54476178
10.961956 1.54475971
11.060712 1.54475760
11.159469 1.54475545
11.258225 1.54475327
11.356981 1.54475106
11.455738 1.54474881
11.554494 1.54474652
11.653250 1.54474420
11.752007 1.54474184
11.850763 1.54473945
11.949520 1.54473702
12.048276 1.54473455
12.147032 1.54473205
12.245789 1.54472950
12.344545 1.54472692
12.443301 1.54472431
12.542058 1.54472165
12.640814 1.54471896
12.739570 1.54471624
12.838327 1.54471347
12.937083 1.54471066
13.035840 1.54470782
13.134596 1.54470494
13.233352 1.54470202
13.332109 1.54469907
13.430865 1.54469607
13.529621 1.54469304
13.628378 1.54468996
13.727134 1.54468685
13.825890 1.54468370
13.924647 1.54468051
14.023403 1.54467728
14.122159 1.54467402
14.220916 1.54467071
14.319672 1.54466736
14.418429 1.54466397
14.517185 1.54466055
14.615941 1.54465709
14.714698 1.54465358
14.813454 1.54465004
14.912210 1.54464646
15.010967 1.54464283
15.109723 1.54463917
15.208479 1.54463547
15.307236 1.54463173
15.405992 1.54462794
15.504749 1.54462412
15.603505 1.54462025
15.702261 1.54461635
15.801018 1.54461241
15.899774 1.54460842
15.998530 1.54460440
16.097287 1.54460033
16.196043 1.54459622
16.294799 1.54459208
16.393556 1.54458789
16.492312 1.54458366
16.591068 1.54457938
16.689825 1.54457507
16.788581 1.54457071
16.887338 1.54456631
16.986094 1.54456186
17.084850 1.54455737
17.183607 1.54455283
17.282363 1.54454825
17.381119 1.54454362
17.479876 1.54453894
17.578632 1.54453420
17.677388 1.54452942
17.776145 1.54452457
17.874901 1.54451967
17.973658 1.54451470
18.072414 1.54450967
18.171170 1.54450456
18.269927 1.54449937
18.368683 1.54449409
18.467439 1.54448872
18.566196 1.54448323
18.664952 1.54447763
18.763708 1.54447188
18.862465 1.54446598
18.961221 1.54445989
19.059977 1.54445360
19.158734 1.54444706
19.257490 1.54444024
19.356247 1.54443309
19.455003 1.54442554
19.553759 1.54441753
19.652516 1.54440898
19.751272 1.54439978
19.850028 1.54438981
19.948785 1.54437891
20.047541 1.54436692
20.146297 1.54435361
20.245054 1.54433872
20.343810 1.54432194
20.442567 1.54430287
20.541323 1.54428106
20.640079 1.54425594
20.738836 1.54422680
20.837592 1.54419282
20.936348 1.54415296
21.035105 1.54410596
21.133861 1.54405028
21.232617 1.54398403
21.331374 1.54390486
21.430130 1.54380989
21.528886 1.54369555
21.627643 1.54355739
21.726399 1.54338989
21.825156 1.54318613
21.923912 1.54293742
22.022668 1.54263283
22.121425 1.54225852
22.220181 1.54179693
22.318937 1.54122564
22.417694 1.54051593
22.516450 1.53963080
22.615206 1.53852244
22.713963 1.53712862
22.812719 1.53536818
22.911476 1.53313448
23.010232 1.53028708
23.108988 1.52663969
23.207745 1.52194469
23.306501 1.51587065
23.405257 1.50797316
23.504014 1.49765220
23.602770 1.48409670
23.701526 1.46620294
23.800283 1.44246791
23.899039 1.41083248
23.997795 1.36847470
24.096552 1.31151089
24.195308 1.23459588
24.294065 1.13037491
24.392821 0.98871573
24.491577 0.79580854
24.590334 0.53269110
24.689090 0.17493911
24.787846 -0.29722830
24.886603 -0.83714462
24.985359 -1.22327169
25.084115 -1.22997825
25.182872 -1.01217923
25.281628 -0.91850492
25.380385 -1.13545471
25.479141 -1.72400102
25.577897 -2.71679700
25.676654 -4.14293168
25.775410 -6.00782873
25.874166 -8.20823763
25.972923 -10.36422259
26.071679 -11.78923016
26.170435 -11.97299592
26.269192 -11.18412440
26.367948 -10.27606134
26.466704 -9.96752206
26.565461 -10.46161385
26.664217 -11.39798145
26.762974 -11.96889579
26.861730 -11.44847816
26.960486 -9.84897942
27.059243 -7.82014496
27.157999 -5.96830567
27.256755 -4.53866253
27.355512 -3.54989827
27.454268 -2.96575885
27.553024 -2.76853012
27.651781 -2.97471836
27.750537 -3.62668768
27.849294 -4.77444485
27.948050 -6.42501761
28.046806 -8.40963271
28.145563 -10.21448444
28.244319 -11.11275976
28.343075 -10.80287754
28.441832 -9.80730336
28.540588 -8.98800223
28.639344 -8.89946965
28.738101 -9.60375396
28.836857 -10.66296221
28.935613 -11.24548393
29.034370 -10.67503614
29.133126 -9.04907834
29.231883 -7.05762559
29.330639 -5.29858508
29.429395 -4.00388700
29.528152 -3.18523352
29.626908 -2.79409356
29.725664 -2.79167872
29.824421 -3.17329276
29.923177 -3.96988796
30.021933 -5.23036013
30.120690 -6.95579554
30.219446 -8.94245102
30.318203 -10.62629637
30.416959 -11.30276768
30.515715 -10.79981614
30.614472 -9.74649672
30.713228 -8.99010920
30.811984 -9.00895218
30.910741 -9.78710208
31.009497 -10.81001040
31.108253 -11.22117755
31.207010 -10.43868673
31.305766 -8.69055205
31.404522 -6.69533812
31.503279 -4.99756606
31.602035 -3.78262909
31.700792 -3.04561336
31.799548 -2.73513478
31.898304 -2.81135006
31.997061 -3.26770482
32.095817 -4.13336612
32.194573 -5.45478396
32.293330 -7.22267468
32.392086 -9.20373608
32.490842 -10.80175264
32.589599 -11.33708631
32.688355 -10.72748776
32.787112 -9.66246828
32.885868 -8.96996830
32.984624 -9.07447675
33.083381 -9.90253608
33.182137 -10.88195411
33.280893 -11.14819172
33.379650 -10.20423263
33.478406 -8.37363066
33.577162 -6.38485486
33.675919 -4.73964150
33.774675 -3.59298212
33.873431 -2.93185988
33.972188 -2.70476473
34.070944 -2.87058165
34.169701 -3.41872371
34.268457 -4.37314461
34.367213 -5.77337550
34.465970 -7.59203849
34.564726 -9.55376544
34.663482 -11.02482131
34.762239 -11.36974384
34.860995 -10.62428690
34.959751 -9.54368446
35.058508 -8.92209638
35.157264 -9.11295568
35.256021 -9.96518303
35.354777 -10.83219475
35.453533 -10.85482988
35.552290 -9.66224154
35.651046 -7.69489089
35.749802 -5.67881625
35.848559 -4.05764094
35.947315 -2.95332607
36.046071 -2.35008266
36.144828 -2.20263488
36.243584 -2.46995117
36.342340 -3.12990705
36.441097 -4.18701321
36.539853 -5.66186329
36.638610 -7.51297006
36.737366 -9.45332799
36.836122 -10.85052593
36.934879 -11.10955977
37.033635 -10.33111174
37.132391 -9.30136221
37.231148 -8.78457681
37.329904 -9.03523064
37.428660 -9.71682308
37.527417 -10.02403527
37.626173 -9.23495111
37.724929 -7.37604955
37.823686 -5.10247893
37.922442 -3.02433234
38.021199 -1.39799768
38.119955 -0.24931192
38.218711 0.46383961
38.317468 0.78716359
38.416224 0.76634070
38.514980 0.49671779
38.613737 0.23920653
38.712493 0.33105323
38.811249 0.76689529
38.910006 1.26836809
39.008762 1.68217093
39.107519 1.99602358
39.206275 2.23157653
39.305031 2.40799984
39.403788 2.53968195
39.502544 2.63682200
39.601300 2.70664782
39.700057 2.75398752
39.798813 2.78191752
39.897569 2.79286753
39.996326 2.79383410
40.095082 2.79393270
40.193838 2.79382375
40.292595 2.79364162
40.391351 2.79342591
40.490108 2.79319189
40.588864 2.79294670
40.687620 2.79269423
40.786377 2.79243677
40.885133 2.79217580
40.983889 2.79191232
41.082646 2.79164699
41.181402 2.79138030
41.280158 2.79111257
41.378915 2.79084409
41.477671 2.79057512
41.576428 2.79030607
41.675184 2.79003771
41.773940 2.78977174
41.872697 2.78951243
41.971453 2.78927225
42.070209 2.78909906
42.168966 2.78922720
42.267722 2.79038499
42.366478 2.79248988
42.465235 2.79507992
42.563991 2.79741681
42.662747 2.79837401
42.761504 2.79626544
42.860260 2.78857699
42.959017 2.77157266
43.057773 2.73983128
43.156529 2.68534323
43.255286 2.59722889
43.354042 2.46432819
43.452798 2.28494233
43.551555 2.08849390
43.650311 1.94528405
43.749067 1.92423321
43.847824 2.02683756
43.946580 2.18535098
44.045337 2.32632625
44.144093 2.41295012
44.242849 2.43874071
44.341606 2.40796163
44.440362 2.32500243
44.539118 2.19307941
44.637875 2.01847738
44.736631 1.82260765
44.835387 1.65516671
44.934144 1.57455464
45.032900 1.59019921
45.131656 1.63932626
45.230413 1.63494392
45.329169 1.51867602
45.427926 1.28384960
45.526682 0.99988219
45.625438 0.81201440
45.724195 0.85027223
45.822951 1.11164029
45.921707 1.46927565
46.020464 1.79231627
46.119220 2.01960752
46.217976 2.14568293
46.316733 2.18385369
46.415489 2.14566345
46.514246 2.03639193
46.613002 1.85570263
46.711758 1.60071317
46.810515 1.27742484
46.909271 0.92759302
47.008027 0.65029556
47.106784 0.55315828
47.205540 0.64649640
47.304296 0.83575781
47.403053 1.04287104
47.501809 1.26246969
47.600565 1.49939643
47.699322 1.74151916
47.798078 1.97187714
47.896835 2.16866716
47.995591 2.32091242
48.094347 2.43383779
48.193104 2.51712241
48.291860 2.57880791
48.390616 2.62470546
48.489373 2.65877014
48.588129 2.68365393
48.686885 2.70089597
48.785642 2.71113959
48.884398 2.71518635
48.983155 2.71608682
49.081911 2.71610078
49.180667 2.71593844
49.279424 2.71571985
49.378180 2.71547691
49.476936 2.71522170
49.575693 2.71495978
49.674449 2.71469396
49.773205 2.71442582
49.871962 2.71415625
49.970718 2.71388577
50.069474 2.71361471
50.168231 2.71334327
50.266987 2.71307159
50.365744 2.71279975
50.464500 2.71252781
50.563256 2.71225579
50.662013 2.71198372
50.760769 2.71171181
50.859525 2.71144180
50.958282 2.71117389
51.057038 2.71090809
51.155794 2.71064439
51.254551 2.71038279
51.353307 2.71012331
51.452064 2.70986594
51.550820 2.70961068
51.649576 2.70935753
51.748333 2.70910650
51.847089 2.70885757
51.945845 2.70861076
52.044602 2.70836606
52.143358 2.70812348
52.242114 2.70788301
52.340871 2.70764465
52.439627 2.70740840
52.538383 2.70717426
52.637140 2.70694224
52.735896 2.70671233
52.834653 2.70648454
52.933409 2.70625885
53.032165 2.70603528
53.130922 2.70581383
53.229678 2.70559448
53.328434 2.70537725
53.427191 2.70516213
53.525947 2.70494913
53.624703 2.70473823
53.723460 2.70452945
53.822216 2.70432278
53.920973 2.70411823
54.019729 2.70391578
54.118485 2.70371545
54.217242 2.70351724
54.315998 2.70332113
54.414754 2.70312714
54.513511 2.70293526
54.612267 2.70274549
54.711023 2.70255784
54.809780 2.70237230
54.908536 2.70218887
55.007292 2.70200755
55.106049 2.70182834
55.204805 2.70165125
55.303562 2.70147627
55.402318 2.70130341
55.501074 2.70113265
55.599831 2.70096401
55.698587 2.70079748
55.797343 2.70063306
55.896100 2.70047076
55.994856 2.70031056
56.093612 2.70015248
56.192369 2.69999651
56.291125 2.69984266
56.389882 2.69969092
56.488638 2.69954128
56.587394 2.69939377
56.686151 2.69924836
56.784907 2.69910506
56.883663 2.69896388
56.982420 2.69882481
57.081176 2.69868785
57.179932 2.69855301
57.278689 2.69842027
57.377445 2.69828965
57.476201 2.69816114
57.574958 2.69803474
57.673714 2.69791046
57.772471 2.69778829
57.871227 2.69766822
57.969983 2.69755028
58.068740 2.69743444
58.167496 2.69732071
58.266252 2.69720910
58.365009 2.69709960
58.463765 2.69699221
58.562521 2.69688693
58.661278 2.69678376
58.760034 2.69668271
58.858791 2.69658377
58.957547 2.69648694
59.056303 2.69639222
59.155060 2.69629961
59.253816 2.69620912
59.352572 2.69612073
59.451329 2.69603446
59.550085 2.69595030
59.648841 2.69586826
59.747598 2.69578832
59.846354 2.69571049
59.945110 2.69563478
60.043867 2.69556118
60.142623 2.69548969
60.241380 2.69542031
60.340136 2.69535305
60.438892 2.69528789
60.537649 2.69522485
60.636405 2.69516392
60.735161 2.69510510
60.833918 2.69504839
60.932674 2.69499379
61.031430 2.69494130
61.130187 2.69489093
61.228943 2.69484267
61.327700 2.69479652
61.426456 2.69475248
61.525212 2.69471055
61.623969 2.69467073
61.722725 2.69463302
61.821481 2.69459743
61.920238 2.69456395
62.018994 2.69453257
62.117750 2.69450331
62.216507 2.69447616
62.315263 2.69445112
62.414019 2.69442820
62.512776 2.69440738
62.611532 2.69438868
62.710289 2.69437208
62.809045 2.69435760
62.907801 2.69434523
63.006558 2.69433497
63.105314 2.69432682
63.204070 2.69432078
63.302827 2.69431686
63.401583 2.69431504
63.500339 2.69431534
63.599096 2.69431775
63.697852 2.69432226
63.796609 2.69432889
63.895365 2.69433763
63.994121 2.69434848
64.092878 2.69436144
64.191634 2.69437652
64.290390 2.69439370
64.389147 2.69441300
64.487903 2.69443440
64.586659 2.69445792
64.685416 2.69448354
64.784172 2.69451128
64.882928 2.69454113
64.981685 2.69457309
65.080441 2.69460716
65.179198 2.69464334
65.277954 2.69468164
65.376710 2.69472204
65.475467 2.69476455
65.574223 2.69480918
65.672979 2.69485591
65.771736 2.69490476
65.870492 2.69495571
65.969248 2.69500878
66.068005 2.69506396
66.166761 2.69512125
66.265518 2.69518065
66.364274 2.69524216
66.463030 2.69530578
66.561787 2.69537151
66.660543 2.69543935
66.759299 2.69550930
66.858056 2.69558137
66.956812 2.69565554
67.055568 2.69573182
67.154325 2.69581022
67.253081 2.69589072
67.351837 2.69597334
67.450594 2.69605806
67.549350 2.69614490
67.648107 2.69623385
67.746863 2.69632490
67.845619 2.69641807
67.944376 2.69651335
68.043132 2.69661074
68.141888 2.69671024
68.240645 2.69681184
68.339401 2.69691556
68.438157 2.69702139
68.536914 2.69712933
68.635670 2.69723938
68.734427 2.69735154
68.833183 2.69746581
68.931939 2.69758220
69.030696 2.69770069
69.129452 2.69782129
69.228208 2.69794400
69.326965 2.69806882
69.425721 2.69819575
69.524477 2.69832480
69.623234 2.69845595
69.721990 2.69858921
69.820746 2.69872458
69.919503 2.69886207
70.018259 2.69900166
70.117016 2.69914336
70.215772 2.69928717
70.314528 2.69943310
70.413285 2.69958113
70.512041 2.69973127
70.610797 2.69988352
70.709554 2.70003789
70.808310 2.70019436
70.907066 2.70035294
71.005823 2.70051364
71.104579 2.70067644
71.203336 2.70084135
71.302092 2.70100837
71.400848 2.70117751
71.499605 2.70134875
71.598361 2.70152210
71.697117 2.70169738
71.795874 2.70187284
71.894630 2.70204831
71.993386 2.70222377
72.092143 2.70239923
72.190899 2.70257470
72.289655 2.70275016
72.388412 2.70292563
72.487168 2.70310120
72.585925 2.70327657
