0.098756 1.53454858
0.197513 1.53454887
0.296269 1.53454851
0.395025 1.53454846
0.493782 1.53454845
0.592538 1.53454844
0.691295 1.53454843
0.790051 1.53454841
0.888807 1.53454840
0.987564 1.53454838
1.086320 1.53454837
1.185076 1.53454835
1.283833 1.53454834
1.382589 1.53454832
1.481345 1.53454830
1.580102 1.53454828
1.678858 1.53454826
1.777614 1.53454823
1.876371 1.53454821
1.975127 1.53454818
2.073884 1.53454815
2.172640 1.53454813
2.271396 1.53454809
2.370153 1.53454806
2.468909 1.53454803
2.567665 1.53454799
2.666422 1.53454795
2.765178 1.53454791
2.863934 1.53454787
2.962691 1.53454782
3.061447 1.53454777
3.160204 1.53454772
3.258960 1.53454767
3.357716 1.53454761
3.456473 1.53454755
3.555229 1.53454749
3.653985 1.53454743
3.752742 1.53454736
3.851498 1.53454729
3.950254 1.53454721
4.049011 1.53454713
4.147767 1.53454705
4.246523 1.53454697
4.345280 1.53454688
4.444036 1.53454678
4.542793 1.53454669
4.641549 1.53454658
4.740305 1.53454648
4.839062 1.53454637
4.937818 1.53454626
5.036574 1.53454614
5.135331 1.53454601
5.234087 1.53454589
5.332843 1.53454575
5.431600 1.53454561
5.530356 1.53454547
5.629113 1.53454532
5.727869 1.53454517
5.826625 1.53454501
5.925382 1.53454485
6.024138 1.53454467
6.122894 1.53454450
6.221651 1.53454431
6.320407 1.53454413
6.419163 1.53454393
6.517920 1.53454373
6.616676 1.53454352
6.715432 1.53454331
6.814189 1.53454308
6.912945 1.53454286
7.011702 1.53454262
7.110458 1.53454238
7.209214 1.53454212
7.307971 1.53454187
7.406727 1.53454160
7.505483 1.53454133
7.604240 1.53454104
7.702996 1.53454076
7.801752 1.53454046
7.900509 1.53454015
7.999265 1.53453983
8.098022 1.53453951
8.196778 1.53453918
8.295534 1.53453883
8.394291 1.53453848
8.493047 1.53453812
8.591803 1.53453775
8.690560 1.53453737
8.789316 1.53453698
8.888072 1.53453658
8.986829 1.53453617
9.085585 1.53453575
9.184341 1.53453531
9.283098 1.53453487
9.381854 1.53453442
9.480611 1.53453396
9.579367 1.53453348
9.678123 1.53453299
9.776880 1.53453249
9.875636 1.53453198
9.974392 1.53453146
10.073149 1.53453093
10.171905 1.53453038
10.270661 1.53452982
10.369418 1.53452925
10.468174 1.53452866
10.566931 1.53452806
10.665687 1.53452745
10.764443 1.53452683
10.863200 1.53452619
10.961956 1.53452554
11.060712 1.53452488
11.159469 1.53452420
11.258225 1.53452351
11.356981 1.53452280
11.455738 1.53452208
11.554494 1.53452134
11.653250 1.53452059
11.752007 1.53451982
11.850763 1.53451904
11.949520 1.53451824
12.048276 1.53451743
12.147032 1.53451661
12.245789 1.53451576
12.344545 1.53451490
12.443301 1.53451403
12.542058 1.53451314
12.640814 1.53451223
12.739570 1.53451130
12.838327 1.53451036
12.937083 1.53450941
13.035840 1.53450843
13.134596 1.53450744
13.233352 1.53450643
13.332109 1.53450540
13.430865 1.53450436
13.529621 1.53450330
13.628378 1.53450222
13.727134 1.53450112
13.825890 1.53450000
13.924647 1.53449887
14.023403 1.53449772
14.122159 1.53449654
14.220916 1.53449535
14.319672 1.53449415
14.418429 1.53449292
14.517185 1.53449167
14.615941 1.53449041
14.714698 1.53448912
14.813454 1.53448782
14.912210 1.53448649
15.010967 1.53448515
15.109723 1.53448379
15.208479 1.53448240
15.307236 1.53448100
15.405992 1.53447957
15.504749 1.53447813
15.603505 1.53447666
15.702261 1.53447518
15.801018 1.53447367
15.899774 1.53447214
15.998530 1.53447059
16.097287 1.53446903
16.196043 1.53446743
16.294799 1.53446582
16.393556 1.53446418
16.492312 1.53446252
16.591068 1.53446084
16.689825 1.53445913
16.788581 1.53445740
16.887338 1.53445565
16.986094 1.53445386
17.084850 1.53445206
17.183607 1.53445022
17.282363 1.53444836
17.381119 1.53444646
17.479876 1.53444454
17.578632 1.53444257
17.677388 1.53444058
17.776145 1.53443854
17.874901 1.53443646
17.973658 1.53443433
18.072414 1.53443216
18.171170 1.53442992
18.269927 1.53442762
18.368683 1.53442525
18.467439 1.53442280
18.566196 1.53442024
18.664952 1.53441759
18.763708 1.53441480
18.862465 1.53441188
18.961221 1.53440878
19.059977 1.53440549
19.158734 1.53440195
19.257490 1.53439815
19.356247 1.53439402
19.455003 1.53438951
19.553759 1.53438453
19.652516 1.53437902
19.751272 1.53437285
19.850028 1.53436591
19.948785 1.53435803
20.047541 1.53434906
20.146297 1.53433874
20.245054 1.53432684
20.343810 1.53431299
20.442567 1.53429685
20.541323 1.53427790
20.640079 1.53425560
20.738836 1.53422921
20.837592 1.53419791
20.936348 1.53416062
21.035105 1.53411609
21.133861 1.53406273
21.232617 1.53399864
21.331374 1.53392142
21.430130 1.53382817
21.528886 1.53371524
21.627643 1.53357817
21.726399 1.53341132
21.825156 1.53320771
21.923912 1.53295852
22.022668 1.53265270
22.121425 1.53227621
22.220181 1.53181130
22.318937 1.53123522
22.417694 1.53051893
22.516450 1.52962492
22.615206 1.52850477
22.713963 1.52709544
22.812719 1.52531469
22.911476 1.52305442
23.010232 1.52017228
23.108988 1.51647937
23.207745 1.51172460
23.306501 1.50557171
23.405257 1.49756985
23.504014 1.48711004
23.602770 1.47336905
23.701526 1.45522626
23.800283 1.43115548
23.899039 1.39906533
23.997795 1.35608940
24.096552 1.29828233
24.195308 1.22021385
24.294065 1.11441270
24.392821 0.97058637
24.491577 0.77471140
24.590334 0.50754363
24.689090 0.14444559
24.787846 -0.33323678
24.886603 -0.87257535
24.985359 -1.24404213
25.084115 -1.23163357
25.182872 -1.01134341
25.281628 -0.92888790
25.380385 -1.16195338
25.479141 -1.76871047
25.577897 -2.78156913
25.676654 -4.22932423
25.775410 -6.11486085
25.874166 -8.32534579
25.972923 -10.46302308
26.071679 -11.83409207
26.170435 -11.95593666
26.269192 -11.13847494
26.367948 -10.24522482
26.466704 -9.97418065
26.565461 -10.50149911
26.664217 -11.44118248
26.762974 -11.97318308
26.861730 -11.39419709
26.960486 -9.75661143
27.059243 -7.72428510
27.157999 -5.88978908
27.256755 -4.48329994
27.355512 -3.51751715
27.454268 -2.95545473
27.553024 -2.78012639
27.651781 -3.00899439
27.750537 -3.68520998
27.849294 -4.85852772
27.948050 -6.53154568
28.046806 -8.52136631
28.145563 -10.29509631
28.244319 -11.12965671
28.343075 -10.76343045
28.441832 -9.75455216
28.540588 -8.96175640
28.639344 -8.91498505
28.738101 -9.65116628
28.836857 -10.70794326
28.935613 -11.24413468
29.034370 -10.61096731
29.133126 -8.94750860
29.231883 -6.95503673
29.330639 -5.21559591
29.429395 -3.94609365
29.528152 -3.15271498
29.626908 -2.78645347
29.725664 -2.80938280
29.824421 -3.21784886
29.923177 -4.04353578
30.021933 -5.33444736
30.120690 -7.08485679
30.219446 -9.07223522
30.318203 -10.71161749
30.416959 -11.31034061
30.515715 -10.74704147
30.614472 -9.68614251
30.713228 -8.96458136
30.811984 -9.03140449
30.910741 -9.84294199
31.009497 -10.85930891
31.108253 -11.21929841
31.207010 -10.37567886
31.305766 -8.59751799
31.404522 -6.60847806
31.503279 -4.93395923
31.602035 -3.74411043
31.700792 -3.02858301
31.799548 -2.73590320
31.898304 -2.82851498
31.997061 -3.30314356
32.095817 -4.19169196
32.194573 -5.54035984
32.293330 -7.33174247
32.392086 -9.31152173
32.490842 -10.86309339
32.589599 -11.32321315
32.688355 -10.66178887
32.787112 -9.59904399
32.885868 -8.94855757
32.984624 -9.10454843
33.083381 -9.96423476
33.182137 -10.92898596
33.280893 -11.13426139
33.379650 -10.12524223
33.478406 -8.26734743
33.577162 -6.28984762
33.675919 -4.67335598
33.774675 -3.55835468
33.873431 -2.92733413
33.972188 -2.72887732
34.070944 -2.92363467
34.169701 -3.50346236
34.268457 -4.49423340
34.367213 -5.93383064
34.465970 -7.78244310
34.564726 -9.73577047
34.663482 -11.13770028
34.762239 -11.38398089
34.860995 -10.58058147
34.959751 -9.51438279
35.058508 -8.95478828
35.157264 -9.21533948
35.256021 -10.10713946
35.354777 -10.95318651
35.453533 -10.90456280
35.552290 -9.64949994
35.651046 -7.67347335
35.749802 -5.69421158
35.848559 -4.12651203
35.947315 -3.07357055
36.046071 -2.51092360
36.144828 -2.38927733
36.243584 -2.66801641
36.342340 -3.33134037
36.441097 -4.39428602
36.539853 -5.88469962
36.638610 -7.75174222
36.737366 -9.67469401
36.836122 -10.99430677
36.934879 -11.15222097
37.033635 -10.32718096
37.132391 -9.33482279
37.231148 -8.90446663
37.329904 -9.23652316
37.428660 -9.94330518
37.527417 -10.19848388
37.626173 -9.32744286
37.724929 -7.43313996
37.823686 -5.19304700
37.922442 -3.18658209
38.021199 -1.63942958
38.119955 -0.56505782
38.218711 0.08117077
38.317468 0.34487767
38.416224 0.27270666
38.514980 -0.03262554
38.613737 -0.29662610
38.712493 -0.19393785
38.811249 0.23641949
38.910006 0.71434920
39.008762 1.10099300
39.107519 1.38984492
39.206275 1.60326485
39.305031 1.76057075
39.403788 1.87597852
39.502544 1.95949660
39.601300 2.01813624
39.700057 2.05665359
39.798813 2.07812019
39.897569 2.08498208
39.996326 2.08422772
40.095082 2.08287161
40.193838 2.08139710
40.292595 2.07988765
40.391351 2.07836413
40.490108 2.07683306
40.588864 2.07529698
40.687620 2.07375720
40.786377 2.07221453
40.885133 2.07066959
40.983889 2.06912282
41.082646 2.06757459
41.181402 2.06602512
41.280158 2.06447458
41.378915 2.06292307
41.477671 2.06137068
41.576428 2.05981756
41.675184 2.05826412
41.773940 2.05671157
41.872697 2.05516339
41.971453 2.05363077
42.070209 2.05215880
42.168966 2.05097080
42.267722 2.05077632
42.366478 2.05149560
42.465235 2.05267191
42.563991 2.05357341
42.662747 2.05308183
42.761504 2.04952149
42.860260 2.04039159
42.959017 2.02197381
43.057773 1.98886890
43.156529 1.93309484
43.255286 1.84379731
43.354042 1.70979474
43.452798 1.52923038
43.551555 1.33119798
43.650311 1.18576321
43.749067 1.16214889
43.847824 1.26253504
43.946580 1.41950420
44.045337 1.55938176
44.144093 1.64501087
44.242849 1.66973448
44.341606 1.63777380
44.440362 1.55352417
44.539118 1.42021953
44.637875 1.24415624
44.736631 1.04674071
44.835387 0.87766789
44.934144 0.79540607
45.032900 0.80953458
45.131656 0.85740869
45.230413 0.85206533
45.329169 0.73503154
45.427926 0.49930526
45.526682 0.21368483
45.625438 0.02294329
45.724195 0.05757776
45.822951 0.31579496
45.921707 0.67144582
46.020464 0.99335043
46.119220 1.21974484
46.217976 1.34482957
46.316733 1.38183584
46.415489 1.34232012
46.514246 1.23159309
46.613002 1.04934749
46.711758 0.79273783
46.810515 0.46783327
46.909271 0.11649172
47.008027 -0.16215063
47.106784 -0.26056005
47.205540 -0.16859877
47.304296 0.01906089
47.403053 0.22445155
47.501809 0.44239380
47.600565 0.67744919
47.699322 0.91738105
47.798078 1.14562229
47.896835 1.34056989
47.995591 1.49107817
48.094347 1.60224080
48.193104 1.68372335
48.291860 1.74358600
48.390616 1.78766321
48.489373 1.81993347
48.588129 1.84307280
48.686885 1.85864813
48.785642 1.86733864
48.884398 1.86997264
48.983155 1.86953891
49.081911 1.86823846
49.180667 1.86677314
49.279424 1.86525837
49.378180 1.86372371
49.476936 1.86217977
49.575693 1.86063116
49.674449 1.85908008
49.773205 1.85752765
49.871962 1.85597448
49.970718 1.85442089
50.069474 1.85286706
50.168231 1.85131311
50.266987 1.84975909
50.365744 1.84820504
50.464500 1.84665098
50.563256 1.84509691
50.662013 1.84354285
50.760769 1.84198950
50.859525 1.84044377
50.958282 1.83890635
51.057038 1.83737726
51.155794 1.83585649
51.254551 1.83434403
51.353307 1.83283989
51.452064 1.83134407
51.550820 1.82985656
51.649576 1.82837737
51.748333 1.82690649
51.847089 1.82544392
51.945845 1.82398967
52.044602 1.82254374
52.143358 1.82110611
52.242114 1.81967680
52.340871 1.81825580
52.439627 1.81684312
52.538383 1.81543875
52.637140 1.81404269
52.735896 1.81265494
52.834653 1.81127551
52.933409 1.80990438
53.032165 1.80854157
53.130922 1.80718707
53.229678 1.80584089
53.328434 1.80450301
53.427191 1.80317345
53.525947 1.80185220
53.624703 1.80053926
53.723460 1.79923464
53.822216 1.79793832
53.920973 1.79665032
54.019729 1.79537063
54.118485 1.79409925
54.217242 1.79283618
54.315998 1.79158142
54.414754 1.79033498
54.513511 1.78909685
54.612267 1.78786703
54.711023 1.78664552
54.809780 1.78543232
54.908536 1.78422744
55.007292 1.78303086
55.106049 1.78184260
55.204805 1.78066265
55.303562 1.77949101
55.402318 1.77832768
55.501074 1.77717266
55.599831 1.77602596
55.698587 1.77488756
55.797343 1.77375748
55.896100 1.77263571
55.994856 1.77152225
56.093612 1.77041710
56.192369 1.76932027
56.291125 1.76823174
56.389882 1.76715153
56.488638 1.76607963
56.587394 1.76501603
56.686151 1.76396075
56.784907 1.76291378
56.883663 1.76187513
56.982420 1.76084478
57.081176 1.75982274
57.179932 1.75880902
57.278689 1.75780361
57.377445 1.75680651
57.476201 1.75581772
57.574958 1.75483724
57.673714 1.75386507
57.772471 1.75290121
57.871227 1.75194566
57.969983 1.75099843
58.068740 1.75005950
58.167496 1.74912889
58.266252 1.74820659
58.365009 1.74729260
58.463765 1.74638692
58.562521 1.74548955
58.661278 1.74460049
58.760034 1.74371974
58.858791 1.74284731
58.957547 1.74198318
59.056303 1.74112737
59.155060 1.74027987
59.253816 1.73944067
59.352572 1.73860979
59.451329 1.73778722
59.550085 1.73697296
59.648841 1.73616701
59.747598 1.73536937
59.846354 1.73458005
59.945110 1.73379903
60.043867 1.73302633
60.142623 1.73226193
60.241380 1.73150585
60.340136 1.73075807
60.438892 1.73001861
60.537649 1.72928746
60.636405 1.72856462
60.735161 1.72785009
60.833918 1.72714387
60.932674 1.72644596
61.031430 1.72575637
61.130187 1.72507508
61.228943 1.72440210
61.327700 1.72373744
61.426456 1.72308108
61.525212 1.72243304
61.623969 1.72179331
61.722725 1.72116188
61.821481 1.72053877
61.920238 1.71992397
62.018994 1.71931748
62.117750 1.71871930
62.216507 1.71812943
62.315263 1.71754787
62.414019 1.71697463
62.512776 1.71640969
62.611532 1.71585306
62.710289 1.71530475
62.809045 1.71476474
62.907801 1.71423305
63.006558 1.71370967
63.105314 1.71319459
63.204070 1.71268783
63.302827 1.71218938
63.401583 1.71169924
63.500339 1.71121741
63.599096 1.71074389
63.697852 1.71027868
63.796609 1.70982178
63.895365 1.70937320
63.994121 1.70893292
64.092878 1.70850095
64.191634 1.70807730
64.290390 1.70766195
64.389147 1.70725492
64.487903 1.70685620
64.586659 1.70646578
64.685416 1.70608368
64.784172 1.70570989
64.882928 1.70534441
64.981685 1.70498724
65.080441 1.70463838
65.179198 1.70429783
65.277954 1.70396559
65.376710 1.70364166
65.475467 1.70332605
65.574223 1.70301874
65.672979 1.70271975
65.771736 1.70242906
65.870492 1.70214669
65.969248 1.70187262
66.068005 1.70160687
66.166761 1.70134943
66.265518 1.70110030
66.364274 1.70085948
66.463030 1.70062697
66.561787 1.70040277
66.660543 1.70018688
66.759299 1.69997930
66.858056 1.69978003
66.956812 1.69958908
67.055568 1.69940643
67.154325 1.69923210
67.253081 1.69906607
67.351837 1.69890836
67.450594 1.69875896
67.549350 1.69861786
67.648107 1.69848508
67.746863 1.69836061
67.845619 1.69824445
67.944376 1.69813660
68.043132 1.69803706
68.141888 1.69794584
68.240645 1.69786292
68.339401 1.69778831
68.438157 1.69772202
68.536914 1.69766403
68.635670 1.69761436
68.734427 1.69757300
68.833183 1.69753994
68.931939 1.69751520
69.030696 1.69749877
69.129452 1.69749065
69.228208 1.69749084
69.326965 1.69749935
69.425721 1.69751616
69.524477 1.69754128
69.623234 1.69757472
69.721990 1.69761646
69.820746 1.69766652
69.919503 1.69772488
70.018259 1.69779156
70.117016 1.69786655
70.215772 1.69794985
70.314528 1.69804146
70.413285 1.69814138
70.512041 1.69824961
70.610797 1.69836616
70.709554 1.69849101
70.808310 1.69862418
70.907066 1.69876565
71.005823 1.69891544
71.104579 1.69907354
71.203336 1.69923995
71.302092 1.69941467
71.400848 1.69959770
71.499605 1.69978905
71.598361 1.69998870
71.697117 1.70019595
71.795874 1.70040392
71.894630 1.70061189
71.993386 1.70081985
72.092143 1.70102782
72.190899 1.70123578
72.289655 1.70144374
72.388412 1.70165172
72.487168 1.70185985
72.585925 1.70206766
