0.098756 1.55396913
0.197513 1.55397282
0.296269 1.55396883
0.395025 1.55396840
0.493782 1.55396841
0.592538 1.55396844
0.691295 1.55396847
0.790051 1.55396850
0.888807 1.55396853
0.987564 1.55396856
1.086320 1.55396860
1.185076 1.55396864
1.283833 1.55396868
1.382589 1.55396873
1.481345 1.55396878
1.580102 1.55396883
1.678858 1.55396889
1.777614 1.55396896
1.876371 1.55396903
1.975127 1.55396910
2.073884 1.55396918
2.172640 1.55396927
2.271396 1.55396936
2.370153 1.55396946
2.468909 1.55396957
2.567665 1.55396968
2.666422 1.55396980
2.765178 1.55396993
2.863934 1.55397007
2.962691 1.55397021
3.061447 1.55397036
3.160204 1.55397053
3.258960 1.55397070
3.357716 1.55397088
3.456473 1.55397107
3.555229 1.55397127
3.653985 1.55397148
3.752742 1.55397170
3.851498 1.55397194
3.950254 1.55397218
4.049011 1.55397243
4.147767 1.55397270
4.246523 1.55397298
4.345280 1.55397327
4.444036 1.55397358
4.542793 1.55397389
4.641549 1.55397423
4.740305 1.55397457
4.839062 1.55397493
4.937818 1.55397530
5.036574 1.55397569
5.135331 1.55397609
5.234087 1.55397651
5.332843 1.55397695
5.431600 1.55397740
5.530356 1.55397786
5.629113 1.55397834
5.727869 1.55397884
5.826625 1.55397936
5.925382 1.55397989
6.024138 1.55398045
6.122894 1.55398101
6.221651 1.55398160
6.320407 1.55398221
6.419163 1.55398284
6.517920 1.55398348
6.616676 1.55398415
6.715432 1.55398484
6.814189 1.55398554
6.912945 1.55398627
7.011702 1.55398702
7.110458 1.55398779
7.209214 1.55398858
7.307971 1.55398940
7.406727 1.55399023
7.505483 1.55399109
7.604240 1.55399198
7.702996 1.55399288
7.801752 1.55399381
7.900509 1.55399477
7.999265 1.55399575
8.098022 1.55399675
8.196778 1.55399778
8.295534 1.55399884
8.394291 1.55399992
8.493047 1.55400103
8.591803 1.55400216
8.690560 1.55400332
8.789316 1.55400451
8.888072 1.55400573
8.986829 1.55400698
9.085585 1.55400825
9.184341 1.55400955
9.283098 1.55401089
9.381854 1.55401225
9.480611 1.55401364
9.579367 1.55401507
9.678123 1.55401652
9.776880 1.55401800
9.875636 1.55401952
9.974392 1.55402107
10.073149 1.55402265
10.171905 1.55402426
10.270661 1.55402591
10.369418 1.55402759
10.468174 1.55402930
10.566931 1.55403105
10.665687 1.55403284
10.764443 1.55403466
10.863200 1.55403651
10.961956 1.55403840
11.060712 1.55404032
11.159469 1.55404229
11.258225 1.55404428
11.356981 1.55404632
11.455738 1.55404839
11.554494 1.55405051
11.653250 1.55405266
11.752007 1.55405485
11.850763 1.55405708
11.949520 1.55405935
12.048276 1.55406165
12.147032 1.55406401
12.245789 1.55406639
12.344545 1.55406883
12.443301 1.55407130
12.542058 1.55407382
12.640814 1.55407637
12.739570 1.55407897
12.838327 1.55408162
12.937083 1.55408431
13.035840 1.55408704
13.134596 1.55408981
13.233352 1.55409263
13.332109 1.55409550
13.430865 1.55409841
13.529621 1.55410137
13.628378 1.55410438
13.727134 1.55410743
13.825890 1.55411053
13.924647 1.55411367
14.023403 1.55411687
14.122159 1.55412011
14.220916 1.55412340
14.319672 1.55412674
14.418429 1.55413013
14.517185 1.55413357
14.615941 1.55413706
14.714698 1.55414060
14.813454 1.55414420
14.912210 1.55414784
15.010967 1.55415153
15.109723 1.55415528
15.208479 1.55415908
15.307236 1.55416294
15.405992 1.55416684
15.504749 1.55417080
15.603505 1.55417482
15.702261 1.55417888
15.801018 1.55418301
15.899774 1.55418718
15.998530 1.55419142
16.097287 1.55419570
16.196043 1.55420005
16.294799 1.55420445
16.393556 1.55420890
16.492312 1.55421341
16.591068 1.55421798
16.689825 1.55422260
16.788581 1.55422728
16.887338 1.55423201
16.986094 1.55423680
17.084850 1.55424165
17.183607 1.55424655
17.282363 1.55425150
17.381119 1.55425650
17.479876 1.55426156
17.578632 1.55426666
17.677388 1.55427182
17.776145 1.55427701
17.874901 1.55428225
17.973658 1.55428753
18.072414 1.55429285
18.171170 1.55429819
18.269927 1.55430355
18.368683 1.55430893
18.467439 1.55431432
18.566196 1.55431970
18.664952 1.55432506
18.763708 1.55433039
18.862465 1.55433566
18.961221 1.55434085
19.059977 1.55434594
19.158734 1.55435089
19.257490 1.55435566
19.356247 1.55436020
19.455003 1.55436445
19.553759 1.55436834
19.652516 1.55437179
19.751272 1.55437469
19.850028 1.55437692
19.948785 1.55437833
20.047541 1.55437874
20.146297 1.55437794
20.245054 1.55437565
20.343810 1.55437156
20.442567 1.55436528
20.541323 1.55435635
20.640079 1.55434418
20.738836 1.55432809
20.837592 1.55430723
20.936348 1.55428057
21.035105 1.55424682
21.133861 1.55420446
21.232617 1.55415155
21.331374 1.55408576
21.430130 1.55400418
21.528886 1.55390322
21.627643 1.55377841
21.726399 1.55362418
21.825156 1.55343358
21.923912 1.55319787
22.022668 1.55290606
22.121425 1.55254423
22.220181 1.55209472
22.318937 1.55153499
22.417694 1.55083616
22.516450 1.54996106
22.615206 1.54886161
22.713963 1.54747531
22.812719 1.54572059
22.911476 1.54349034
23.010232 1.54064348
23.108988 1.53699295
23.207745 1.53229012
23.306501 1.52620225
23.405257 1.51828325
23.504014 1.50793092
23.602770 1.49433139
23.701526 1.47637722
23.800283 1.45256054
23.899039 1.42081580
23.997795 1.37831257
24.096552 1.32115592
24.195308 1.24398573
24.294065 1.13942746
24.392821 0.99732275
24.491577 0.80382761
24.590334 0.53993720
24.689090 0.18119780
24.787846 -0.29201686
24.886603 -0.83219025
24.985359 -1.21682497
25.084115 -1.22354413
25.182872 -1.00812040
25.281628 -0.91857048
25.380385 -1.14016897
25.479141 -1.73341177
25.577897 -2.73069459
25.676654 -4.16097040
25.775410 -6.02933509
25.874166 -8.23077633
25.972923 -10.38158128
26.071679 -11.79369337
26.170435 -11.96344239
26.269192 -11.16902940
26.367948 -10.26590288
26.466704 -9.96775138
26.565461 -10.47190922
26.664217 -11.41318458
26.762974 -11.98135882
26.861730 -11.45394725
26.960486 -9.84967713
27.059243 -7.82001061
27.157999 -5.96780263
27.256755 -4.53501905
27.355512 -3.53999080
27.454268 -2.94828176
27.553024 -2.74453980
27.651781 -2.94682395
27.750537 -3.59771284
27.849294 -4.74643552
27.948050 -6.39900098
28.046806 -8.38594179
28.145563 -10.19317105
28.244319 -11.09379146
28.343075 -10.78620768
28.441832 -9.79298143
28.540588 -8.97616151
28.639344 -8.88992218
28.738101 -9.59494333
28.836857 -10.65075225
28.935613 -11.22442516
29.034370 -10.64299165
29.133126 -9.00939837
29.231883 -7.01582169
29.330639 -5.25933097
29.429395 -3.97140270
29.528152 -3.16414819
29.626908 -2.78875367
29.725664 -2.80445355
29.824421 -3.20337391
29.923177 -4.01358663
30.021933 -5.28260185
30.120690 -7.01141736
30.219446 -8.99616868
30.318203 -10.67259452
30.416959 -11.33832726
30.515715 -10.82629990
30.614472 -9.76873588
30.713228 -9.01196843
30.811984 -9.03180768
30.910741 -9.81034008
31.009497 -10.83164029
31.108253 -11.23905461
31.207010 -10.45219230
31.305766 -8.70059568
31.404522 -6.70282045
31.503279 -5.00250272
31.602035 -3.78426131
31.700792 -3.04275948
31.799548 -2.72659813
31.898304 -2.79636949
31.997061 -3.24625349
32.095817 -4.10603163
32.194573 -5.42220859
32.293330 -7.18472709
32.392086 -9.15868158
32.490842 -10.74646133
32.589599 -11.26915288
32.688355 -10.64698278
32.787112 -9.57068822
32.885868 -8.86697026
32.984624 -8.95737486
33.083381 -9.76336090
33.182137 -10.70612406
33.280893 -10.91991430
33.379650 -9.91707907
33.478406 -8.03166023
33.577162 -5.99351607
33.675919 -4.30110504
33.774675 -3.10922585
33.873431 -2.40936993
33.972188 -2.15748962
34.070944 -2.32025287
34.169701 -2.89214005
34.268457 -3.89690821
34.367213 -5.36710756
34.465970 -7.25912511
34.564726 -9.27073716
34.663482 -10.74791746
34.762239 -11.07416763
34.860995 -10.33335748
34.959751 -9.30359878
35.058508 -8.76231716
35.157264 -9.03247437
35.256021 -9.92824350
35.354777 -10.77193099
35.453533 -10.71548582
35.552290 -9.45081291
35.651046 -7.46589354
35.749802 -5.47832906
35.848559 -3.90313487
35.947315 -2.84631394
36.046071 -2.28852312
36.144828 -2.18573056
36.243584 -2.49925124
36.342340 -3.20900580
36.441097 -4.32013139
36.539853 -5.84970365
36.638610 -7.74152278
36.737366 -9.67809470
36.836122 -11.00731832
36.934879 -11.17227059
37.033635 -10.34684545
37.132391 -9.34518755
37.231148 -8.90227353
37.329904 -9.22919243
37.428660 -9.95211369
37.527417 -10.24967323
37.626173 -9.42789771
37.724929 -7.56051100
37.823686 -5.31462998
37.922442 -3.27642921
38.021199 -1.67789164
38.119955 -0.53444033
38.218711 0.19606981
38.317468 0.55393478
38.416224 0.57853474
38.514980 0.36456972
38.613737 0.17891716
38.712493 0.35074188
38.811249 0.85292006
38.910006 1.40572776
39.008762 1.86545112
39.107519 2.22358032
39.206275 2.50183200
39.305031 2.71865678
39.403788 2.88751792
39.502544 3.01765030
39.601300 3.11460234
39.700057 3.18174725
39.798813 3.22260709
39.897569 3.24031263
39.996326 3.24434366
40.095082 3.24651675
40.193838 3.24819061
40.292595 3.24967465
40.391351 3.25106766
40.490108 3.25241089
40.588864 3.25372474
40.687620 3.25502034
40.786377 3.25630423
40.885133 3.25758040
40.983889 3.25885141
41.082646 3.26011894
41.181402 3.26138415
41.280158 3.26264791
41.378915 3.26391093
41.477671 3.26517391
41.576428 3.26643777
41.675184 3.26770390
41.773940 3.26897486
41.872697 3.27025602
41.971453 3.27156111
42.070209 3.27293821
42.168966 3.27460799
42.267722 3.27733864
42.366478 3.28108408
42.465235 3.28538909
42.563991 3.28952352
42.662747 3.29237626
42.761504 3.29228629
42.860260 3.28677810
42.959017 3.27218137
43.057773 3.24316500
43.156529 3.19185259
43.255286 3.10749347
43.354042 2.97879680
43.452798 2.80313607
43.551555 2.60795722
43.650311 2.46205515
43.749067 2.43604850
43.847824 2.53557056
43.946580 2.69503938
44.045337 2.83985229
44.144093 2.93128644
44.242849 2.96192025
44.341606 2.93585148
44.440362 2.85754661
44.539118 2.73022065
44.637875 2.55967558
44.736631 2.36588838
44.835387 2.19686567
44.934144 2.11192236
45.032900 2.12487119
45.131656 2.17641979
45.230413 2.17916293
45.329169 2.07198124
45.427926 1.84410951
45.526682 1.55990677
45.625438 1.36284696
45.724195 1.38894780
45.822951 1.64401525
45.921707 2.00379516
46.020464 2.33378776
46.119220 2.56893425
46.217976 2.70223031
46.316733 2.74693076
46.415489 2.71492198
46.514246 2.61185156
46.613002 2.43764101
46.711758 2.18925124
46.810515 1.87119976
46.909271 1.52154860
47.008027 1.23613665
47.106784 1.12611442
47.205540 1.21126523
47.304296 1.40164701
47.403053 1.61310775
47.501809 1.83355182
47.600565 2.07133995
47.699322 2.31642824
47.798078 2.55064599
47.896835 2.75208657
47.995591 2.90900807
48.094347 3.02610903
48.193104 3.11305851
48.291860 3.17801775
48.390616 3.22689354
48.489373 3.26371081
48.588129 3.29116853
48.686885 3.31084348
48.785642 3.32340344
48.884398 3.32943586
48.983155 3.33205481
49.081911 3.33365254
49.180667 3.33504810
49.279424 3.33637617
49.378180 3.33767346
49.476936 3.33895439
49.575693 3.34022588
49.674449 3.34149165
49.773205 3.34275382
49.871962 3.34401368
49.970718 3.34527201
50.069474 3.34652932
50.168231 3.34778593
50.266987 3.34904208
50.365744 3.35029789
50.464500 3.35155347
50.563256 3.35280889
50.662013 3.35406420
50.760769 3.35531896
50.859525 3.35656883
50.958282 3.35781335
51.057038 3.35905255
51.155794 3.36028642
51.254551 3.36151498
51.353307 3.36273824
51.452064 3.36395618
51.550820 3.36516883
51.649576 3.36637617
51.748333 3.36757821
51.847089 3.36877495
51.945845 3.36996639
52.044602 3.37115254
52.143358 3.37233338
52.242114 3.37350893
52.340871 3.37467919
52.439627 3.37584415
52.538383 3.37700381
52.637140 3.37815817
52.735896 3.37930724
52.834653 3.38045101
52.933409 3.38158949
53.032165 3.38272267
53.130922 3.38385055
53.229678 3.38497314
53.328434 3.38609043
53.427191 3.38720243
53.525947 3.38830913
53.624703 3.38941053
53.723460 3.39050664
53.822216 3.39159746
53.920973 3.39268297
54.019729 3.39376320
54.118485 3.39483812
54.217242 3.39590775
54.315998 3.39697209
54.414754 3.39803113
54.513511 3.39908488
54.612267 3.40013332
54.711023 3.40117648
54.809780 3.40221434
54.908536 3.40324690
55.007292 3.40427417
55.106049 3.40529614
55.204805 3.40631282
55.303562 3.40732420
55.402318 3.40833028
55.501074 3.40933107
55.599831 3.41032657
55.698587 3.41131677
55.797343 3.41230167
55.896100 3.41328128
55.994856 3.41425559
56.093612 3.41522461
56.192369 3.41618834
56.291125 3.41714676
56.389882 3.41809990
56.488638 3.41904773
56.587394 3.41999028
56.686151 3.42092752
56.784907 3.42185947
56.883663 3.42278613
56.982420 3.42370749
57.081176 3.42462356
57.179932 3.42553433
57.278689 3.42643981
57.377445 3.42733999
57.476201 3.42823487
57.574958 3.42912446
57.673714 3.43000876
57.772471 3.43088776
57.871227 3.43176146
57.969983 3.43262987
58.068740 3.43349299
58.167496 3.43435081
58.266252 3.43520333
58.365009 3.43605056
58.463765 3.43689250
58.562521 3.43772914
58.661278 3.43856048
58.760034 3.43938653
58.858791 3.44020729
58.957547 3.44102275
59.056303 3.44183291
59.155060 3.44263778
59.253816 3.44343736
59.352572 3.44423164
59.451329 3.44502062
59.550085 3.44580431
59.648841 3.44658271
59.747598 3.44735581
59.846354 3.44812361
59.945110 3.44888612
60.043867 3.44964334
60.142623 3.45039526
60.241380 3.45114188
60.340136 3.45188321
60.438892 3.45261925
60.537649 3.45334999
60.636405 3.45407544
60.735161 3.45479559
60.833918 3.45551044
60.932674 3.45622001
61.031430 3.45692427
61.130187 3.45762324
61.228943 3.45831692
61.327700 3.45900530
61.426456 3.45968839
61.525212 3.46036618
61.623969 3.46103868
61.722725 3.46170588
61.821481 3.46236779
61.920238 3.46302440
62.018994 3.46367572
62.117750 3.46432174
62.216507 3.46496247
62.315263 3.46559790
62.414019 3.46622804
62.512776 3.46685289
62.611532 3.46747244
62.710289 3.46808669
62.809045 3.46869565
62.907801 3.46929931
63.006558 3.46989768
63.105314 3.47049076
63.204070 3.47107854
63.302827 3.47166102
63.401583 3.47223822
63.500339 3.47281011
63.599096 3.47337671
63.697852 3.47393802
63.796609 3.47449403
63.895365 3.47504475
63.994121 3.47559017
64.092878 3.47613029
64.191634 3.47666513
64.290390 3.47719466
64.389147 3.47771891
64.487903 3.47823785
64.586659 3.47875151
64.685416 3.47925986
64.784172 3.47976293
64.882928 3.48026069
64.981685 3.48075317
65.080441 3.48124035
65.179198 3.48172223
65.277954 3.48219882
65.376710 3.48267011
65.475467 3.48313611
65.574223 3.48359682
65.672979 3.48405223
65.771736 3.48450234
65.870492 3.48494716
65.969248 3.48538668
66.068005 3.48582091
66.166761 3.48624985
66.265518 3.48667349
66.364274 3.48709184
66.463030 3.48750489
66.561787 3.48791264
66.660543 3.48831510
66.759299 3.48871227
66.858056 3.48910414
66.956812 3.48949071
67.055568 3.48987200
67.154325 3.49024798
67.253081 3.49061867
67.351837 3.49098407
67.450594 3.49134417
67.549350 3.49169898
67.648107 3.49204849
67.746863 3.49239271
67.845619 3.49273163
67.944376 3.49306525
68.043132 3.49339359
68.141888 3.49371662
68.240645 3.49403436
68.339401 3.49434681
68.438157 3.49465396
68.536914 3.49495582
68.635670 3.49525238
68.734427 3.49554365
68.833183 3.49582962
68.931939 3.49611030
69.030696 3.49638568
69.129452 3.49665577
69.228208 3.49692056
69.326965 3.49718005
69.425721 3.49743426
69.524477 3.49768316
69.623234 3.49792677
69.721990 3.49816509
69.820746 3.49839811
69.919503 3.49862584
70.018259 3.49884827
70.117016 3.49906541
70.215772 3.49927725
70.314528 3.49948379
70.413285 3.49968504
70.512041 3.49988100
70.610797 3.50007166
70.709554 3.50025703
70.808310 3.50043710
70.907066 3.50061187
71.005823 3.50078135
71.104579 3.50094554
71.203336 3.50110443
71.302092 3.50125802
71.400848 3.50140632
71.499605 3.50154932
71.598361 3.50168703
71.697117 3.50181990
71.795874 3.50195231
71.894630 3.50208472
71.993386 3.50221713
72.092143 3.50234955
72.190899 3.50248196
72.289655 3.50261438
72.388412 3.50274680
72.487168 3.50287926
72.585925 3.50301163
