0.098756 1.55308946
0.197513 1.55309187
0.296269 1.55308934
0.395025 1.55308909
0.493782 1.55308912
0.592538 1.55308916
0.691295 1.55308920
0.790051 1.55308923
0.888807 1.55308927
0.987564 1.55308931
1.086320 1.55308934
1.185076 1.55308938
1.283833 1.55308941
1.382589 1.55308945
1.481345 1.55308948
1.580102 1.55308951
1.678858 1.55308954
1.777614 1.55308957
1.876371 1.55308960
1.975127 1.55308963
2.073884 1.55308966
2.172640 1.55308968
2.271396 1.55308971
2.370153 1.55308973
2.468909 1.55308975
2.567665 1.55308977
2.666422 1.55308979
2.765178 1.55308980
2.863934 1.55308982
2.962691 1.55308983
3.061447 1.55308985
3.160204 1.55308986
3.258960 1.55308987
3.357716 1.55308987
3.456473 1.55308988
3.555229 1.55308988
3.653985 1.55308989
3.752742 1.55308989
3.851498 1.55308989
3.950254 1.55308988
4.049011 1.55308988
4.147767 1.55308987
4.246523 1.55308986
4.345280 1.55308985
4.444036 1.55308984
4.542793 1.55308983
4.641549 1.55308981
4.740305 1.55308979
4.839062 1.55308977
4.937818 1.55308975
5.036574 1.55308973
5.135331 1.55308970
5.234087 1.55308968
5.332843 1.55308964
5.431600 1.55308962
5.530356 1.55308958
5.629113 1.55308955
5.727869 1.55308951
5.826625 1.55308947
5.925382 1.55308943
6.024138 1.55308939
6.122894 1.55308935
6.221651 1.55308931
6.320407 1.55308926
6.419163 1.55308922
6.517920 1.55308917
6.616676 1.55308912
6.715432 1.55308907
6.814189 1.55308902
6.912945 1.55308896
7.011702 1.55308891
7.110458 1.55308885
7.209214 1.55308880
7.307971 1.55308874
7.406727 1.55308869
7.505483 1.55308863
7.604240 1.55308857
7.702996 1.55308851
7.801752 1.55308846
7.900509 1.55308840
7.999265 1.55308834
8.098022 1.55308828
8.196778 1.55308823
8.295534 1.55308817
8.394291 1.55308812
8.493047 1.55308806
8.591803 1.55308801
8.690560 1.55308795
8.789316 1.55308790
8.888072 1.55308785
8.986829 1.55308780
9.085585 1.55308775
9.184341 1.55308771
9.283098 1.55308766
9.381854 1.55308762
9.480611 1.55308758
9.579367 1.55308755
9.678123 1.55308751
9.776880 1.55308749
9.875636 1.55308746
9.974392 1.55308744
10.073149 1.55308741
10.171905 1.55308740
10.270661 1.55308739
10.369418 1.55308738
10.468174 1.55308738
10.566931 1.55308739
10.665687 1.55308739
10.764443 1.55308741
10.863200 1.55308743
10.961956 1.55308745
11.060712 1.55308748
11.159469 1.55308753
11.258225 1.55308757
11.356981 1.55308763
11.455738 1.55308768
11.554494 1.55308776
11.653250 1.55308783
11.752007 1.55308792
11.850763 1.55308801
11.949520 1.55308812
12.048276 1.55308823
12.147032 1.55308835
12.245789 1.55308848
12.344545 1.55308863
12.443301 1.55308878
12.542058 1.55308895
12.640814 1.55308913
12.739570 1.55308932
12.838327 1.55308952
12.937083 1.55308974
13.035840 1.55308996
13.134596 1.55309021
13.233352 1.55309046
13.332109 1.55309074
13.430865 1.55309102
13.529621 1.55309132
13.628378 1.55309164
13.727134 1.55309197
13.825890 1.55309232
13.924647 1.55309269
14.023403 1.55309307
14.122159 1.55309348
14.220916 1.55309389
14.319672 1.55309434
14.418429 1.55309479
14.517185 1.55309527
14.615941 1.55309577
14.714698 1.55309629
14.813454 1.55309683
14.912210 1.55309739
15.010967 1.55309797
15.109723 1.55309859
15.208479 1.55309921
15.307236 1.55309987
15.405992 1.55310054
15.504749 1.55310125
15.603505 1.55310197
15.702261 1.55310273
15.801018 1.55310350
15.899774 1.55310431
15.998530 1.55310514
16.097287 1.55310600
16.196043 1.55310688
16.294799 1.55310780
16.393556 1.55310874
16.492312 1.55310971
16.591068 1.55311070
16.689825 1.55311173
16.788581 1.55311279
16.887338 1.55311388
16.986094 1.55311498
17.084850 1.55311613
17.183607 1.55311730
17.282363 1.55311850
17.381119 1.55311972
17.479876 1.55312098
17.578632 1.55312225
17.677388 1.55312355
17.776145 1.55312487
17.874901 1.55312621
17.973658 1.55312756
18.072414 1.55312893
18.171170 1.55313030
18.269927 1.55313168
18.368683 1.55313304
18.467439 1.55313439
18.566196 1.55313572
18.664952 1.55313701
18.763708 1.55313824
18.862465 1.55313940
18.961221 1.55314046
19.059977 1.55314141
19.158734 1.55314220
19.257490 1.55314280
19.356247 1.55314315
19.455003 1.55314322
19.553759 1.55314291
19.652516 1.55314216
19.751272 1.55314085
19.850028 1.55313888
19.948785 1.55313609
20.047541 1.55313232
20.146297 1.55312734
20.245054 1.55312091
20.343810 1.55311270
20.442567 1.55310236
20.541323 1.55308940
20.640079 1.55307330
20.738836 1.55305334
20.837592 1.55302873
20.936348 1.55299843
21.035105 1.55296123
21.133861 1.55291560
21.232617 1.55285968
21.331374 1.55279118
21.430130 1.55270726
21.528886 1.55260441
21.627643 1.55247828
21.726399 1.55232341
21.825156 1.55213304
21.923912 1.55189861
22.022668 1.55160941
22.121425 1.55125183
22.220181 1.55080865
22.318937 1.55025783
22.417694 1.54957121
22.516450 1.54871249
22.615206 1.54763475
22.713963 1.54627701
22.812719 1.54455968
22.911476 1.54237830
23.010232 1.53959528
23.108988 1.53602823
23.207745 1.53143478
23.306501 1.52549066
23.405257 1.51776117
23.504014 1.50765972
23.602770 1.49439352
23.701526 1.47688426
23.800283 1.45366377
23.899039 1.42272149
23.997795 1.38130239
24.096552 1.32561589
24.195308 1.25044519
24.294065 1.14861187
24.392821 1.01022625
24.491577 0.82180275
24.590334 0.56481092
24.689090 0.21518054
24.787846 -0.24846766
24.886603 -0.78909037
24.985359 -1.19921311
25.084115 -1.23722788
25.182872 -1.02491791
25.281628 -0.91352850
25.380385 -1.10472606
25.479141 -1.66486466
25.577897 -2.62736816
25.676654 -4.02199063
25.775410 -5.85767475
25.874166 -8.04393065
25.972923 -10.22528587
26.071679 -11.72679538
26.170435 -12.00097721
26.269192 -11.25597948
26.367948 -10.32717138
26.466704 -9.96184848
26.565461 -10.40346506
26.664217 -11.33204605
26.762974 -11.96199722
26.861730 -11.53508689
26.960486 -9.99911010
27.059243 -7.97794613
27.157999 -6.09893200
27.256755 -4.63254735
27.355512 -3.60797855
27.454268 -2.99012120
27.553024 -2.75961512
27.651781 -2.93100143
27.750537 -3.54522043
27.849294 -4.65256698
27.948050 -6.26632108
28.046806 -8.23823490
28.145563 -10.08409947
28.244319 -11.07532724
28.343075 -10.85220200
28.441832 -9.87981333
28.540588 -9.02095440
28.639344 -8.86655183
28.738101 -9.51701845
28.836857 -10.57205078
28.935613 -11.21721399
29.034370 -10.73758270
29.133126 -9.16660125
29.231883 -7.17480565
29.330639 -5.38529950
29.429395 -4.05650099
29.528152 -3.21148805
29.626908 -2.80291722
29.725664 -2.78813535
29.824421 -3.15630818
29.923177 -3.93284884
30.021933 -5.16510172
30.120690 -6.86167683
30.219446 -8.84169420
30.318203 -10.56855823
30.416959 -11.32867847
30.515715 -10.89230331
30.614472 -9.84326224
30.713228 -9.03786062
30.811984 -8.98984970
30.910741 -9.72087668
31.009497 -10.75478733
31.108253 -11.24591278
31.207010 -10.56204765
31.305766 -8.86546008
31.404522 -6.86269481
31.503279 -5.12670228
31.602035 -3.86674360
31.700792 -3.08633017
31.799548 -2.73484922
31.898304 -2.77112263
31.997061 -3.18686100
32.095817 -4.00979383
32.194573 -5.28702592
32.293330 -7.01771096
32.392086 -8.99234129
32.490842 -10.64021691
32.589599 -11.26397537
32.688355 -10.71546625
32.787112 -9.64040546
32.885868 -8.88127468
32.984624 -8.90065428
33.083381 -9.66291080
33.182137 -10.63105681
33.280893 -10.94346244
33.379650 -10.04934799
33.478406 -8.21469106
33.577162 -6.16494619
33.675919 -4.43204638
33.774675 -3.19535535
33.873431 -2.45466441
33.972188 -2.16652603
34.070944 -2.29553470
34.169701 -2.83310119
34.268457 -3.80040417
34.367213 -5.23125123
34.465970 -7.09483193
34.564726 -9.11980708
34.663482 -10.67701398
34.762239 -11.11684767
34.860995 -10.44535248
34.959751 -9.40344179
35.058508 -8.79530579
35.157264 -8.99166845
35.256021 -9.85766996
35.354777 -10.76028317
35.453533 -10.83885735
35.552290 -9.70075206
35.651046 -7.76755437
35.749802 -5.76675806
35.848559 -4.15207384
35.947315 -3.05111428
36.046071 -2.44874758
36.144828 -2.29863906
36.243584 -2.55930131
36.342340 -3.20988454
36.441097 -4.25786651
36.539853 -5.72755805
36.638610 -7.58136047
36.737366 -9.53663858
36.836122 -10.96296301
36.934879 -11.25807092
37.033635 -10.50884586
37.132391 -9.49512324
37.231148 -8.98778863
37.329904 -9.25758646
37.428660 -9.99092399
37.527417 -10.39529776
37.626173 -9.72573287
37.724929 -7.96467307
37.823686 -5.74704680
37.922442 -3.69050081
38.021199 -2.06115975
38.119955 -0.88849190
38.218711 -0.13333005
38.317468 0.24480316
38.416224 0.28431880
38.514980 0.06928103
38.613737 -0.15371217
38.712493 -0.04249228
38.811249 0.42141915
38.910006 0.96221442
39.008762 1.41636664
39.107519 1.76756458
39.206275 2.03734286
39.305031 2.24511163
39.403788 2.40499049
39.502544 2.52656996
39.601300 2.61588757
39.700057 2.67744460
39.798813 2.71488557
39.897569 2.73109077
39.996326 2.73383602
40.095082 2.73499191
40.193838 2.73572754
40.292595 2.73630949
40.391351 2.73681948
40.490108 2.73729045
40.588864 2.73773833
40.687620 2.73817174
40.786377 2.73859573
40.885133 2.73901342
40.983889 2.73942682
41.082646 2.73983726
41.181402 2.74024568
41.280158 2.74065278
41.378915 2.74105913
41.477671 2.74146531
41.576428 2.74187207
41.675184 2.74228064
41.773940 2.74269337
41.872697 2.74311543
41.971453 2.74356078
42.070209 2.74408063
42.168966 2.74492402
42.267722 2.74683543
42.366478 2.74972266
42.465235 2.75311483
42.563991 2.75626333
42.662747 2.75803007
42.761504 2.75671496
42.860260 2.74978536
42.959017 2.73347505
43.057773 2.70233523
43.156529 2.64831007
43.255286 2.56048349
43.354042 2.42773009
43.452798 2.24863065
43.551555 2.05317898
43.650311 1.91207768
43.749067 1.89371719
43.847824 1.99840931
43.946580 2.15783383
44.045337 2.29891539
44.144093 2.38540876
44.242849 2.41111497
44.341606 2.38035110
44.440362 2.29747077
44.539118 2.16565190
44.637875 1.99123253
44.736631 1.79586352
44.835387 1.62949554
44.934144 1.55015788
45.032900 1.56614873
45.131656 1.61383324
45.230413 1.60649687
45.329169 1.48766061
45.427926 1.25467579
45.526682 0.98037063
45.625438 0.80626739
45.724195 0.85260114
45.822951 1.11250960
45.921707 1.46463095
46.020464 1.78355042
46.119220 2.00898016
46.217976 2.13442434
46.316733 2.17244066
46.415489 2.13430379
46.514246 2.02521989
46.613002 1.84487056
46.711758 1.59064865
46.810515 1.26946706
46.909271 0.92444450
47.008027 0.65413538
47.106784 0.56257389
47.205540 0.65656887
47.304296 0.83920125
47.403053 1.03323382
47.501809 1.24854914
47.600565 1.49624944
47.699322 1.74683208
47.798078 1.97864019
47.896835 2.17533033
47.995591 2.32779840
48.094347 2.44123230
48.193104 2.52517424
48.291860 2.58761799
48.390616 2.63433503
48.489373 2.66924434
48.588129 2.69496480
48.686885 2.71298020
48.785642 2.72375406
48.884398 2.72845399
48.983155 2.73009082
49.081911 2.73079555
49.180667 2.73131682
49.279424 2.73177838
49.378180 2.73221342
49.476936 2.73263472
49.575693 2.73304828
49.674449 2.73345724
49.773205 2.73386337
49.871962 2.73426772
49.970718 2.73467091
50.069474 2.73507333
50.168231 2.73547525
50.266987 2.73587683
50.365744 2.73627818
50.464500 2.73667936
50.563256 2.73708044
50.662013 2.73748144
50.760769 2.73788229
50.859525 2.73828211
50.958282 2.73868082
51.057038 2.73907842
51.155794 2.73947493
51.254551 2.73987035
51.353307 2.74026467
51.452064 2.74065790
51.550820 2.74105005
51.649576 2.74144111
51.748333 2.74183109
51.847089 2.74221998
51.945845 2.74260779
52.044602 2.74299451
52.143358 2.74338015
52.242114 2.74376470
52.340871 2.74414817
52.439627 2.74453056
52.538383 2.74491187
52.637140 2.74529209
52.735896 2.74567123
52.834653 2.74604928
52.933409 2.74642625
53.032165 2.74680214
53.130922 2.74717695
53.229678 2.74755067
53.328434 2.74792331
53.427191 2.74829487
53.525947 2.74866534
53.624703 2.74903473
53.723460 2.74940304
53.822216 2.74977027
53.920973 2.75013641
54.019729 2.75050147
54.118485 2.75086545
54.217242 2.75122834
54.315998 2.75159015
54.414754 2.75195088
54.513511 2.75231053
54.612267 2.75266909
54.711023 2.75302657
54.809780 2.75338297
54.908536 2.75373828
55.007292 2.75409252
55.106049 2.75444567
55.204805 2.75479773
55.303562 2.75514872
55.402318 2.75549862
55.501074 2.75584744
55.599831 2.75619518
55.698587 2.75654184
55.797343 2.75688741
55.896100 2.75723190
55.994856 2.75757531
56.093612 2.75791763
56.192369 2.75825888
56.291125 2.75859904
56.389882 2.75893811
56.488638 2.75927611
56.587394 2.75961302
56.686151 2.75994886
56.784907 2.76028360
56.883663 2.76061727
56.982420 2.76094985
57.081176 2.76128136
57.179932 2.76161178
57.278689 2.76194111
57.377445 2.76226937
57.476201 2.76259654
57.574958 2.76292263
57.673714 2.76324764
57.772471 2.76357157
57.871227 2.76389441
57.969983 2.76421618
58.068740 2.76453686
58.167496 2.76485645
58.266252 2.76517497
58.365009 2.76549240
58.463765 2.76580875
58.562521 2.76612402
58.661278 2.76643821
58.760034 2.76675132
58.858791 2.76706334
58.957547 2.76737428
59.056303 2.76768414
59.155060 2.76799292
59.253816 2.76830061
59.352572 2.76860722
59.451329 2.76891275
59.550085 2.76921720
59.648841 2.76952057
59.747598 2.76982285
59.846354 2.77012406
59.945110 2.77042418
60.043867 2.77072322
60.142623 2.77102117
60.241380 2.77131805
60.340136 2.77161384
60.438892 2.77190855
60.537649 2.77220218
60.636405 2.77249473
60.735161 2.77278619
60.833918 2.77307657
60.932674 2.77336587
61.031430 2.77365409
61.130187 2.77394123
61.228943 2.77422729
61.327700 2.77451226
61.426456 2.77479615
61.525212 2.77507896
61.623969 2.77536069
61.722725 2.77564133
61.821481 2.77592090
61.920238 2.77619938
62.018994 2.77647678
62.117750 2.77675309
62.216507 2.77702833
62.315263 2.77730248
62.414019 2.77757556
62.512776 2.77784755
62.611532 2.77811845
62.710289 2.77838828
62.809045 2.77865703
62.907801 2.77892469
63.006558 2.77919127
63.105314 2.77945677
63.204070 2.77972118
63.302827 2.77998452
63.401583 2.78024677
63.500339 2.78050794
63.599096 2.78076803
63.697852 2.78102704
63.796609 2.78128496
63.895365 2.78154180
63.994121 2.78179756
64.092878 2.78205224
64.191634 2.78230584
64.290390 2.78255835
64.389147 2.78280979
64.487903 2.78306014
64.586659 2.78330941
64.685416 2.78355759
64.784172 2.78380470
64.882928 2.78405072
64.981685 2.78429566
65.080441 2.78453952
65.179198 2.78478230
65.277954 2.78502400
65.376710 2.78526461
65.475467 2.78550414
65.574223 2.78574259
65.672979 2.78597995
65.771736 2.78621624
65.870492 2.78645144
65.969248 2.78668556
66.068005 2.78691860
66.166761 2.78715056
66.265518 2.78738143
66.364274 2.78761123
66.463030 2.78783994
66.561787 2.78806756
66.660543 2.78829411
66.759299 2.78851957
66.858056 2.78874395
66.956812 2.78896725
67.055568 2.78918947
67.154325 2.78941061
67.253081 2.78963066
67.351837 2.78984963
67.450594 2.79006752
67.549350 2.79028433
67.648107 2.79050005
67.746863 2.79071469
67.845619 2.79092825
67.944376 2.79114073
68.043132 2.79135213
68.141888 2.79156244
68.240645 2.79177167
68.339401 2.79197982
68.438157 2.79218688
68.536914 2.79239287
68.635670 2.79259777
68.734427 2.79280159
68.833183 2.79300433
68.931939 2.79320598
69.030696 2.79340655
69.129452 2.79360604
69.228208 2.79380445
69.326965 2.79400178
69.425721 2.79419802
69.524477 2.79439318
69.623234 2.79458726
69.721990 2.79478025
69.820746 2.79497217
69.919503 2.79516300
70.018259 2.79535275
70.117016 2.79554141
70.215772 2.79572899
70.314528 2.79591550
70.413285 2.79610091
70.512041 2.79628525
70.610797 2.79646850
70.709554 2.79665067
70.808310 2.79683176
70.907066 2.79701177
71.005823 2.79719069
71.104579 2.79736853
71.203336 2.79754529
71.302092 2.79772096
71.400848 2.79789555
71.499605 2.79806906
71.598361 2.79824149
71.697117 2.79841293
71.795874 2.79858427
71.894630 2.79875562
71.993386 2.79892696
72.092143 2.79909831
72.190899 2.79926965
72.289655 2.79944100
72.388412 2.79961235
72.487168 2.79978380
72.585925 2.79995505
