0.098756 1.55181005
0.197513 1.55181224
0.296269 1.55180991
0.395025 1.55180968
0.493782 1.55180971
0.592538 1.55180975
0.691295 1.55180978
0.790051 1.55180981
0.888807 1.55180985
0.987564 1.55180988
1.086320 1.55180991
1.185076 1.55180994
1.283833 1.55180997
1.382589 1.55181000
1.481345 1.55181003
1.580102 1.55181006
1.678858 1.55181008
1.777614 1.55181011
1.876371 1.55181013
1.975127 1.55181016
2.073884 1.55181018
2.172640 1.55181020
2.271396 1.55181022
2.370153 1.55181023
2.468909 1.55181025
2.567665 1.55181027
2.666422 1.55181028
2.765178 1.55181029
2.863934 1.55181030
2.962691 1.55181031
3.061447 1.55181031
3.160204 1.55181032
3.258960 1.55181032
3.357716 1.55181032
3.456473 1.55181032
3.555229 1.55181031
3.653985 1.55181031
3.752742 1.55181030
3.851498 1.55181029
3.950254 1.55181028
4.049011 1.55181026
4.147767 1.55181024
4.246523 1.55181022
4.345280 1.55181020
4.444036 1.55181018
4.542793 1.55181015
4.641549 1.55181012
4.740305 1.55181009
4.839062 1.55181006
4.937818 1.55181002
5.036574 1.55180998
5.135331 1.55180993
5.234087 1.55180989
5.332843 1.55180984
5.431600 1.55180979
5.530356 1.55180974
5.629113 1.55180968
5.727869 1.55180962
5.826625 1.55180956
5.925382 1.55180949
6.024138 1.55180943
6.122894 1.55180936
6.221651 1.55180928
6.320407 1.55180921
6.419163 1.55180913
6.517920 1.55180905
6.616676 1.55180896
6.715432 1.55180887
6.814189 1.55180878
6.912945 1.55180869
7.011702 1.55180860
7.110458 1.55180850
7.209214 1.55180840
7.307971 1.55180829
7.406727 1.55180818
7.505483 1.55180807
7.604240 1.55180796
7.702996 1.55180785
7.801752 1.55180773
7.900509 1.55180761
7.999265 1.55180749
8.098022 1.55180736
8.196778 1.55180724
8.295534 1.55180710
8.394291 1.55180697
8.493047 1.55180684
8.591803 1.55180670
8.690560 1.55180656
8.789316 1.55180642
8.888072 1.55180628
8.986829 1.55180614
9.085585 1.55180599
9.184341 1.55180585
9.283098 1.55180570
9.381854 1.55180555
9.480611 1.55180539
9.579367 1.55180524
9.678123 1.55180509
9.776880 1.55180493
9.875636 1.55180478
9.974392 1.55180462
10.073149 1.55180446
10.171905 1.55180431
10.270661 1.55180415
10.369418 1.55180399
10.468174 1.55180383
10.566931 1.55180368
10.665687 1.55180352
10.764443 1.55180336
10.863200 1.55180320
10.961956 1.55180305
11.060712 1.55180290
11.159469 1.55180275
11.258225 1.55180259
11.356981 1.55180244
11.455738 1.55180229
11.554494 1.55180215
11.653250 1.55180201
11.752007 1.55180187
11.850763 1.55180173
11.949520 1.55180159
12.048276 1.55180146
12.147032 1.55180134
12.245789 1.55180121
12.344545 1.55180109
12.443301 1.55180097
12.542058 1.55180087
12.640814 1.55180076
12.739570 1.55180066
12.838327 1.55180056
12.937083 1.55180048
13.035840 1.55180039
13.134596 1.55180032
13.233352 1.55180025
13.332109 1.55180019
13.430865 1.55180013
13.529621 1.55180009
13.628378 1.55180005
13.727134 1.55180002
13.825890 1.55180000
13.924647 1.55179999
14.023403 1.55179998
14.122159 1.55180000
14.220916 1.55180001
14.319672 1.55180005
14.418429 1.55180008
14.517185 1.55180014
14.615941 1.55180020
14.714698 1.55180028
14.813454 1.55180037
14.912210 1.55180048
15.010967 1.55180059
15.109723 1.55180073
15.208479 1.55180087
15.307236 1.55180104
15.405992 1.55180121
15.504749 1.55180141
15.603505 1.55180161
15.702261 1.55180185
15.801018 1.55180208
15.899774 1.55180235
15.998530 1.55180262
16.097287 1.55180293
16.196043 1.55180324
16.294799 1.55180358
16.393556 1.55180393
16.492312 1.55180431
16.591068 1.55180469
16.689825 1.55180511
16.788581 1.55180554
16.887338 1.55180600
16.986094 1.55180646
17.084850 1.55180696
17.183607 1.55180746
17.282363 1.55180800
17.381119 1.55180854
17.479876 1.55180911
17.578632 1.55180968
17.677388 1.55181028
17.776145 1.55181087
17.874901 1.55181149
17.973658 1.55181210
18.072414 1.55181272
18.171170 1.55181333
18.269927 1.55181394
18.368683 1.55181452
18.467439 1.55181509
18.566196 1.55181561
18.664952 1.55181609
18.763708 1.55181650
18.862465 1.55181683
18.961221 1.55181704
19.059977 1.55181714
19.158734 1.55181705
19.257490 1.55181677
19.356247 1.55181622
19.455003 1.55181537
19.553759 1.55181413
19.652516 1.55181244
19.751272 1.55181016
19.850028 1.55180722
19.948785 1.55180342
20.047541 1.55179863
20.146297 1.55179260
20.245054 1.55178510
20.343810 1.55177579
20.442567 1.55176431
20.541323 1.55175017
20.640079 1.55173284
20.738836 1.55171160
20.837592 1.55168566
20.936348 1.55165395
21.035105 1.55161526
21.133861 1.55156802
21.232617 1.55151038
21.331374 1.55144000
21.430130 1.55135402
21.528886 1.55124888
21.627643 1.55112018
21.726399 1.55096239
21.825156 1.55076867
21.923912 1.55053034
22.022668 1.55023656
22.121425 1.54987352
22.220181 1.54942378
22.318937 1.54886498
22.417694 1.54816857
22.516450 1.54729769
22.615206 1.54620475
22.713963 1.54482780
22.812719 1.54308604
22.911476 1.54087330
23.010232 1.53804979
23.108988 1.53443006
23.207745 1.52976772
23.306501 1.52373289
23.405257 1.51588343
23.504014 1.50562236
23.602770 1.49214291
23.701526 1.47434728
23.800283 1.45074079
23.899039 1.41927589
23.997795 1.37714687
24.096552 1.32049264
24.195308 1.24399957
24.294065 1.14035614
24.392821 0.99949013
24.491577 0.80767153
24.590334 0.54604471
24.689090 0.19026170
24.787846 -0.27997365
24.886603 -0.82082599
24.985359 -1.21466206
25.084115 -1.23101864
25.182872 -1.01581163
25.281628 -0.91872584
25.380385 -1.13051937
25.479141 -1.71367415
25.577897 -2.70112096
25.676654 -4.12216406
25.775410 -5.98286573
25.874166 -8.18190194
25.972923 -10.34279717
26.071679 -11.78031708
26.170435 -11.97834536
26.269192 -11.19660571
26.367948 -10.28615032
26.466704 -9.96997992
26.565461 -10.45671614
26.664217 -11.39088330
26.762974 -11.96721763
26.861730 -11.45627200
26.960486 -9.86334336
27.059243 -7.83539278
27.157999 -5.98087414
27.256755 -4.54748953
27.355512 -3.55485938
27.454268 -2.96671545
27.553024 -2.76507394
27.651781 -2.96617354
27.750537 -3.61221865
27.849294 -4.75336086
27.948050 -6.39784837
28.046806 -8.38065818
28.145563 -10.19322243
28.244319 -11.10834870
28.343075 -10.81450148
28.441832 -9.82474318
28.540588 -9.00152386
28.639344 -8.90507332
28.738101 -9.60185543
28.836857 -10.65637335
28.935613 -11.23768883
29.034370 -10.66772873
29.133126 -9.04133735
29.231883 -7.04807470
29.330639 -5.28752327
29.429395 -3.99355705
29.528152 -3.17902165
29.626908 -2.79527620
29.725664 -2.80201874
29.824421 -3.19214968
29.923177 -3.99445070
30.021933 -5.25690096
30.120690 -6.98132828
30.219446 -8.96623970
30.318203 -10.65020576
30.416959 -11.32903199
30.515715 -10.82796419
30.614472 -9.77366017
30.713228 -9.01380173
30.811984 -9.02831682
30.910741 -9.80256506
31.009497 -10.82291490
31.108253 -11.23305800
31.207010 -10.44978705
31.305766 -8.69942060
31.404522 -6.70028077
31.503279 -4.99781257
31.602035 -3.77822568
31.700792 -3.03695311
31.799548 -2.72266180
31.898304 -2.79539308
31.997061 -3.24838048
32.095817 -4.11050467
32.194573 -5.42782598
32.293330 -7.19041366
32.392086 -9.16387380
32.490842 -10.75110614
32.589599 -11.27331125
32.688355 -10.65048233
32.787112 -9.57321305
32.885868 -8.86830487
32.984624 -8.95750843
33.083381 -9.76258668
33.182137 -10.70512711
33.280893 -10.91943073
33.379650 -9.91721829
33.478406 -8.03187710
33.577162 -5.99332537
33.675919 -4.30054386
33.774675 -3.10878941
33.873431 -2.40977676
33.972188 -2.15943402
34.070944 -2.32419233
34.169701 -2.89822141
34.268457 -3.90505920
34.367213 -5.37713279
34.465970 -7.27050769
34.564726 -9.28217073
34.663482 -10.75755664
34.762239 -11.08121904
34.860995 -10.33901202
34.959751 -9.30975495
35.058508 -8.77021643
35.157264 -9.04294668
35.256021 -9.94277465
35.354777 -10.79314313
35.453533 -10.74585114
35.552290 -9.49080690
35.651046 -7.51432289
35.749802 -5.53391593
35.848559 -3.96460772
35.947315 -2.91101755
36.046071 -2.35096106
36.144828 -2.23717668
36.243584 -2.52932145
36.342340 -3.20912289
36.441097 -4.28713076
36.539853 -5.78719737
36.638610 -7.65809726
36.737366 -9.58371279
36.836122 -10.91002932
36.934879 -11.07646213
37.033635 -10.25350266
37.132391 -9.25332917
37.231148 -8.80896495
37.329904 -9.12592996
37.428660 -9.82047822
37.527417 -10.06783245
37.626173 -9.18997278
37.724929 -7.28402246
37.823686 -5.02576770
37.922442 -2.99758644
38.021199 -1.42842160
38.119955 -0.33335060
38.218711 0.33169951
38.317468 0.61214682
38.416224 0.55474758
38.514980 0.26291513
38.613737 0.01159669
38.712493 0.12580992
38.811249 0.56677084
38.910006 1.05502838
39.008762 1.45176086
39.107519 1.75025312
39.206275 1.97264047
39.305031 2.13795864
39.403788 2.26035587
39.502544 2.34981143
39.601300 2.41332668
39.700057 2.45561951
39.798813 2.47969784
39.897569 2.48793364
39.996326 2.48744730
40.095082 2.48448389
40.193838 2.47783469
40.292595 2.46735867
40.391351 2.45308386
40.490108 2.43502343
40.588864 2.41318047
40.687620 2.38755451
40.786377 2.35813775
40.885133 2.32492179
40.983889 2.28788294
41.082646 2.24695834
41.181402 2.20209076
41.280158 2.15332795
41.378915 2.10111012
41.477671 2.04690349
41.576428 1.99394028
41.675184 1.94764839
41.773940 1.91505621
41.872697 1.90278407
41.971453 1.91436795
42.070209 1.94857914
42.168966 1.99993860
42.267722 2.06102463
42.366478 2.12496086
42.465235 2.18672295
42.563991 2.24309343
42.662747 2.29189840
42.761504 2.33114588
42.860260 2.35834005
42.959017 2.36995907
43.057773 2.36100755
43.156529 2.32408205
43.255286 2.24907586
43.354042 2.12578404
43.452798 1.95393022
43.551555 1.76472564
43.650311 1.62953240
43.749067 1.61630107
43.847824 1.72438744
43.946580 1.88530936
44.045337 2.02681814
44.144093 2.11361761
44.242849 2.14011551
44.341606 2.11098399
44.440362 2.03077345
44.539118 1.90253950
44.637875 1.73160933
44.736631 1.53690892
44.835387 1.36494735
44.934144 1.27407087
45.032900 1.27810813
45.131656 1.31745131
45.230413 1.30358337
45.329169 1.17702299
45.427926 0.93683305
45.526682 0.66452874
45.625438 0.51142503
45.724195 0.59384016
45.822951 0.88519328
45.921707 1.24966046
46.020464 1.56513973
46.119220 1.78163922
46.217976 1.89878938
46.316733 1.93064994
46.415489 1.88816964
46.514246 1.77585963
46.613002 1.59276908
46.711758 1.33574331
46.810515 1.01143421
46.909271 0.66381192
47.008027 0.39389960
47.106784 0.30676406
47.205540 0.40694224
47.304296 0.59989016
47.403053 0.81361487
47.501809 1.04251711
47.600565 1.28662984
47.699322 1.53307587
47.798078 1.76511390
47.896835 1.96157017
47.995591 2.11345243
48.094347 2.22697091
48.193104 2.31174925
48.291860 2.37554212
48.390616 2.42390421
48.489373 2.46057243
48.588129 2.48800721
48.686885 2.50756446
48.785642 2.51973309
48.884398 2.52533139
48.983155 2.52767317
49.081911 2.52917419
49.180667 2.53048663
49.279424 2.53173408
49.378180 2.53295155
49.476936 2.53415303
49.575693 2.53534530
49.674449 2.53653201
49.773205 2.53771525
49.871962 2.53889624
49.970718 2.54007578
50.069474 2.54125434
50.168231 2.54243225
50.266987 2.54360970
50.365744 2.54478685
50.464500 2.54596379
50.563256 2.54714057
50.662013 2.54831725
50.760769 2.54949344
50.859525 2.55066526
50.958282 2.55183232
51.057038 2.55299462
51.155794 2.55415217
51.254551 2.55530499
51.353307 2.55645307
51.452064 2.55759641
51.550820 2.55873503
51.649576 2.55986891
51.748333 2.56099807
51.847089 2.56212250
51.945845 2.56324221
52.044602 2.56435719
52.143358 2.56546744
52.242114 2.56657297
52.340871 2.56767378
52.439627 2.56876986
52.538383 2.56986121
52.637140 2.57094784
52.735896 2.57202975
52.834653 2.57310694
52.933409 2.57417940
53.032165 2.57524713
53.130922 2.57631014
53.229678 2.57736843
53.328434 2.57842199
53.427191 2.57947083
53.525947 2.58051495
53.624703 2.58155434
53.723460 2.58258901
53.822216 2.58361895
53.920973 2.58464417
54.019729 2.58566467
54.118485 2.58668044
54.217242 2.58769149
54.315998 2.58869781
54.414754 2.58969941
54.513511 2.59069629
54.612267 2.59168844
54.711023 2.59267587
54.809780 2.59365858
54.908536 2.59463656
55.007292 2.59560981
55.106049 2.59657835
55.204805 2.59754215
55.303562 2.59850124
55.402318 2.59945560
55.501074 2.60040524
55.599831 2.60135015
55.698587 2.60229034
55.797343 2.60322580
55.896100 2.60415654
55.994856 2.60508256
56.093612 2.60600385
56.192369 2.60692041
56.291125 2.60783226
56.389882 2.60873938
56.488638 2.60964177
56.587394 2.61053944
56.686151 2.61143239
56.784907 2.61232061
56.883663 2.61320411
56.982420 2.61408288
57.081176 2.61495693
57.179932 2.61582626
57.278689 2.61669086
57.377445 2.61755074
57.476201 2.61840589
57.574958 2.61925632
57.673714 2.62010202
57.772471 2.62094300
57.871227 2.62177925
57.969983 2.62261079
58.068740 2.62343759
58.167496 2.62425967
58.266252 2.62507703
58.365009 2.62588966
58.463765 2.62669757
58.562521 2.62750076
58.661278 2.62829922
58.760034 2.62909295
58.858791 2.62988196
58.957547 2.63066625
59.056303 2.63144581
59.155060 2.63222065
59.253816 2.63299076
59.352572 2.63375615
59.451329 2.63451681
59.550085 2.63527275
59.648841 2.63602396
59.747598 2.63677045
59.846354 2.63751222
59.945110 2.63824926
60.043867 2.63898158
60.142623 2.63970917
60.241380 2.64043203
60.340136 2.64115018
60.438892 2.64186359
60.537649 2.64257229
60.636405 2.64327626
60.735161 2.64397550
60.833918 2.64467002
60.932674 2.64535981
61.031430 2.64604488
61.130187 2.64672523
61.228943 2.64740085
61.327700 2.64807174
61.426456 2.64873791
61.525212 2.64939936
61.623969 2.65005608
61.722725 2.65070807
61.821481 2.65135535
61.920238 2.65199789
62.018994 2.65263571
62.117750 2.65326881
62.216507 2.65389718
62.315263 2.65452083
62.414019 2.65513975
62.512776 2.65575395
62.611532 2.65636342
62.710289 2.65696817
62.809045 2.65756820
62.907801 2.65816349
63.006558 2.65875407
63.105314 2.65933992
63.204070 2.65992104
63.302827 2.66049744
63.401583 2.66106911
63.500339 2.66163606
63.599096 2.66219829
63.697852 2.66275579
63.796609 2.66330856
63.895365 2.66385661
63.994121 2.66439994
64.092878 2.66493854
64.191634 2.66547241
64.290390 2.66600156
64.389147 2.66652599
64.487903 2.66704569
64.586659 2.66756066
64.685416 2.66807091
64.784172 2.66857644
64.882928 2.66907724
64.981685 2.66957331
65.080441 2.67006466
65.179198 2.67055129
65.277954 2.67103319
65.376710 2.67151037
65.475467 2.67198282
65.574223 2.67245054
65.672979 2.67291354
65.771736 2.67337182
65.870492 2.67382537
65.969248 2.67427420
66.068005 2.67471830
66.166761 2.67515767
66.265518 2.67559232
66.364274 2.67602225
66.463030 2.67644745
66.561787 2.67686792
66.660543 2.67728368
66.759299 2.67769470
66.858056 2.67810100
66.956812 2.67850258
67.055568 2.67889943
67.154325 2.67929155
67.253081 2.67967896
67.351837 2.68006163
67.450594 2.68043958
67.549350 2.68081281
67.648107 2.68118131
67.746863 2.68154508
67.845619 2.68190414
67.944376 2.68225846
68.043132 2.68260806
68.141888 2.68295294
68.240645 2.68329309
68.339401 2.68362851
68.438157 2.68395921
68.536914 2.68428519
68.635670 2.68460644
68.734427 2.68492297
68.833183 2.68523477
68.931939 2.68554184
69.030696 2.68584419
69.129452 2.68614182
69.228208 2.68643472
69.326965 2.68672289
69.425721 2.68700634
69.524477 2.68728507
69.623234 2.68755907
69.721990 2.68782834
69.820746 2.68809289
69.919503 2.68835272
70.018259 2.68860782
70.117016 2.68885819
70.215772 2.68910384
70.314528 2.68934477
70.413285 2.68958097
70.512041 2.68981244
70.610797 2.69003919
70.709554 2.69026122
70.808310 2.69047852
70.907066 2.69069109
71.005823 2.69089894
71.104579 2.69110207
71.203336 2.69130047
71.302092 2.69149414
71.400848 2.69168309
71.499605 2.69186731
71.598361 2.69204681
71.697117 2.69222199
71.795874 2.69239676
71.894630 2.69257153
71.993386 2.69274631
72.092143 2.69292108
72.190899 2.69309586
72.289655 2.69327063
72.388412 2.69344542
72.487168 2.69362030
72.585925 2.69379498
