0.098756 1.52548937
0.197513 1.52548857
0.296269 1.52548943
0.395025 1.52548951
0.493782 1.52548950
0.592538 1.52548949
0.691295 1.52548948
0.790051 1.52548947
0.888807 1.52548945
0.987564 1.52548944
1.086320 1.52548943
1.185076 1.52548942
1.283833 1.52548940
1.382589 1.52548939
1.481345 1.52548938
1.580102 1.52548936
1.678858 1.52548935
1.777614 1.52548933
1.876371 1.52548932
1.975127 1.52548930
2.073884 1.52548928
2.172640 1.52548927
2.271396 1.52548925
2.370153 1.52548923
2.468909 1.52548921
2.567665 1.52548919
2.666422 1.52548917
2.765178 1.52548915
2.863934 1.52548913
2.962691 1.52548911
3.061447 1.52548909
3.160204 1.52548906
3.258960 1.52548904
3.357716 1.52548902
3.456473 1.52548899
3.555229 1.52548897
3.653985 1.52548894
3.752742 1.52548891
3.851498 1.52548889
3.950254 1.52548886
4.049011 1.52548883
4.147767 1.52548880
4.246523 1.52548877
4.345280 1.52548874
4.444036 1.52548871
4.542793 1.52548867
4.641549 1.52548864
4.740305 1.52548861
4.839062 1.52548857
4.937818 1.52548854
5.036574 1.52548850
5.135331 1.52548846
5.234087 1.52548843
5.332843 1.52548839
5.431600 1.52548835
5.530356 1.52548831
5.629113 1.52548828
5.727869 1.52548823
5.826625 1.52548820
5.925382 1.52548815
6.024138 1.52548811
6.122894 1.52548807
6.221651 1.52548803
6.320407 1.52548799
6.419163 1.52548795
6.517920 1.52548790
6.616676 1.52548786
6.715432 1.52548782
6.814189 1.52548778
6.912945 1.52548773
7.011702 1.52548769
7.110458 1.52548765
7.209214 1.52548761
7.307971 1.52548756
7.406727 1.52548752
7.505483 1.52548748
7.604240 1.52548744
7.702996 1.52548740
7.801752 1.52548736
7.900509 1.52548732
7.999265 1.52548728
8.098022 1.52548724
8.196778 1.52548720
8.295534 1.52548716
8.394291 1.52548713
8.493047 1.52548709
8.591803 1.52548706
8.690560 1.52548702
8.789316 1.52548699
8.888072 1.52548696
8.986829 1.52548693
9.085585 1.52548690
9.184341 1.52548688
9.283098 1.52548685
9.381854 1.52548683
9.480611 1.52548681
9.579367 1.52548679
9.678123 1.52548677
9.776880 1.52548676
9.875636 1.52548674
9.974392 1.52548674
10.073149 1.52548673
10.171905 1.52548672
10.270661 1.52548672
10.369418 1.52548672
10.468174 1.52548673
10.566931 1.52548673
10.665687 1.52548674
10.764443 1.52548676
10.863200 1.52548677
10.961956 1.52548680
11.060712 1.52548682
11.159469 1.52548685
11.258225 1.52548688
11.356981 1.52548692
11.455738 1.52548696
11.554494 1.52548700
11.653250 1.52548705
11.752007 1.52548711
11.850763 1.52548717
11.949520 1.52548723
12.048276 1.52548730
12.147032 1.52548738
12.245789 1.52548746
12.344545 1.52548755
12.443301 1.52548764
12.542058 1.52548774
12.640814 1.52548784
12.739570 1.52548795
12.838327 1.52548807
12.937083 1.52548820
13.035840 1.52548833
13.134596 1.52548847
13.233352 1.52548861
13.332109 1.52548876
13.430865 1.52548892
13.529621 1.52548909
13.628378 1.52548927
13.727134 1.52548945
13.825890 1.52548964
13.924647 1.52548985
14.023403 1.52549005
14.122159 1.52549027
14.220916 1.52549050
14.319672 1.52549074
14.418429 1.52549098
14.517185 1.52549124
14.615941 1.52549150
14.714698 1.52549178
14.813454 1.52549206
14.912210 1.52549236
15.010967 1.52549266
15.109723 1.52549298
15.208479 1.52549330
15.307236 1.52549364
15.405992 1.52549399
15.504749 1.52549435
15.603505 1.52549472
15.702261 1.52549510
15.801018 1.52549549
15.899774 1.52549590
15.998530 1.52549631
16.097287 1.52549674
16.196043 1.52549718
16.294799 1.52549764
16.393556 1.52549810
16.492312 1.52549857
16.591068 1.52549906
16.689825 1.52549956
16.788581 1.52550007
16.887338 1.52550058
16.986094 1.52550111
17.084850 1.52550165
17.183607 1.52550219
17.282363 1.52550275
17.381119 1.52550330
17.479876 1.52550387
17.578632 1.52550443
17.677388 1.52550500
17.776145 1.52550556
17.874901 1.52550611
17.973658 1.52550666
18.072414 1.52550719
18.171170 1.52550770
18.269927 1.52550818
18.368683 1.52550863
18.467439 1.52550903
18.566196 1.52550937
18.664952 1.52550963
18.763708 1.52550981
18.862465 1.52550988
18.961221 1.52550981
19.059977 1.52550957
19.158734 1.52550913
19.257490 1.52550845
19.356247 1.52550747
19.455003 1.52550613
19.553759 1.52550436
19.652516 1.52550207
19.751272 1.52549915
19.850028 1.52549547
19.948785 1.52549088
20.047541 1.52548518
20.146297 1.52547816
20.245054 1.52546953
20.343810 1.52545897
20.442567 1.52544608
20.541323 1.52543037
20.640079 1.52541125
20.738836 1.52538802
20.837592 1.52535978
20.936348 1.52532549
21.035105 1.52528384
21.133861 1.52523325
21.232617 1.52517176
21.331374 1.52509697
21.430130 1.52500592
21.528886 1.52489493
21.627643 1.52475947
21.726399 1.52459386
21.825156 1.52439103
21.923912 1.52414209
22.022668 1.52383588
22.121425 1.52345826
22.220181 1.52299130
22.318937 1.52241212
22.417694 1.52169140
22.516450 1.52079143
22.615206 1.51966342
22.713963 1.51824394
22.812719 1.51645022
22.911476 1.51417352
23.010232 1.51127063
23.108988 1.50755156
23.207745 1.50276379
23.306501 1.49656920
23.405257 1.48851442
23.504014 1.47798718
23.602770 1.46415976
23.701526 1.44590553
23.800283 1.42169003
23.899039 1.38941074
23.997795 1.34618586
24.096552 1.28804904
24.195308 1.20954105
24.294065 1.10315135
24.392821 0.95853350
24.491577 0.76159207
24.590334 0.49298831
24.689090 0.12800794
24.787846 -0.35170669
24.886603 -0.89150942
24.985359 -1.25979640
25.084115 -1.24282651
25.182872 -1.02293286
25.281628 -0.94494916
25.380385 -1.18423558
25.479141 -1.79827347
25.577897 -2.81944235
25.676654 -4.27640241
25.775410 -6.17082759
25.874166 -8.38534390
25.972923 -10.51391382
26.071679 -11.85969309
26.170435 -11.95319197
26.269192 -11.12314075
26.367948 -10.23714390
26.466704 -9.98340701
26.565461 -10.52553004
26.664217 -11.46546438
26.762974 -11.97775833
26.861730 -11.37048821
26.960486 -9.71504601
27.059243 -7.68130757
27.157999 -5.85490628
27.256755 -4.45886515
27.355512 -3.50305779
27.454268 -2.95010618
27.553024 -2.78330152
27.651781 -3.02049249
27.750537 -3.70516679
27.849294 -4.88703670
27.948050 -6.56715403
28.046806 -8.55769134
28.145563 -10.31933468
28.244319 -11.13089170
28.343075 -10.74495762
28.441832 -9.73164481
28.540588 -8.94806043
28.639344 -8.91542173
28.738101 -9.66163410
28.836857 -10.71534647
28.935613 -11.23211069
29.034370 -10.57373156
29.133126 -8.89470559
29.231883 -6.90050869
29.330639 -5.16801615
29.429395 -3.90975926
29.528152 -3.13080320
29.626908 -2.78189859
29.725664 -2.82406985
29.824421 -3.25183813
29.923177 -4.09515077
30.021933 -5.40074346
30.120690 -7.16063983
30.219446 -9.14650368
30.318203 -10.76727008
30.416959 -11.33588617
30.515715 -10.74919569
30.614472 -9.68315721
30.713228 -8.97042430
30.811984 -9.05037730
30.910741 -9.87186069
31.009497 -10.88972526
31.108253 -11.24219195
31.207010 -10.38865859
31.305766 -8.60536406
31.404522 -6.61632483
31.503279 -4.94289987
31.602035 -3.75173766
31.700792 -3.03097372
31.799548 -2.72961332
31.898304 -2.81240757
31.997061 -3.27935151
32.095817 -4.16492518
32.194573 -5.51543656
32.293330 -7.30921542
32.392086 -9.28215844
32.490842 -10.80881452
32.589599 -11.23219460
32.688355 -10.54170026
32.787112 -9.46790361
32.885868 -8.81783257
32.984624 -8.97374807
33.083381 -9.82142960
33.182137 -10.75195228
33.280893 -10.90052057
33.379650 -9.82774521
33.478406 -7.91445696
33.577162 -5.89105411
33.675919 -4.23262647
33.774675 -3.07830257
33.873431 -2.41503177
33.972188 -2.19928240
34.070944 -2.40009337
34.169701 -3.01501136
34.268457 -4.06994773
34.367213 -5.59443160
34.465970 -7.52680513
34.564726 -9.52553909
34.663482 -10.90987366
34.762239 -11.10940749
34.860995 -10.29934692
34.959751 -9.29312895
35.058508 -8.83315707
35.157264 -9.19352418
35.256021 -10.14711512
35.354777 -10.98740648
35.453533 -10.88141494
35.552290 -9.58166345
35.651046 -7.61709657
35.749802 -5.69291680
35.848559 -4.19295136
35.947315 -3.20091417
36.046071 -2.68376360
36.144828 -2.59014726
36.243584 -2.88414115
36.342340 -3.56119472
36.441097 -4.64942333
36.539853 -6.18158853
36.638610 -8.08949379
36.737366 -10.00898608
36.836122 -11.25420985
36.934879 -11.31776094
37.033635 -10.46704862
37.132391 -9.54307259
37.231148 -9.23365057
37.329904 -9.68640812
37.428660 -10.47062771
37.527417 -10.74355282
37.626173 -9.86302215
37.724929 -7.97998241
37.823686 -5.77946608
37.922442 -3.81629750
38.021199 -2.29802004
38.119955 -1.23616503
38.218711 -0.59128871
38.317468 -0.32310060
38.416224 -0.38763644
38.514980 -0.67781645
38.613737 -0.90969598
38.712493 -0.76764879
38.811249 -0.31374386
38.910006 0.17261384
39.008762 0.56314175
39.107519 0.85540253
39.206275 1.07233532
39.305031 1.23314640
39.403788 1.35132938
39.502544 1.43603300
39.601300 1.49415125
39.700057 1.53069301
39.798813 1.54983968
39.897569 1.55518312
39.996326 1.55404218
40.095082 1.55236753
40.193838 1.55059000
40.292595 1.54878111
40.391351 1.54695877
40.490108 1.54512862
40.588864 1.54329296
40.687620 1.54145300
40.786377 1.53960961
40.885133 1.53776345
40.983889 1.53591505
41.082646 1.53406485
41.181402 1.53221316
41.280158 1.53036025
41.378915 1.52850632
41.477671 1.52665157
41.576428 1.52479632
41.675184 1.52294118
41.773940 1.52108765
41.872697 1.51923972
41.971453 1.51740968
42.070209 1.51564661
42.168966 1.51420129
42.267722 1.51377077
42.366478 1.51424001
42.465235 1.51513573
42.563991 1.51570785
42.662747 1.51481300
42.761504 1.51074073
42.860260 1.50094107
42.959017 1.48161967
43.057773 1.44727573
43.156529 1.38978455
43.255286 1.29815858
43.354042 1.16137125
43.452798 0.97857329
43.551555 0.78092534
43.650311 0.63995009
43.749067 0.62295610
43.847824 0.72785927
43.946580 0.88518332
44.045337 1.02256597
44.144093 1.10482634
44.242849 1.12625592
44.341606 1.09124587
44.440362 1.00412286
44.539118 0.86811557
44.637875 0.68993992
44.736631 0.49223535
44.835387 0.32605148
44.934144 0.24890611
45.032900 0.26664458
45.131656 0.31387542
45.230413 0.30410619
45.329169 0.18099189
45.427926 -0.05954470
45.526682 -0.34490864
45.625438 -0.52834810
45.724195 -0.48305122
45.822951 -0.21772738
45.921707 0.13843618
46.020464 0.45652425
46.119220 0.67800589
46.217976 0.79860221
46.316733 0.83174843
46.415489 0.78878077
46.514246 0.67473262
46.613002 0.48908785
46.711758 0.22903759
46.810515 -0.09854076
46.909271 -0.44964429
47.008027 -0.72309534
47.106784 -0.81314848
47.205540 -0.71490189
47.304296 -0.52525738
47.403053 -0.31999300
47.501809 -0.10261056
47.600565 0.13191614
47.699322 0.37079036
47.798078 0.59713436
47.896835 0.78986108
47.995591 0.93836824
48.094347 1.04791702
48.193104 1.12811579
48.291860 1.18693737
48.390616 1.23014682
48.489373 1.26166878
48.588129 1.28414120
48.686885 1.29910215
48.785642 1.30720996
48.884398 1.30934657
48.983155 1.30854066
49.081911 1.30691861
49.180667 1.30514055
49.279424 1.30331619
49.378180 1.30147353
49.476936 1.29962252
49.575693 1.29776741
49.674449 1.29591022
49.773205 1.29405194
49.871962 1.29219308
49.970718 1.29033393
50.069474 1.28847462
50.168231 1.28661525
50.266987 1.28475585
50.365744 1.28289645
50.464500 1.28103705
50.563256 1.27917766
50.662013 1.27731829
50.760769 1.27545978
50.859525 1.27361026
50.958282 1.27177055
51.057038 1.26994067
51.155794 1.26812062
51.254551 1.26631038
51.353307 1.26450997
51.452064 1.26271937
51.550820 1.26093858
51.649576 1.25916762
51.748333 1.25740646
51.847089 1.25565513
51.945845 1.25391360
52.044602 1.25218189
52.143358 1.25046000
52.242114 1.24874792
52.340871 1.24704565
52.439627 1.24535319
52.538383 1.24367055
52.637140 1.24199772
52.735896 1.24033470
52.834653 1.23868150
52.933409 1.23703810
53.032165 1.23540452
53.130922 1.23378076
53.229678 1.23216680
53.328434 1.23056266
53.427191 1.22896833
53.525947 1.22738382
53.624703 1.22580911
53.723460 1.22424422
53.822216 1.22268914
53.920973 1.22114387
54.019729 1.21960842
54.118485 1.21808278
54.217242 1.21656695
54.315998 1.21506093
54.414754 1.21356473
54.513511 1.21207834
54.612267 1.21060176
54.711023 1.20913499
54.809780 1.20767804
54.908536 1.20623090
55.007292 1.20479357
55.106049 1.20336605
55.204805 1.20194835
55.303562 1.20054046
55.402318 1.19914238
55.501074 1.19775412
55.599831 1.19637567
55.698587 1.19500703
55.797343 1.19364820
55.896100 1.19229918
55.994856 1.19095998
56.093612 1.18963059
56.192369 1.18831102
56.291125 1.18700125
56.389882 1.18570130
56.488638 1.18441116
56.587394 1.18313084
56.686151 1.18186033
56.784907 1.18059963
56.883663 1.17934874
56.982420 1.17810767
57.081176 1.17687640
57.179932 1.17565496
57.278689 1.17444332
57.377445 1.17324150
57.476201 1.17204949
57.574958 1.17086729
57.673714 1.16969491
57.772471 1.16853233
57.871227 1.16737958
57.969983 1.16623663
58.068740 1.16510350
58.167496 1.16398018
58.266252 1.16286667
58.365009 1.16176298
58.463765 1.16066909
58.562521 1.15958503
58.661278 1.15851077
58.760034 1.15744633
58.858791 1.15639170
58.957547 1.15534688
59.056303 1.15431188
59.155060 1.15328669
59.253816 1.15227131
59.352572 1.15126575
59.451329 1.15026999
59.550085 1.14928405
59.648841 1.14830793
59.747598 1.14734162
59.846354 1.14638512
59.945110 1.14543843
60.043867 1.14450155
60.142623 1.14357449
60.241380 1.14265725
60.340136 1.14174981
60.438892 1.14085219
60.537649 1.13996438
60.636405 1.13908638
60.735161 1.13821820
60.833918 1.13735983
60.932674 1.13651127
61.031430 1.13567253
61.130187 1.13484360
61.228943 1.13402448
61.327700 1.13321517
61.426456 1.13241568
61.525212 1.13162600
61.623969 1.13084614
61.722725 1.13007609
61.821481 1.12931585
61.920238 1.12856542
62.018994 1.12782480
62.117750 1.12709400
62.216507 1.12637302
62.315263 1.12566184
62.414019 1.12496048
62.512776 1.12426893
62.611532 1.12358720
62.710289 1.12291527
62.809045 1.12225316
62.907801 1.12160087
63.006558 1.12095838
63.105314 1.12032571
63.204070 1.11970286
63.302827 1.11908981
63.401583 1.11848658
63.500339 1.11789316
63.599096 1.11730956
63.697852 1.11673576
63.796609 1.11617179
63.895365 1.11561762
63.994121 1.11507327
64.092878 1.11453873
64.191634 1.11401400
64.290390 1.11349908
64.389147 1.11299398
64.487903 1.11249870
64.586659 1.11201322
64.685416 1.11153756
64.784172 1.11107171
64.882928 1.11061567
64.981685 1.11016945
65.080441 1.10973304
65.179198 1.10930644
65.277954 1.10888966
65.376710 1.10848269
65.475467 1.10808553
65.574223 1.10769819
65.672979 1.10732065
65.771736 1.10695293
65.870492 1.10659503
65.969248 1.10624694
66.068005 1.10590865
66.166761 1.10558019
66.265518 1.10526153
66.364274 1.10495269
66.463030 1.10465366
66.561787 1.10436445
66.660543 1.10408505
66.759299 1.10381546
66.858056 1.10355568
66.956812 1.10330572
67.055568 1.10306557
67.154325 1.10283523
67.253081 1.10261471
67.351837 1.10240399
67.450594 1.10220309
67.549350 1.10201201
67.648107 1.10183074
67.746863 1.10165928
67.845619 1.10149763
67.944376 1.10134580
68.043132 1.10120377
68.141888 1.10107157
68.240645 1.10094917
68.339401 1.10083659
68.438157 1.10073382
68.536914 1.10064086
68.635670 1.10055772
68.734427 1.10048439
68.833183 1.10042087
68.931939 1.10036716
69.030696 1.10032327
69.129452 1.10028919
69.228208 1.10026492
69.326965 1.10025047
69.425721 1.10024583
69.524477 1.10025100
69.623234 1.10026599
69.721990 1.10029078
69.820746 1.10032539
69.919503 1.10036982
70.018259 1.10042405
70.117016 1.10048810
70.215772 1.10056196
70.314528 1.10064564
70.413285 1.10073913
70.512041 1.10084243
70.610797 1.10095554
70.709554 1.10107847
70.808310 1.10121120
70.907066 1.10135376
71.005823 1.10150612
71.104579 1.10166830
71.203336 1.10184029
71.302092 1.10202209
71.400848 1.10221370
71.499605 1.10241514
71.598361 1.10262638
71.697117 1.10284660
71.795874 1.10306765
71.894630 1.10328871
71.993386 1.10350977
72.092143 1.10373082
72.190899 1.10395187
72.289655 1.10417293
72.388412 1.10439400
72.487168 1.10461524
72.585925 1.10483613
