0.098756 1.53094751
0.197513 1.53094743
0.296269 1.53094749
0.395025 1.53094750
0.493782 1.53094750
0.592538 1.53094750
0.691295 1.53094750
0.790051 1.53094750
0.888807 1.53094750
0.987564 1.53094749
1.086320 1.53094749
1.185076 1.53094749
1.283833 1.53094749
1.382589 1.53094749
1.481345 1.53094748
1.580102 1.53094748
1.678858 1.53094748
1.777614 1.53094748
1.876371 1.53094748
1.975127 1.53094748
2.073884 1.53094747
2.172640 1.53094747
2.271396 1.53094747
2.370153 1.53094747
2.468909 1.53094746
2.567665 1.53094746
2.666422 1.53094746
2.765178 1.53094745
2.863934 1.53094745
2.962691 1.53094745
3.061447 1.53094744
3.160204 1.53094744
3.258960 1.53094743
3.357716 1.53094743
3.456473 1.53094742
3.555229 1.53094742
3.653985 1.53094741
3.752742 1.53094741
3.851498 1.53094740
3.950254 1.53094739
4.049011 1.53094738
4.147767 1.53094738
4.246523 1.53094737
4.345280 1.53094736
4.444036 1.53094735
4.542793 1.53094734
4.641549 1.53094732
4.740305 1.53094731
4.839062 1.53094730
4.937818 1.53094728
5.036574 1.53094727
5.135331 1.53094725
5.234087 1.53094723
5.332843 1.53094721
5.431600 1.53094719
5.530356 1.53094717
5.629113 1.53094715
5.727869 1.53094713
5.826625 1.53094710
5.925382 1.53094707
6.024138 1.53094704
6.122894 1.53094702
6.221651 1.53094698
6.320407 1.53094695
6.419163 1.53094691
6.517920 1.53094688
6.616676 1.53094684
6.715432 1.53094680
6.814189 1.53094675
6.912945 1.53094670
7.011702 1.53094665
7.110458 1.53094660
7.209214 1.53094655
7.307971 1.53094649
7.406727 1.53094643
7.505483 1.53094637
7.604240 1.53094630
7.702996 1.53094624
7.801752 1.53094616
7.900509 1.53094609
7.999265 1.53094601
8.098022 1.53094593
8.196778 1.53094584
8.295534 1.53094576
8.394291 1.53094566
8.493047 1.53094556
8.591803 1.53094546
8.690560 1.53094536
8.789316 1.53094525
8.888072 1.53094513
8.986829 1.53094501
9.085585 1.53094489
9.184341 1.53094476
9.283098 1.53094463
9.381854 1.53094448
9.480611 1.53094434
9.579367 1.53094419
9.678123 1.53094403
9.776880 1.53094387
9.875636 1.53094370
9.974392 1.53094353
10.073149 1.53094335
10.171905 1.53094316
10.270661 1.53094297
10.369418 1.53094277
10.468174 1.53094256
10.566931 1.53094235
10.665687 1.53094213
10.764443 1.53094190
10.863200 1.53094167
10.961956 1.53094142
11.060712 1.53094117
11.159469 1.53094091
11.258225 1.53094065
11.356981 1.53094037
11.455738 1.53094009
11.554494 1.53093979
11.653250 1.53093949
11.752007 1.53093918
11.850763 1.53093887
11.949520 1.53093854
12.048276 1.53093820
12.147032 1.53093785
12.245789 1.53093749
12.344545 1.53093713
12.443301 1.53093675
12.542058 1.53093636
12.640814 1.53093596
12.739570 1.53093555
12.838327 1.53093513
12.937083 1.53093470
13.035840 1.53093426
13.134596 1.53093380
13.233352 1.53093334
13.332109 1.53093286
13.430865 1.53093237
13.529621 1.53093187
13.628378 1.53093136
13.727134 1.53093083
13.825890 1.53093029
13.924647 1.53092974
14.023403 1.53092918
14.122159 1.53092860
14.220916 1.53092801
14.319672 1.53092740
14.418429 1.53092678
14.517185 1.53092615
14.615941 1.53092551
14.714698 1.53092484
14.813454 1.53092417
14.912210 1.53092348
15.010967 1.53092277
15.109723 1.53092205
15.208479 1.53092132
15.307236 1.53092057
15.405992 1.53091980
15.504749 1.53091902
15.603505 1.53091822
15.702261 1.53091741
15.801018 1.53091657
15.899774 1.53091573
15.998530 1.53091486
16.097287 1.53091398
16.196043 1.53091308
16.294799 1.53091216
16.393556 1.53091122
16.492312 1.53091026
16.591068 1.53090929
16.689825 1.53090829
16.788581 1.53090727
16.887338 1.53090623
16.986094 1.53090517
17.084850 1.53090409
17.183607 1.53090298
17.282363 1.53090184
17.381119 1.53090068
17.479876 1.53089949
17.578632 1.53089826
17.677388 1.53089700
17.776145 1.53089571
17.874901 1.53089437
17.973658 1.53089299
18.072414 1.53089156
18.171170 1.53089007
18.269927 1.53088853
18.368683 1.53088690
18.467439 1.53088520
18.566196 1.53088341
18.664952 1.53088151
18.763708 1.53087948
18.862465 1.53087731
18.961221 1.53087496
19.059977 1.53087242
19.158734 1.53086964
19.257490 1.53086659
19.356247 1.53086321
19.455003 1.53085945
19.553759 1.53085522
19.652516 1.53085045
19.751272 1.53084501
19.850028 1.53083881
19.948785 1.53083166
20.047541 1.53082341
20.146297 1.53081380
20.245054 1.53080260
20.343810 1.53078945
20.442567 1.53077398
20.541323 1.53075570
20.640079 1.53073404
20.738836 1.53070828
20.837592 1.53067758
20.936348 1.53064086
21.035105 1.53059687
21.133861 1.53054401
21.232617 1.53048037
21.331374 1.53040356
21.430130 1.53031065
21.528886 1.53019800
21.627643 1.53006111
21.726399 1.52989434
21.825156 1.52969069
21.923912 1.52944131
22.022668 1.52913512
22.121425 1.52875806
22.220181 1.52829230
22.318937 1.52771505
22.417694 1.52699717
22.516450 1.52610106
22.615206 1.52497816
22.713963 1.52356523
22.812719 1.52177981
22.911476 1.51951346
23.010232 1.51662339
23.108988 1.51292011
23.207745 1.50815171
23.306501 1.50198084
23.405257 1.49395514
23.504014 1.48346355
23.602770 1.46968000
23.701526 1.45147993
23.800283 1.42733170
23.899039 1.39513640
23.997795 1.35201715
24.096552 1.29401416
24.195308 1.21567709
24.294065 1.10950738
24.392821 0.96517479
24.491577 0.76860573
24.590334 0.50049004
24.689090 0.13614323
24.787846 -0.34280413
24.886603 -0.88190618
24.985359 -1.24979912
25.084115 -1.23295177
25.182872 -1.01217188
25.281628 -0.93237582
25.380385 -1.16919478
25.479141 -1.78016350
25.577897 -2.79763891
25.676654 -4.25034531
25.775410 -6.14056349
25.874166 -8.35320888
25.972923 -10.48643136
26.071679 -11.84495622
26.170435 -11.95273683
26.269192 -11.12908004
26.367948 -10.23955031
26.466704 -9.97726878
26.565461 -10.51214781
26.664217 -11.45220405
26.762974 -11.97466124
26.861730 -11.38178675
26.960486 -9.73540175
27.059243 -7.70243916
27.157999 -5.87209887
27.256755 -4.47104038
27.355512 -3.51058959
27.454268 -2.95360120
27.553024 -2.78326355
27.651781 -3.01726210
27.750537 -3.69892706
27.849294 -4.87794606
27.948050 -6.55589010
28.046806 -8.54666231
28.145563 -10.31319242
28.244319 -11.13351124
28.343075 -10.75503486
28.441832 -9.74359161
28.540588 -8.95694495
28.639344 -8.91954033
28.738101 -9.66271103
28.836857 -10.71863557
28.935613 -11.24417633
29.034370 -10.59697788
29.133126 -8.92537478
29.231883 -6.93290428
29.330639 -5.19793633
29.429395 -3.93403099
29.528152 -3.14616051
29.626908 -2.78522255
29.725664 -2.81350394
29.824421 -3.22761295
29.923177 -4.05941991
30.021933 -5.35673086
30.120690 -7.11229698
30.219446 -9.09950553
30.318203 -10.72905425
30.416959 -11.31116826
30.515715 -10.73534378
30.614472 -9.67314384
30.713228 -8.95902336
30.811984 -9.03585373
30.910741 -9.85422666
31.009497 -10.86911798
31.108253 -11.21859103
31.207010 -10.36268642
31.305766 -8.57870026
31.404522 -6.59108882
31.503279 -4.92131003
31.602035 -3.73647459
31.700792 -3.02517907
31.799548 -2.73596026
31.898304 -2.83174659
31.997061 -3.30993465
32.095817 -4.20296798
32.194573 -5.55696157
32.293330 -7.35283175
32.392086 -9.33206468
32.490842 -10.87419400
32.589599 -11.31950618
32.688355 -10.64814114
32.787112 -9.58597298
32.885868 -8.94355343
32.984624 -9.10926679
33.083381 -9.97484301
33.182137 -10.93687058
33.280893 -11.13106726
33.379650 -10.11047375
33.478406 -8.24795428
33.577162 -6.27270069
33.675919 -4.66146761
33.774675 -3.55216716
33.873431 -2.92651002
33.972188 -2.73311116
34.070944 -2.93296142
34.169701 -3.51838680
34.268457 -4.51562402
34.367213 -5.96222536
34.465970 -7.81602643
34.564726 -9.76745558
34.663482 -11.15667333
34.762239 -11.38551386
34.860995 -10.57243572
34.959751 -9.50939227
35.058508 -8.96108204
35.157264 -9.23403950
35.256021 -10.13285826
35.354777 -10.97550457
35.453533 -10.91522591
35.552290 -9.65048364
35.651046 -7.67406005
35.749802 -5.70189328
35.848559 -4.14372842
35.947315 -3.09944019
36.046071 -2.54293655
36.144828 -2.42425361
36.243584 -2.70318244
36.342340 -3.36557502
36.441097 -4.42875945
36.539853 -5.92190038
36.638610 -7.79212897
36.737366 -9.71238492
36.836122 -11.01886416
36.934879 -11.16012709
37.033635 -10.32840029
37.132391 -9.34375406
37.231148 -8.92910261
37.329904 -9.27552338
37.428660 -9.98666097
37.527417 -10.23314388
37.626173 -9.34912443
37.724929 -7.45046224
37.823686 -5.21772439
37.922442 -3.22478066
38.021199 -1.69215510
38.119955 -0.63130359
38.218711 0.00281720
38.317468 0.25582785
38.416224 0.17446774
38.514980 -0.13742023
38.613737 -0.40333373
38.712493 -0.30004304
38.811249 0.12831357
38.910006 0.60160083
39.008762 0.98314896
39.107519 1.26728799
39.206275 1.47649297
39.305031 1.63013155
39.403788 1.74239531
39.502544 1.82327000
39.601300 1.87973911
39.700057 1.91655306
39.798813 1.93678943
39.897569 1.94289685
39.996326 1.94179689
40.095082 1.94013987
40.193838 1.93838013
40.292595 1.93659258
40.391351 1.93479465
40.490108 1.93299122
40.588864 1.93118393
40.687620 1.92937359
40.786377 1.92756074
40.885133 1.92574581
40.983889 1.92392917
41.082646 1.92211110
41.181402 1.92029180
41.280158 1.91847140
41.378915 1.91664996
41.477671 1.91482755
41.576428 1.91300426
41.675184 1.91118043
41.773940 1.90935717
41.872697 1.90753779
41.971453 1.90573323
42.070209 1.90398801
42.168966 1.90252325
42.267722 1.90204459
42.366478 1.90247273
42.465235 1.90335199
42.563991 1.90395185
42.662747 1.90315567
42.761504 1.89928984
42.860260 1.88985621
42.959017 1.87113994
43.057773 1.83774605
43.156529 1.78169788
43.255286 1.69214604
43.354042 1.55790494
43.452798 1.37708767
43.551555 1.17872490
43.650311 1.03283675
43.749067 1.00870370
43.847824 1.10863741
43.946580 1.26528420
44.045337 1.40492610
44.144093 1.49034009
44.242849 1.51483518
44.341606 1.48262419
44.440362 1.39810311
44.539118 1.26450810
44.637875 1.08813455
44.736631 0.89038098
44.835387 0.72093369
44.934144 0.63827370
45.032900 0.65201909
45.131656 0.69955464
45.230413 0.69391505
45.329169 0.57660742
45.427926 0.34060074
45.526682 0.05465511
45.625438 -0.13647938
45.724195 -0.10227533
45.822951 0.15553892
45.921707 0.51084586
46.020464 0.83244569
46.119220 1.05854243
46.217976 1.18331866
46.316733 1.21999952
46.415489 1.18013979
46.514246 1.06904977
46.613002 0.88642317
46.711758 0.62942182
46.810515 0.30414230
46.909271 -0.04749862
47.008027 -0.32631237
47.106784 -0.42480888
47.205540 -0.33298279
47.304296 -0.14559981
47.403053 0.05938670
47.501809 0.27685953
47.600565 0.51140446
47.699322 0.75083706
47.798078 0.97864191
47.896835 1.17320837
47.995591 1.32335090
48.094347 1.43414214
48.193104 1.51524608
48.291860 1.57472647
48.390616 1.61842215
48.489373 1.65031622
48.588129 1.67308948
48.686885 1.68831437
48.785642 1.69667701
48.884398 1.69901147
48.983155 1.69829553
49.081911 1.69671830
49.180667 1.69497872
49.279424 1.69319116
49.378180 1.69138465
49.476936 1.68956950
49.575693 1.68775010
49.674449 1.68592853
49.773205 1.68410583
49.871962 1.68228251
49.970718 1.68045889
50.069474 1.67863510
50.168231 1.67681124
50.266987 1.67498734
50.365744 1.67316344
50.464500 1.67133955
50.563256 1.66951567
50.662013 1.66769180
50.760769 1.66586878
50.859525 1.66405456
50.958282 1.66224997
51.057038 1.66045501
51.155794 1.65866968
51.254551 1.65689398
51.353307 1.65512790
51.452064 1.65337144
51.550820 1.65162461
51.649576 1.64988740
51.748333 1.64815980
51.847089 1.64644183
51.945845 1.64473348
52.044602 1.64303475
52.143358 1.64134564
52.242114 1.63966614
52.340871 1.63799627
52.439627 1.63633601
52.538383 1.63468537
52.637140 1.63304435
52.735896 1.63141295
52.834653 1.62979117
52.933409 1.62817900
53.032165 1.62657646
53.130922 1.62498353
53.229678 1.62340021
53.328434 1.62182652
53.427191 1.62026244
53.525947 1.61870798
53.624703 1.61716314
53.723460 1.61562792
53.822216 1.61410231
53.920973 1.61258633
54.019729 1.61107996
54.118485 1.60958320
54.217242 1.60809607
54.315998 1.60661855
54.414754 1.60515065
54.513511 1.60369236
54.612267 1.60224370
54.711023 1.60080465
54.809780 1.59937522
54.908536 1.59795541
55.007292 1.59654521
55.106049 1.59514463
55.204805 1.59375367
55.303562 1.59237233
55.402318 1.59100060
55.501074 1.58963849
55.599831 1.58828600
55.698587 1.58694312
55.797343 1.58560986
55.896100 1.58428622
55.994856 1.58297220
56.093612 1.58166779
56.192369 1.58037300
56.291125 1.57908783
56.389882 1.57781228
56.488638 1.57654634
56.587394 1.57529002
56.686151 1.57404331
56.784907 1.57280623
56.883663 1.57157876
56.982420 1.57036091
57.081176 1.56915267
57.179932 1.56795405
57.278689 1.56676505
57.377445 1.56558567
57.476201 1.56441590
57.574958 1.56325575
57.673714 1.56210522
57.772471 1.56096430
57.871227 1.55983300
57.969983 1.55871132
58.068740 1.55759926
58.167496 1.55649681
58.266252 1.55540398
58.365009 1.55432076
58.463765 1.55324717
58.562521 1.55218319
58.661278 1.55112882
58.760034 1.55008408
58.858791 1.54904895
58.957547 1.54802344
59.056303 1.54700754
59.155060 1.54600126
59.253816 1.54500460
59.352572 1.54401755
59.451329 1.54304013
59.550085 1.54207232
59.648841 1.54111412
59.747598 1.54016554
59.846354 1.53922658
59.945110 1.53829724
60.043867 1.53737751
60.142623 1.53646740
60.241380 1.53556691
60.340136 1.53467603
60.438892 1.53379477
60.537649 1.53292313
60.636405 1.53206111
60.735161 1.53120870
60.833918 1.53036591
60.932674 1.52953273
61.031430 1.52870917
61.130187 1.52789523
61.228943 1.52709091
61.327700 1.52629620
61.426456 1.52551111
61.525212 1.52473563
61.623969 1.52396978
61.722725 1.52321353
61.821481 1.52246691
61.920238 1.52172990
62.018994 1.52100251
62.117750 1.52028474
62.216507 1.51957658
62.315263 1.51887804
62.414019 1.51818912
62.512776 1.51750982
62.611532 1.51684013
62.710289 1.51618005
62.809045 1.51552960
62.907801 1.51488876
63.006558 1.51425754
63.105314 1.51363593
63.204070 1.51302394
63.302827 1.51242157
63.401583 1.51182882
63.500339 1.51124568
63.599096 1.51067216
63.697852 1.51010825
63.796609 1.50955397
63.895365 1.50900929
63.994121 1.50847424
64.092878 1.50794880
64.191634 1.50743298
64.290390 1.50692678
64.389147 1.50643019
64.487903 1.50594322
64.586659 1.50546587
64.685416 1.50499814
64.784172 1.50454002
64.882928 1.50409151
64.981685 1.50365263
65.080441 1.50322336
65.179198 1.50280371
65.277954 1.50239367
65.376710 1.50199326
65.475467 1.50160245
65.574223 1.50122127
65.672979 1.50084970
65.771736 1.50048775
65.870492 1.50013542
65.969248 1.49979270
66.068005 1.49945960
66.166761 1.49913612
66.265518 1.49882225
66.364274 1.49851801
66.463030 1.49822337
66.561787 1.49793836
66.660543 1.49766296
66.759299 1.49739718
66.858056 1.49714102
66.956812 1.49689447
67.055568 1.49665754
67.154325 1.49643023
67.253081 1.49621253
67.351837 1.49600445
67.450594 1.49580599
67.549350 1.49561714
67.648107 1.49543791
67.746863 1.49526830
67.845619 1.49510831
67.944376 1.49495793
68.043132 1.49481717
68.141888 1.49468603
68.240645 1.49456450
68.339401 1.49445259
68.438157 1.49435030
68.536914 1.49425763
68.635670 1.49417457
68.734427 1.49410113
68.833183 1.49403731
68.931939 1.49398310
69.030696 1.49393851
69.129452 1.49390354
69.228208 1.49387818
69.326965 1.49386245
69.425721 1.49385632
69.524477 1.49385982
69.623234 1.49387293
69.721990 1.49389567
69.820746 1.49392801
69.919503 1.49396998
70.018259 1.49402156
70.117016 1.49408276
70.215772 1.49415358
70.314528 1.49423401
70.413285 1.49432406
70.512041 1.49442373
70.610797 1.49453302
70.709554 1.49465192
70.808310 1.49478044
70.907066 1.49491858
71.005823 1.49506633
71.104579 1.49522370
71.203336 1.49539069
71.302092 1.49556730
71.400848 1.49575352
71.499605 1.49594937
71.598361 1.49615483
71.697117 1.49636909
71.795874 1.49658416
71.894630 1.49679925
71.993386 1.49701432
72.092143 1.49722940
72.190899 1.49744448
72.289655 1.49765955
72.388412 1.49787465
72.487168 1.49808989
72.585925 1.49830481
