0.098756 1.55154494
0.197513 1.55154734
0.296269 1.55154481
0.395025 1.55154456
0.493782 1.55154459
0.592538 1.55154463
0.691295 1.55154467
0.790051 1.55154471
0.888807 1.55154474
0.987564 1.55154478
1.086320 1.55154481
1.185076 1.55154483
1.283833 1.55154486
1.382589 1.55154488
1.481345 1.55154490
1.580102 1.55154491
1.678858 1.55154492
1.777614 1.55154493
1.876371 1.55154493
1.975127 1.55154493
2.073884 1.55154492
2.172640 1.55154491
2.271396 1.55154489
2.370153 1.55154487
2.468909 1.55154484
2.567665 1.55154481
2.666422 1.55154477
2.765178 1.55154472
2.863934 1.55154467
2.962691 1.55154461
3.061447 1.55154454
3.160204 1.55154446
3.258960 1.55154438
3.357716 1.55154429
3.456473 1.55154419
3.555229 1.55154408
3.653985 1.55154397
3.752742 1.55154384
3.851498 1.55154371
3.950254 1.55154356
4.049011 1.55154341
4.147767 1.55154325
4.246523 1.55154308
4.345280 1.55154289
4.444036 1.55154270
4.542793 1.55154249
4.641549 1.55154228
4.740305 1.55154205
4.839062 1.55154181
4.937818 1.55154156
5.036574 1.55154130
5.135331 1.55154102
5.234087 1.55154074
5.332843 1.55154044
5.431600 1.55154012
5.530356 1.55153980
5.629113 1.55153946
5.727869 1.55153910
5.826625 1.55153873
5.925382 1.55153835
6.024138 1.55153796
6.122894 1.55153754
6.221651 1.55153712
6.320407 1.55153668
6.419163 1.55153622
6.517920 1.55153574
6.616676 1.55153526
6.715432 1.55153475
6.814189 1.55153423
6.912945 1.55153369
7.011702 1.55153313
7.110458 1.55153256
7.209214 1.55153197
7.307971 1.55153136
7.406727 1.55153073
7.505483 1.55153009
7.604240 1.55152942
7.702996 1.55152874
7.801752 1.55152804
7.900509 1.55152732
7.999265 1.55152658
8.098022 1.55152582
8.196778 1.55152504
8.295534 1.55152424
8.394291 1.55152342
8.493047 1.55152258
8.591803 1.55152171
8.690560 1.55152083
8.789316 1.55151992
8.888072 1.55151900
8.986829 1.55151805
9.085585 1.55151707
9.184341 1.55151608
9.283098 1.55151506
9.381854 1.55151402
9.480611 1.55151296
9.579367 1.55151187
9.678123 1.55151076
9.776880 1.55150962
9.875636 1.55150846
9.974392 1.55150728
10.073149 1.55150607
10.171905 1.55150484
10.270661 1.55150358
10.369418 1.55150229
10.468174 1.55150098
10.566931 1.55149964
10.665687 1.55149828
10.764443 1.55149689
10.863200 1.55149547
10.961956 1.55149403
11.060712 1.55149256
11.159469 1.55149106
11.258225 1.55148953
11.356981 1.55148798
11.455738 1.55148640
11.554494 1.55148479
11.653250 1.55148315
11.752007 1.55148148
11.850763 1.55147978
11.949520 1.55147805
12.048276 1.55147629
12.147032 1.55147451
12.245789 1.55147269
12.344545 1.55147084
12.443301 1.55146896
12.542058 1.55146705
12.640814 1.55146511
12.739570 1.55146314
12.838327 1.55146114
12.937083 1.55145910
13.035840 1.55145704
13.134596 1.55145494
13.233352 1.55145281
13.332109 1.55145064
13.430865 1.55144844
13.529621 1.55144621
13.628378 1.55144395
13.727134 1.55144165
13.825890 1.55143932
13.924647 1.55143696
14.023403 1.55143456
14.122159 1.55143213
14.220916 1.55142966
14.319672 1.55142715
14.418429 1.55142461
14.517185 1.55142204
14.615941 1.55141943
14.714698 1.55141679
14.813454 1.55141411
14.912210 1.55141139
15.010967 1.55140864
15.109723 1.55140585
15.208479 1.55140302
15.307236 1.55140016
15.405992 1.55139726
15.504749 1.55139432
15.603505 1.55139134
15.702261 1.55138833
15.801018 1.55138528
15.899774 1.55138219
15.998530 1.55137906
16.097287 1.55137589
16.196043 1.55137268
16.294799 1.55136943
16.393556 1.55136615
16.492312 1.55136282
16.591068 1.55135945
16.689825 1.55135604
16.788581 1.55135258
16.887338 1.55134908
16.986094 1.55134554
17.084850 1.55134196
17.183607 1.55133832
17.282363 1.55133464
17.381119 1.55133091
17.479876 1.55132714
17.578632 1.55132330
17.677388 1.55131942
17.776145 1.55131547
17.874901 1.55131147
17.973658 1.55130740
18.072414 1.55130326
18.171170 1.55129904
18.269927 1.55129474
18.368683 1.55129035
18.467439 1.55128586
18.566196 1.55128126
18.664952 1.55127654
18.763708 1.55127167
18.862465 1.55126664
18.961221 1.55126143
19.059977 1.55125601
19.158734 1.55125033
19.257490 1.55124438
19.356247 1.55123808
19.455003 1.55123140
19.553759 1.55122425
19.652516 1.55121656
19.751272 1.55120821
19.850028 1.55119910
19.948785 1.55118906
20.047541 1.55117793
20.146297 1.55116549
20.245054 1.55115147
20.343810 1.55113557
20.442567 1.55111740
20.541323 1.55109650
20.640079 1.55107230
20.738836 1.55104412
20.837592 1.55101113
20.936348 1.55097229
21.035105 1.55092637
21.133861 1.55087182
21.232617 1.55080677
21.331374 1.55072888
21.430130 1.55063531
21.528886 1.55052248
21.627643 1.55038601
21.726399 1.55022037
21.825156 1.55001870
21.923912 1.54977237
22.022668 1.54947051
22.121425 1.54909935
22.220181 1.54864145
22.318937 1.54807451
22.417694 1.54736998
22.516450 1.54649107
22.615206 1.54539028
22.713963 1.54400575
22.812719 1.54225684
22.911476 1.54003758
23.010232 1.53720847
23.108988 1.53358446
23.207745 1.52891970
23.306501 1.52288508
23.405257 1.51503949
23.504014 1.50478740
23.602770 1.49132403
23.701526 1.47355432
23.800283 1.44998740
23.899039 1.41858093
23.997795 1.37653647
24.096552 1.32000281
24.195308 1.24367998
24.294065 1.14027480
24.392821 0.99974011
24.491577 0.80837856
24.590334 0.54737696
24.689090 0.19241709
24.787846 -0.27698687
24.886603 -0.81806326
24.985359 -1.21466891
25.084115 -1.23475990
25.182872 -1.02062682
25.281628 -0.92233898
25.380385 -1.13225570
25.479141 -1.71339456
25.577897 -2.69871054
25.676654 -4.11748145
25.775410 -5.97594767
25.874166 -8.17363436
25.972923 -10.33574778
26.071679 -11.77791192
26.170435 -11.98171907
26.269192 -11.20316555
26.367948 -10.29224470
26.466704 -9.97363632
26.565461 -10.45795436
26.664217 -11.39117291
26.762974 -11.96859821
26.861730 -11.45974275
26.960486 -9.86812833
27.059243 -7.84010140
27.157999 -5.98468319
27.256755 -4.55017808
27.355512 -3.55642819
27.454268 -2.96717604
27.553024 -2.76439386
27.651781 -2.96426841
27.750537 -3.60895943
27.849294 -4.74862390
27.948050 -6.39172883
28.046806 -8.37398030
28.145563 -10.18782517
28.244319 -11.10590473
28.343075 -10.81454808
28.441832 -9.82483366
28.540588 -8.99933924
28.639344 -8.89973192
28.738101 -9.59426383
28.836857 -10.64954719
28.935613 -11.23556186
29.034370 -10.67175135
29.133126 -9.04909257
29.231883 -7.05604776
29.330639 -5.29366385
29.429395 -3.99723448
29.528152 -3.18012583
29.626908 -2.79371133
29.725664 -2.79753807
29.824421 -3.18431389
29.923177 -3.98267919
30.021933 -5.24073739
30.120690 -6.96135596
30.219446 -8.94594893
30.318203 -10.63646890
30.416959 -11.32717320
30.515715 -10.83552375
30.614472 -9.78240212
30.713228 -9.01688377
30.811984 -9.02353521
30.910741 -9.79237693
31.009497 -10.81426990
31.108253 -11.23391931
31.207010 -10.46206530
31.305766 -8.71757645
31.404522 -6.71768651
31.503279 -5.01122890
31.602035 -3.78717261
31.700792 -3.04194437
31.799548 -2.72427933
31.898304 -2.79393437
31.997061 -3.24372947
32.095817 -4.10219387
32.194573 -5.41542197
32.293330 -7.17460441
32.392086 -9.14834319
32.490842 -10.74257485
32.589599 -11.27629528
32.688355 -10.66189895
32.787112 -9.58528219
32.885868 -8.87518363
32.984624 -8.95763126
33.083381 -9.75821921
33.182137 -10.70174217
33.280893 -10.92260104
33.379650 -9.92766696
33.478406 -8.04537677
33.577162 -6.00543928
33.675919 -4.30924654
33.774675 -3.11373337
33.873431 -2.41112607
33.972188 -2.15734024
34.070944 -2.31862912
34.169701 -2.88893351
34.268457 -3.89162393
34.367213 -5.35932523
34.465970 -7.24941617
34.564726 -9.26189376
34.663482 -10.74444340
34.762239 -11.07823086
34.860995 -10.34175873
34.959751 -9.31063473
35.058508 -8.76429123
35.157264 -9.02955022
35.256021 -9.92542848
35.354777 -10.77872341
35.453533 -10.73987195
35.552290 -9.49201783
35.651046 -7.51655368
35.749802 -5.53207921
35.848559 -3.95684670
35.947315 -2.89750924
36.046071 -2.33279194
36.144828 -2.21584167
36.243584 -2.50625842
36.342340 -3.18509216
36.441097 -4.26178639
36.539853 -5.75950513
36.638610 -7.62829561
36.737366 -9.55611468
36.836122 -10.89195043
36.934879 -11.07049320
37.033635 -10.25282668
37.132391 -9.24781676
37.231148 -8.79288379
37.329904 -9.10033053
37.428660 -9.79300154
37.527417 -10.04863679
37.626173 -9.18267461
37.724929 -7.28223202
37.823686 -5.02046738
37.922442 -2.98389639
38.021199 -1.40541310
38.119955 -0.30164026
38.218711 0.37119631
38.317468 0.65853740
38.416224 0.60701436
38.514980 0.31910572
38.613737 0.06814391
38.712493 0.18074599
38.811249 0.62214013
38.910006 1.11294547
39.008762 1.51262135
39.107519 1.81379929
39.206275 2.03854724
39.305031 2.20589309
39.403788 2.33001155
39.502544 2.42090493
39.601300 2.48560140
39.700057 2.52882843
39.798813 2.55359610
39.897569 2.56227532
39.996326 2.56198511
40.095082 2.55923802
40.193838 2.55281411
40.292595 2.54256442
40.391351 2.52851737
40.490108 2.51068659
40.588864 2.48907539
40.687620 2.46368322
40.786377 2.43450238
40.885133 2.40152523
40.983889 2.36472779
41.082646 2.32404822
41.181402 2.27942812
41.280158 2.23091150
41.378915 2.17892584
41.477671 2.12491048
41.576428 2.07205771
41.675184 2.02575445
41.773940 1.99301291
41.872697 1.98048615
41.971453 1.99178997
42.070209 2.02578833
42.168966 2.07706390
42.267722 2.13820477
42.366478 2.20230459
42.465235 2.26429693
42.563991 2.32093062
42.662747 2.37001253
42.761504 2.40954388
42.860260 2.43702826
42.959017 2.44894621
43.057773 2.44030750
43.156529 2.40371771
43.255286 2.32908020
43.354042 2.20617774
43.452798 2.03465211
43.551555 1.84554658
43.650311 1.71010831
43.749067 1.69645063
43.847824 1.80428064
43.946580 1.96528197
44.045337 2.10709467
44.144093 2.19425877
44.242849 2.22110417
44.341606 2.19228969
44.440362 2.11237199
44.539118 1.98441152
44.637875 1.81372225
44.736631 1.61918089
44.835387 1.44723113
44.934144 1.35623487
45.032900 1.36015649
45.131656 1.39949697
45.230413 1.38571346
45.329169 1.25925285
45.427926 1.01917291
45.526682 0.74708190
45.625438 0.59440590
45.724195 0.67741066
45.822951 0.96928601
45.921707 1.33405679
46.020464 1.64967691
46.119220 1.86627943
46.217976 1.98356640
46.316733 2.01561837
46.415489 1.97338696
46.514246 1.86138353
46.613002 1.67865687
46.711758 1.42203292
46.810515 1.09806552
46.909271 0.75049798
47.008027 0.48015252
47.106784 0.39230028
47.205540 0.49197939
47.304296 0.68473146
47.403053 0.89831195
47.501809 1.12741603
47.600565 1.37210328
47.699322 1.61883369
47.798078 1.85099308
47.896835 2.04776238
47.995591 2.20005113
48.094347 2.31395193
48.193104 2.39906815
48.291860 2.46316220
48.390616 2.51179602
48.489373 2.54871235
48.588129 2.57637564
48.686885 2.59614240
48.785642 2.60849803
48.884398 2.61426711
48.983155 2.61676241
49.081911 2.61840009
49.180667 2.61984668
49.279424 2.62122731
49.378180 2.62257741
49.476936 2.62391117
49.575693 2.62523551
49.674449 2.62655412
49.773205 2.62786915
49.871962 2.62918187
49.970718 2.63049308
50.069474 2.63180328
50.168231 2.63311280
50.266987 2.63442185
50.365744 2.63573058
50.464500 2.63703908
50.563256 2.63834743
50.662013 2.63965567
50.760769 2.64096336
50.859525 2.64226610
50.958282 2.64356344
51.057038 2.64485538
51.155794 2.64614193
51.254551 2.64742311
51.353307 2.64869892
51.452064 2.64996935
51.550820 2.65123442
51.649576 2.65249413
51.748333 2.65374846
51.847089 2.65499744
51.945845 2.65624105
52.044602 2.65747930
52.143358 2.65871219
52.242114 2.65993972
52.340871 2.66116189
52.439627 2.66237869
52.538383 2.66359014
52.637140 2.66479622
52.735896 2.66599694
52.834653 2.66719231
52.933409 2.66838231
53.032165 2.66956695
53.130922 2.67074623
53.229678 2.67192015
53.328434 2.67308871
53.427191 2.67425191
53.525947 2.67540975
53.624703 2.67656223
53.723460 2.67770935
53.822216 2.67885111
53.920973 2.67998751
54.019729 2.68111855
54.118485 2.68224423
54.217242 2.68336454
54.315998 2.68447950
54.414754 2.68558910
54.513511 2.68669334
54.612267 2.68779221
54.711023 2.68888573
54.809780 2.68997388
54.908536 2.69105668
55.007292 2.69213411
55.106049 2.69320619
55.204805 2.69427290
55.303562 2.69533425
55.402318 2.69639024
55.501074 2.69744088
55.599831 2.69848615
55.698587 2.69952606
55.797343 2.70056061
55.896100 2.70158980
55.994856 2.70261363
56.093612 2.70363210
56.192369 2.70464520
56.291125 2.70565295
56.389882 2.70665534
56.488638 2.70765236
56.587394 2.70864403
56.686151 2.70963033
56.784907 2.71061128
56.883663 2.71158686
56.982420 2.71255708
57.081176 2.71352194
57.179932 2.71448144
57.278689 2.71543558
57.377445 2.71638436
57.476201 2.71732778
57.574958 2.71826584
57.673714 2.71919854
57.772471 2.72012587
57.871227 2.72104785
57.969983 2.72196446
58.068740 2.72287572
58.167496 2.72378161
58.266252 2.72468214
58.365009 2.72557731
58.463765 2.72646712
58.562521 2.72735157
58.661278 2.72823066
58.760034 2.72910438
58.858791 2.72997275
58.957547 2.73083576
59.056303 2.73169340
59.155060 2.73254568
59.253816 2.73339261
59.352572 2.73423417
59.451329 2.73507037
59.550085 2.73590121
59.648841 2.73672668
59.747598 2.73754680
59.846354 2.73836156
59.945110 2.73917095
60.043867 2.73997498
60.142623 2.74077366
60.241380 2.74156697
60.340136 2.74235492
60.438892 2.74313751
60.537649 2.74391473
60.636405 2.74468660
60.735161 2.74545311
60.833918 2.74621425
60.932674 2.74697003
61.031430 2.74772045
61.130187 2.74846551
61.228943 2.74920521
61.327700 2.74993955
61.426456 2.75066853
61.525212 2.75139214
61.623969 2.75211040
61.722725 2.75282329
61.821481 2.75353082
61.920238 2.75423299
62.018994 2.75492980
62.117750 2.75562125
62.216507 2.75630733
62.315263 2.75698806
62.414019 2.75766342
62.512776 2.75833343
62.611532 2.75899807
62.710289 2.75965735
62.809045 2.76031126
62.907801 2.76095982
63.006558 2.76160302
63.105314 2.76224085
63.204070 2.76287332
63.302827 2.76350043
63.401583 2.76412218
63.500339 2.76473857
63.599096 2.76534960
63.697852 2.76595526
63.796609 2.76655556
63.895365 2.76715051
63.994121 2.76774009
64.092878 2.76832431
64.191634 2.76890316
64.290390 2.76947666
64.389147 2.77004479
64.487903 2.77060757
64.586659 2.77116498
64.685416 2.77171703
64.784172 2.77226372
64.882928 2.77280504
64.981685 2.77334101
65.080441 2.77387161
65.179198 2.77439685
65.277954 2.77491673
65.376710 2.77543125
65.475467 2.77594041
65.574223 2.77644420
65.672979 2.77694264
65.771736 2.77743571
65.870492 2.77792342
65.969248 2.77840577
66.068005 2.77888276
66.166761 2.77935438
66.265518 2.77982065
66.364274 2.78028155
66.463030 2.78073709
66.561787 2.78118727
66.660543 2.78163208
66.759299 2.78207154
66.858056 2.78250563
66.956812 2.78293436
67.055568 2.78335774
67.154325 2.78377574
67.253081 2.78418839
67.351837 2.78459568
67.450594 2.78499760
67.549350 2.78539416
67.648107 2.78578536
67.746863 2.78617120
67.845619 2.78655167
67.944376 2.78692679
68.043132 2.78729654
68.141888 2.78766093
68.240645 2.78801996
68.339401 2.78837363
68.438157 2.78872193
68.536914 2.78906488
68.635670 2.78940246
68.734427 2.78973468
68.833183 2.79006154
68.931939 2.79038304
69.030696 2.79069917
69.129452 2.79100994
69.228208 2.79131535
69.326965 2.79161540
69.425721 2.79191009
69.524477 2.79219942
69.623234 2.79248338
69.721990 2.79276198
69.820746 2.79303522
69.919503 2.79330310
70.018259 2.79356561
70.117016 2.79382277
70.215772 2.79407456
70.314528 2.79432099
70.413285 2.79456206
70.512041 2.79479777
70.610797 2.79502811
70.709554 2.79525309
70.808310 2.79547271
70.907066 2.79568697
71.005823 2.79589587
71.104579 2.79609940
71.203336 2.79629758
71.302092 2.79649039
71.400848 2.79667784
71.499605 2.79685992
71.598361 2.79703664
71.697117 2.79720846
71.795874 2.79737983
71.894630 2.79755119
71.993386 2.79772255
72.092143 2.79789391
72.190899 2.79806527
72.289655 2.79823664
72.388412 2.79840801
72.487168 2.79857948
72.585925 2.79875075
