0.098756 1.53353180
0.197513 1.53353175
0.296269 1.53353182
0.395025 1.53353183
0.493782 1.53353183
0.592538 1.53353183
0.691295 1.53353184
0.790051 1.53353184
0.888807 1.53353184
0.987564 1.53353185
1.086320 1.53353185
1.185076 1.53353185
1.283833 1.53353186
1.382589 1.53353186
1.481345 1.53353186
1.580102 1.53353187
1.678858 1.53353187
1.777614 1.53353188
1.876371 1.53353188
1.975127 1.53353189
2.073884 1.53353189
2.172640 1.53353190
2.271396 1.53353191
2.370153 1.53353191
2.468909 1.53353192
2.567665 1.53353193
2.666422 1.53353194
2.765178 1.53353195
2.863934 1.53353196
2.962691 1.53353197
3.061447 1.53353198
3.160204 1.53353199
3.258960 1.53353201
3.357716 1.53353202
3.456473 1.53353204
3.555229 1.53353205
3.653985 1.53353207
3.752742 1.53353208
3.851498 1.53353210
3.950254 1.53353212
4.049011 1.53353214
4.147767 1.53353216
4.246523 1.53353218
4.345280 1.53353221
4.444036 1.53353223
4.542793 1.53353226
4.641549 1.53353228
4.740305 1.53353231
4.839062 1.53353234
4.937818 1.53353237
5.036574 1.53353241
5.135331 1.53353244
5.234087 1.53353248
5.332843 1.53353251
5.431600 1.53353256
5.530356 1.53353260
5.629113 1.53353264
5.727869 1.53353268
5.826625 1.53353273
5.925382 1.53353278
6.024138 1.53353283
6.122894 1.53353289
6.221651 1.53353294
6.320407 1.53353300
6.419163 1.53353306
6.517920 1.53353312
6.616676 1.53353319
6.715432 1.53353326
6.814189 1.53353333
6.912945 1.53353340
7.011702 1.53353348
7.110458 1.53353356
7.209214 1.53353364
7.307971 1.53353373
7.406727 1.53353382
7.505483 1.53353391
7.604240 1.53353401
7.702996 1.53353411
7.801752 1.53353422
7.900509 1.53353432
7.999265 1.53353443
8.098022 1.53353455
8.196778 1.53353467
8.295534 1.53353479
8.394291 1.53353492
8.493047 1.53353505
8.591803 1.53353519
8.690560 1.53353533
8.789316 1.53353548
8.888072 1.53353563
8.986829 1.53353579
9.085585 1.53353595
9.184341 1.53353612
9.283098 1.53353629
9.381854 1.53353647
9.480611 1.53353665
9.579367 1.53353684
9.678123 1.53353704
9.776880 1.53353724
9.875636 1.53353745
9.974392 1.53353767
10.073149 1.53353789
10.171905 1.53353811
10.270661 1.53353835
10.369418 1.53353859
10.468174 1.53353884
10.566931 1.53353910
10.665687 1.53353936
10.764443 1.53353963
10.863200 1.53353991
10.961956 1.53354019
11.060712 1.53354049
11.159469 1.53354079
11.258225 1.53354110
11.356981 1.53354142
11.455738 1.53354175
11.554494 1.53354209
11.653250 1.53354243
11.752007 1.53354279
11.850763 1.53354315
11.949520 1.53354353
12.048276 1.53354391
12.147032 1.53354430
12.245789 1.53354470
12.344545 1.53354512
12.443301 1.53354554
12.542058 1.53354598
12.640814 1.53354642
12.739570 1.53354688
12.838327 1.53354735
12.937083 1.53354783
13.035840 1.53354831
13.134596 1.53354882
13.233352 1.53354933
13.332109 1.53354986
13.430865 1.53355039
13.529621 1.53355094
13.628378 1.53355151
13.727134 1.53355208
13.825890 1.53355267
13.924647 1.53355327
14.023403 1.53355389
14.122159 1.53355451
14.220916 1.53355516
14.319672 1.53355581
14.418429 1.53355648
14.517185 1.53355717
14.615941 1.53355786
14.714698 1.53355858
14.813454 1.53355930
14.912210 1.53356005
15.010967 1.53356080
15.109723 1.53356158
15.208479 1.53356237
15.307236 1.53356317
15.405992 1.53356399
15.504749 1.53356482
15.603505 1.53356568
15.702261 1.53356654
15.801018 1.53356743
15.899774 1.53356833
15.998530 1.53356924
16.097287 1.53357018
16.196043 1.53357113
16.294799 1.53357209
16.393556 1.53357307
16.492312 1.53357407
16.591068 1.53357509
16.689825 1.53357612
16.788581 1.53357717
16.887338 1.53357823
16.986094 1.53357930
17.084850 1.53358039
17.183607 1.53358150
17.282363 1.53358261
17.381119 1.53358374
17.479876 1.53358487
17.578632 1.53358602
17.677388 1.53358717
17.776145 1.53358832
17.874901 1.53358947
17.973658 1.53359062
18.072414 1.53359176
18.171170 1.53359288
18.269927 1.53359399
18.368683 1.53359506
18.467439 1.53359609
18.566196 1.53359708
18.664952 1.53359800
18.763708 1.53359884
18.862465 1.53359957
18.961221 1.53360018
19.059977 1.53360064
19.158734 1.53360091
19.257490 1.53360094
19.356247 1.53360070
19.455003 1.53360012
19.553759 1.53359912
19.652516 1.53359762
19.751272 1.53359552
19.850028 1.53359269
19.948785 1.53358897
20.047541 1.53358419
20.146297 1.53357813
20.245054 1.53357050
20.343810 1.53356101
20.442567 1.53354924
20.541323 1.53353473
20.640079 1.53351689
20.738836 1.53349503
20.837592 1.53346830
20.936348 1.53343564
21.035105 1.53339578
21.133861 1.53334717
21.232617 1.53328787
21.331374 1.53321554
21.430130 1.53312724
21.528886 1.53301937
21.627643 1.53288746
21.726399 1.53272592
21.825156 1.53252779
21.923912 1.53228431
22.022668 1.53198447
22.121425 1.53161437
22.220181 1.53115631
22.318937 1.53058777
22.417694 1.52987988
22.516450 1.52899547
22.615206 1.52788649
22.713963 1.52649049
22.812719 1.52472596
22.911476 1.52248588
23.010232 1.51962930
23.108988 1.51596932
23.207745 1.51125752
23.306501 1.50516145
23.405257 1.49723541
23.504014 1.48687768
23.602770 1.47327501
23.701526 1.45532078
23.800283 1.43150818
23.899039 1.39977303
23.997795 1.35728671
24.096552 1.30015662
24.195308 1.22302574
24.294065 1.11852356
24.392821 0.97649706
24.491577 0.78310906
24.590334 0.51936273
24.689090 0.16079616
24.787846 -0.31238752
24.886603 -0.85341643
24.985359 -1.24065173
25.084115 -1.24658235
25.182872 -1.02892645
25.281628 -0.93627623
25.380385 -1.15506614
25.479141 -1.74633838
25.577897 -2.74281762
25.676654 -4.17357174
25.775410 -6.04343260
25.874166 -8.24672983
25.972923 -10.39887715
26.071679 -11.81109109
26.170435 -11.97954107
26.269192 -11.18288936
26.367948 -10.27714534
26.466704 -9.97631474
26.565461 -10.47813727
26.664217 -11.41821294
26.762974 -11.98673790
26.861730 -11.46016271
26.960486 -9.85571651
27.059243 -7.82501042
27.157999 -5.97237250
27.256755 -4.54085877
27.355512 -3.54878516
27.454268 -2.96086699
27.553024 -2.76072575
27.651781 -2.96582429
27.750537 -3.61876995
27.849294 -4.76911281
27.948050 -6.42262737
28.046806 -8.40799536
28.145563 -10.20831150
28.244319 -11.09706962
28.343075 -10.77837909
28.441832 -9.77989026
28.540588 -8.96307339
28.639344 -8.87877529
28.738101 -9.58538934
28.836857 -10.64152993
28.935613 -11.21404758
29.034370 -10.63030376
29.133126 -8.99398556
29.231883 -6.99803173
29.330639 -5.24026105
29.429395 -3.95306313
29.528152 -3.14943498
29.626908 -2.78088711
29.725664 -2.80605096
29.824421 -3.21571372
29.923177 -4.03649952
30.021933 -5.31477882
30.120690 -7.05000785
30.219446 -9.03475653
30.318203 -10.70066685
30.416959 -11.34783740
30.515715 -10.81977175
30.614472 -9.75618957
30.713228 -9.00143485
30.811984 -9.02621507
30.910741 -9.81033210
31.009497 -10.83828083
31.108253 -11.25361965
31.207010 -10.47409378
31.305766 -8.72708352
31.404522 -6.73083175
31.503279 -5.02950754
31.602035 -3.80761653
31.700792 -3.05941669
31.799548 -2.73396818
31.898304 -2.79378011
31.997061 -3.23589450
32.095817 -4.09253210
32.194573 -5.41081779
32.293330 -7.17836545
32.392086 -9.15445988
32.490842 -10.73558326
32.589599 -11.24481602
32.688355 -10.61249855
32.787112 -9.53558029
32.885868 -8.83790948
32.984624 -8.93604367
33.083381 -9.74958172
33.182137 -10.70041595
33.280893 -10.92302419
33.379650 -9.92784247
33.478406 -8.04709990
33.577162 -6.01127159
33.675919 -4.32073737
33.774675 -3.13180244
33.873431 -2.43681753
33.972188 -2.19225974
34.070944 -2.36521191
34.169701 -2.95053950
34.268457 -3.97213318
34.367213 -5.46138799
34.465970 -7.36938529
34.564726 -9.38227716
34.663482 -10.83731314
34.762239 -11.13001754
34.860995 -10.37047833
34.959751 -9.34779151
35.058508 -8.83018634
35.157264 -9.12908741
35.256021 -10.05319758
35.354777 -10.92361055
35.453533 -10.89366408
35.552290 -9.65817530
35.651046 -7.70676332
35.749802 -5.75545138
35.848559 -4.21497727
35.947315 -3.18490537
36.046071 -2.63788137
36.144828 -2.52323641
36.243584 -2.80210046
36.342340 -3.46405245
36.441097 -4.53110586
36.539853 -6.03534330
36.638610 -7.92213808
36.737366 -9.85753351
36.836122 -11.17225206
36.934879 -11.31963749
37.033635 -10.50222424
37.132391 -9.54327419
37.231148 -9.16305902
37.329904 -9.55501991
37.428660 -10.33260641
37.527417 -10.66955825
37.626173 -9.88008976
37.724929 -8.05014751
37.823686 -5.84793932
37.922442 -3.85293834
38.021199 -2.29464965
38.119955 -1.19207686
38.218711 -0.50718346
38.317468 -0.20042274
38.416224 -0.23011034
38.514980 -0.49881364
38.613737 -0.73728089
38.712493 -0.61635453
38.811249 -0.16518128
38.910006 0.33631582
39.008762 0.74541513
39.107519 1.05446904
39.206275 1.28604678
39.305031 1.45959833
39.403788 1.58895387
39.502544 1.68329352
39.601300 1.74932981
39.700057 1.79215707
39.798813 1.81542383
39.897569 1.82316554
39.996326 1.82283680
40.095082 1.82181553
40.193838 1.82063743
40.292595 1.81940544
40.391351 1.81814892
40.490108 1.81687866
40.588864 1.81559958
40.687620 1.81431434
40.786377 1.81302462
40.885133 1.81173156
40.983889 1.81043598
41.082646 1.80913846
41.181402 1.80783947
41.280158 1.80653933
41.378915 1.80523832
41.477671 1.80393673
41.576428 1.80263497
41.675184 1.80133381
41.773940 1.80003491
41.872697 1.79874247
41.971453 1.79746890
42.070209 1.79626223
42.168966 1.79536064
42.267722 1.79548049
42.366478 1.79652712
42.465235 1.79803412
42.563991 1.79925918
42.662747 1.79907124
42.761504 1.79577787
42.860260 1.78685684
42.959017 1.76855492
43.057773 1.73543252
43.156529 1.67944720
43.255286 1.58969248
43.354042 1.45504231
43.452798 1.27403643
43.551555 1.07659205
43.650311 0.93336790
43.749067 0.91284091
43.847824 1.01548822
43.946580 1.17305484
44.045337 1.31238928
44.144093 1.39714010
44.242849 1.42104577
44.341606 1.38840341
44.440362 1.30357763
44.539118 1.16978094
44.637875 0.99341519
44.736631 0.79624098
44.835387 0.62834968
44.934144 0.54788974
45.032900 0.56323281
45.131656 0.61082324
45.230413 0.60387227
45.329169 0.48491137
45.427926 0.24868281
45.526682 -0.03421139
45.625438 -0.21947264
45.724195 -0.18003093
45.822951 0.07966959
45.921707 0.43420617
46.020464 0.75436569
46.119220 0.97936333
46.217976 1.10347988
46.316733 1.13979704
46.415489 1.09975186
46.514246 0.98857324
46.613002 0.80590413
46.711758 0.54894197
46.810515 0.22405555
46.909271 -0.12624373
47.008027 -0.40247398
47.106784 -0.49803573
47.205540 -0.40448536
47.304296 -0.21745689
47.403053 -0.01418449
47.501809 0.20324053
47.600565 0.44043368
47.699322 0.68210561
47.798078 0.91065269
47.896835 1.10545567
47.995591 1.25587719
48.094347 1.36708171
48.193104 1.44870381
48.291860 1.50877666
48.390616 1.55310773
48.489373 1.58565315
48.588129 1.60907114
48.686885 1.62490788
48.785642 1.63380280
48.884398 1.63664718
48.983155 1.63646429
49.081911 1.63541634
49.180667 1.63420256
49.279424 1.63293839
49.378180 1.63165362
49.476936 1.63035906
49.575693 1.62905945
49.674449 1.62775711
49.773205 1.62645324
49.871962 1.62514849
49.970718 1.62384323
50.069474 1.62253766
50.168231 1.62123192
50.266987 1.61992608
50.365744 1.61862017
50.464500 1.61731424
50.563256 1.61600828
50.662013 1.61470232
50.760769 1.61339696
50.859525 1.61209814
50.958282 1.61080645
51.057038 1.60952190
51.155794 1.60824450
51.254551 1.60697423
51.353307 1.60571111
51.452064 1.60445512
51.550820 1.60320628
51.649576 1.60196457
51.748333 1.60073000
51.847089 1.59950256
51.945845 1.59828227
52.044602 1.59706911
52.143358 1.59586309
52.242114 1.59466421
52.340871 1.59347246
52.439627 1.59228785
52.538383 1.59111038
52.637140 1.58994005
52.735896 1.58877685
52.834653 1.58762079
52.933409 1.58647186
53.032165 1.58533008
53.130922 1.58419542
53.229678 1.58306791
53.328434 1.58194753
53.427191 1.58083429
53.525947 1.57972819
53.624703 1.57862922
53.723460 1.57753739
53.822216 1.57645269
53.920973 1.57537514
54.019729 1.57430471
54.118485 1.57324143
54.217242 1.57218528
54.315998 1.57113627
54.414754 1.57009440
54.513511 1.56905966
54.612267 1.56803206
54.711023 1.56701159
54.809780 1.56599826
54.908536 1.56499207
55.007292 1.56399302
55.106049 1.56300110
55.204805 1.56201632
55.303562 1.56103867
55.402318 1.56006816
55.501074 1.55910479
55.599831 1.55814856
55.698587 1.55719946
55.797343 1.55625750
55.896100 1.55532267
55.994856 1.55439498
56.093612 1.55347443
56.192369 1.55256102
56.291125 1.55165474
56.389882 1.55075560
56.488638 1.54986359
56.587394 1.54897872
56.686151 1.54810099
56.784907 1.54723040
56.883663 1.54636694
56.982420 1.54551062
57.081176 1.54466143
57.179932 1.54381939
57.278689 1.54298448
57.377445 1.54215670
57.476201 1.54133606
57.574958 1.54052256
57.673714 1.53971620
57.772471 1.53891697
57.871227 1.53812488
57.969983 1.53733993
58.068740 1.53656211
58.167496 1.53579143
58.266252 1.53502789
58.365009 1.53427148
58.463765 1.53352221
58.562521 1.53278007
58.661278 1.53204508
58.760034 1.53131722
58.858791 1.53059649
58.957547 1.52988291
59.056303 1.52917646
59.155060 1.52847715
59.253816 1.52778497
59.352572 1.52709993
59.451329 1.52642203
59.550085 1.52575126
59.648841 1.52508763
59.747598 1.52443114
59.846354 1.52378179
59.945110 1.52313957
60.043867 1.52250449
60.142623 1.52187654
60.241380 1.52125573
60.340136 1.52064206
60.438892 1.52003553
60.537649 1.51943613
60.636405 1.51884387
60.735161 1.51825874
60.833918 1.51768076
60.932674 1.51710991
61.031430 1.51654619
61.130187 1.51598961
61.228943 1.51544017
61.327700 1.51489787
61.426456 1.51436270
61.525212 1.51383467
61.623969 1.51331378
61.722725 1.51280002
61.821481 1.51229340
61.920238 1.51179392
62.018994 1.51130158
62.117750 1.51081637
62.216507 1.51033829
62.315263 1.50986736
62.414019 1.50940356
62.512776 1.50894690
62.611532 1.50849737
62.710289 1.50805499
62.809045 1.50761973
62.907801 1.50719162
63.006558 1.50677064
63.105314 1.50635680
63.204070 1.50595010
63.302827 1.50555053
63.401583 1.50515810
63.500339 1.50477280
63.599096 1.50439465
63.697852 1.50402362
63.796609 1.50365974
63.895365 1.50330299
63.994121 1.50295338
64.092878 1.50261091
64.191634 1.50227557
64.290390 1.50194737
64.389147 1.50162631
64.487903 1.50131239
64.586659 1.50100560
64.685416 1.50070594
64.784172 1.50041343
64.882928 1.50012805
64.981685 1.49984981
65.080441 1.49957870
65.179198 1.49931473
65.277954 1.49905790
65.376710 1.49880820
65.475467 1.49856565
65.574223 1.49833022
65.672979 1.49810194
65.771736 1.49788079
65.870492 1.49766678
65.969248 1.49745990
66.068005 1.49726017
66.166761 1.49706756
66.265518 1.49688210
66.364274 1.49670377
66.463030 1.49653258
66.561787 1.49636853
66.660543 1.49621161
66.759299 1.49606183
66.858056 1.49591918
66.956812 1.49578368
67.055568 1.49565531
67.154325 1.49553407
67.253081 1.49541997
67.351837 1.49531301
67.450594 1.49521319
67.549350 1.49512050
67.648107 1.49503495
67.746863 1.49495654
67.845619 1.49488526
67.944376 1.49482112
68.043132 1.49476412
68.141888 1.49471425
68.240645 1.49467152
68.339401 1.49463593
68.438157 1.49460747
68.536914 1.49458615
68.635670 1.49457196
68.734427 1.49456492
68.833183 1.49456501
68.931939 1.49457223
69.030696 1.49458660
69.129452 1.49460810
69.228208 1.49463673
69.326965 1.49467251
69.425721 1.49471542
69.524477 1.49476546
69.623234 1.49482265
69.721990 1.49488696
69.820746 1.49495842
69.919503 1.49503701
70.018259 1.49512274
70.117016 1.49521561
70.215772 1.49531561
70.314528 1.49542275
70.413285 1.49553703
70.512041 1.49565844
70.610797 1.49578699
70.709554 1.49592268
70.808310 1.49606550
70.907066 1.49621546
71.005823 1.49637255
71.104579 1.49653679
71.203336 1.49670815
71.302092 1.49688666
71.400848 1.49707230
71.499605 1.49726509
71.598361 1.49746500
71.697117 1.49767145
71.795874 1.49787850
71.894630 1.49808556
71.993386 1.49829261
72.092143 1.49849966
72.190899 1.49870671
72.289655 1.49891376
72.388412 1.49912084
72.487168 1.49932805
72.585925 1.49953495
