0.098756 1.54744476
0.197513 1.54744813
0.296269 1.54744456
0.395025 1.54744421
0.493782 1.54744425
0.592538 1.54744431
0.691295 1.54744436
0.790051 1.54744441
0.888807 1.54744446
0.987564 1.54744451
1.086320 1.54744456
1.185076 1.54744461
1.283833 1.54744466
1.382589 1.54744471
1.481345 1.54744475
1.580102 1.54744480
1.678858 1.54744484
1.777614 1.54744488
1.876371 1.54744492
1.975127 1.54744496
2.073884 1.54744500
2.172640 1.54744503
2.271396 1.54744507
2.370153 1.54744510
2.468909 1.54744513
2.567665 1.54744515
2.666422 1.54744518
2.765178 1.54744520
2.863934 1.54744522
2.962691 1.54744524
3.061447 1.54744526
3.160204 1.54744527
3.258960 1.54744528
3.357716 1.54744529
3.456473 1.54744529
3.555229 1.54744530
3.653985 1.54744529
3.752742 1.54744529
3.851498 1.54744528
3.950254 1.54744527
4.049011 1.54744526
4.147767 1.54744524
4.246523 1.54744522
4.345280 1.54744520
4.444036 1.54744517
4.542793 1.54744514
4.641549 1.54744510
4.740305 1.54744507
4.839062 1.54744502
4.937818 1.54744498
5.036574 1.54744493
5.135331 1.54744487
5.234087 1.54744481
5.332843 1.54744475
5.431600 1.54744468
5.530356 1.54744461
5.629113 1.54744453
5.727869 1.54744445
5.826625 1.54744436
5.925382 1.54744427
6.024138 1.54744418
6.122894 1.54744408
6.221651 1.54744397
6.320407 1.54744386
6.419163 1.54744375
6.517920 1.54744363
6.616676 1.54744350
6.715432 1.54744337
6.814189 1.54744323
6.912945 1.54744309
7.011702 1.54744294
7.110458 1.54744279
7.209214 1.54744263
7.307971 1.54744247
7.406727 1.54744230
7.505483 1.54744212
7.604240 1.54744194
7.702996 1.54744175
7.801752 1.54744156
7.900509 1.54744136
7.999265 1.54744115
8.098022 1.54744094
8.196778 1.54744072
8.295534 1.54744050
8.394291 1.54744027
8.493047 1.54744003
8.591803 1.54743978
8.690560 1.54743953
8.789316 1.54743927
8.888072 1.54743901
8.986829 1.54743874
9.085585 1.54743846
9.184341 1.54743817
9.283098 1.54743788
9.381854 1.54743758
9.480611 1.54743728
9.579367 1.54743696
9.678123 1.54743664
9.776880 1.54743631
9.875636 1.54743598
9.974392 1.54743564
10.073149 1.54743529
10.171905 1.54743493
10.270661 1.54743456
10.369418 1.54743419
10.468174 1.54743381
10.566931 1.54743342
10.665687 1.54743302
10.764443 1.54743262
10.863200 1.54743221
10.961956 1.54743179
11.060712 1.54743136
11.159469 1.54743093
11.258225 1.54743048
11.356981 1.54743003
11.455738 1.54742957
11.554494 1.54742910
11.653250 1.54742862
11.752007 1.54742814
11.850763 1.54742764
11.949520 1.54742714
12.048276 1.54742663
12.147032 1.54742611
12.245789 1.54742559
12.344545 1.54742505
12.443301 1.54742450
12.542058 1.54742395
12.640814 1.54742339
12.739570 1.54742282
12.838327 1.54742224
12.937083 1.54742165
13.035840 1.54742105
13.134596 1.54742044
13.233352 1.54741983
13.332109 1.54741920
13.430865 1.54741857
13.529621 1.54741793
13.628378 1.54741727
13.727134 1.54741661
13.825890 1.54741594
13.924647 1.54741526
14.023403 1.54741457
14.122159 1.54741387
14.220916 1.54741316
14.319672 1.54741245
14.418429 1.54741172
14.517185 1.54741098
14.615941 1.54741024
14.714698 1.54740948
14.813454 1.54740872
14.912210 1.54740794
15.010967 1.54740716
15.109723 1.54740636
15.208479 1.54740556
15.307236 1.54740474
15.405992 1.54740392
15.504749 1.54740308
15.603505 1.54740224
15.702261 1.54740138
15.801018 1.54740052
15.899774 1.54739964
15.998530 1.54739875
16.097287 1.54739786
16.196043 1.54739695
16.294799 1.54739603
16.393556 1.54739510
16.492312 1.54739416
16.591068 1.54739320
16.689825 1.54739223
16.788581 1.54739125
16.887338 1.54739026
16.986094 1.54738925
17.084850 1.54738823
17.183607 1.54738719
17.282363 1.54738613
17.381119 1.54738506
17.479876 1.54738396
17.578632 1.54738285
17.677388 1.54738171
17.776145 1.54738054
17.874901 1.54737934
17.973658 1.54737811
18.072414 1.54737684
18.171170 1.54737553
18.269927 1.54737416
18.368683 1.54737274
18.467439 1.54737125
18.566196 1.54736968
18.664952 1.54736801
18.763708 1.54736624
18.862465 1.54736434
18.961221 1.54736229
19.059977 1.54736006
19.158734 1.54735762
19.257490 1.54735492
19.356247 1.54735192
19.455003 1.54734856
19.553759 1.54734478
19.652516 1.54734048
19.751272 1.54733556
19.850028 1.54732991
19.948785 1.54732337
20.047541 1.54731577
20.146297 1.54730689
20.245054 1.54729648
20.343810 1.54728421
20.442567 1.54726971
20.541323 1.54725250
20.640079 1.54723204
20.738836 1.54720763
20.837592 1.54717843
20.936348 1.54714343
21.035105 1.54710137
21.133861 1.54705072
21.232617 1.54698960
21.331374 1.54691568
21.430130 1.54682611
21.528886 1.54671732
21.627643 1.54658491
21.726399 1.54642339
21.825156 1.54622589
21.923912 1.54598379
22.022668 1.54568622
22.121425 1.54531944
22.220181 1.54486603
22.318937 1.54430372
22.417694 1.54360400
22.516450 1.54273014
22.615206 1.54163471
22.713963 1.54025597
22.812719 1.53851339
22.911476 1.53630119
23.010232 1.53348010
23.108988 1.52986538
23.207745 1.52521156
23.306501 1.51919005
23.405257 1.51136042
23.504014 1.50112799
23.602770 1.48768912
23.701526 1.46995027
23.800283 1.44642250
23.899039 1.41506610
23.997795 1.37308607
24.096552 1.31663590
24.195308 1.24042190
24.294065 1.13715960
24.392821 0.99681362
24.491577 0.80570319
24.590334 0.54503737
24.689090 0.19053021
24.787846 -0.27821644
24.886603 -0.81818657
24.985359 -1.21288280
25.084115 -1.23138649
25.182872 -1.01546409
25.281628 -0.91506363
25.380385 -1.12214746
25.479141 -1.69950820
25.577897 -2.67997338
25.676654 -4.09279842
25.775410 -5.94486352
25.874166 -8.13854559
25.972923 -10.30471859
26.071679 -11.76189070
26.170435 -11.98370792
26.269192 -11.21316447
26.367948 -10.29653731
26.466704 -9.96485970
26.565461 -10.43791863
26.664217 -11.37144435
26.762974 -11.96599252
26.861730 -11.48234694
26.960486 -9.90749084
27.059243 -7.88151135
27.157999 -6.01903490
27.256755 -4.57485194
27.355512 -3.57154960
27.454268 -2.97334769
27.553024 -2.76203369
27.651781 -2.95347071
27.750537 -3.58950178
27.849294 -4.72026903
27.948050 -6.35557372
28.046806 -8.33572969
28.145563 -10.15976307
28.244319 -11.09948119
28.343075 -10.82751348
28.441832 -9.84180217
28.540588 -9.00538150
28.639344 -8.88886721
28.738101 -9.57116605
28.836857 -10.63097665
28.935613 -11.24390530
29.034370 -10.71598088
29.133126 -9.11623676
29.231883 -7.12612206
29.330639 -5.35405044
29.429395 -4.04247174
29.528152 -3.20710997
29.626908 -2.79981056
29.725664 -2.78108107
29.824421 -3.14530980
29.923177 -3.92274601
30.021933 -5.16270145
30.120690 -6.87060130
30.219446 -8.85516865
30.318203 -10.56714610
30.416959 -11.29550687
30.515715 -10.83424068
30.614472 -9.78673381
30.713228 -9.00603775
30.811984 -8.99060211
30.910741 -9.74450765
31.009497 -10.77229666
31.108253 -11.22218642
31.207010 -10.48719483
31.305766 -8.76369433
31.404522 -6.76512099
31.503279 -5.05013612
31.602035 -3.81592196
31.700792 -3.06187924
31.799548 -2.73686979
31.898304 -2.79960028
31.997061 -3.24136129
32.095817 -4.08945152
32.194573 -5.39039989
32.293330 -7.14048644
32.392086 -9.12154180
32.490842 -10.75315467
32.589599 -11.34527308
32.688355 -10.77705770
32.787112 -9.71318928
32.885868 -8.99095868
32.984624 -9.05738405
33.083381 -9.86084268
33.182137 -10.84905597
33.280893 -11.15901764
33.379650 -10.26372712
33.478406 -8.45485631
33.577162 -6.45884976
33.675919 -4.79285286
33.774675 -3.62297057
33.873431 -2.93975196
33.972188 -2.69173503
34.070944 -2.83664040
34.169701 -3.36225644
34.268457 -4.29121050
34.367213 -5.66391515
34.465970 -7.46084815
34.564726 -9.42601801
34.663482 -10.94255251
34.762239 -11.35635178
34.860995 -10.65464333
34.959751 -9.56763498
35.058508 -8.90481149
35.157264 -9.04739554
35.256021 -9.87087855
35.354777 -10.75090348
35.453533 -10.82363524
35.552290 -9.67793723
35.651046 -7.72061316
35.749802 -5.68137302
35.848559 -4.02362717
35.947315 -2.88246495
36.046071 -2.24791480
36.144828 -2.07769553
36.243584 -2.33175628
36.342340 -2.98564620
36.441097 -4.03819747
36.539853 -5.50479097
36.638610 -7.34806328
36.737366 -9.30170959
36.836122 -10.75273001
36.934879 -11.08461440
37.033635 -10.34438067
37.132391 -9.29405996
37.231148 -8.71987315
37.329904 -8.91373358
37.428660 -9.57542634
37.527417 -9.91738932
37.626173 -9.18865915
37.724929 -7.36136753
37.823686 -5.07076653
37.922442 -2.94662082
38.021199 -1.26752406
38.119955 -0.06876228
38.218711 0.68974467
38.317468 1.05378911
38.416224 1.06836074
38.514980 0.82334329
38.613737 0.56914899
38.712493 0.64984572
38.811249 1.08570033
38.910006 1.60155189
39.008762 2.03311968
39.107519 2.36333851
39.206275 2.61326959
39.305031 2.80205409
39.403788 2.94419541
39.502544 3.05006511
39.601300 3.12707285
39.700057 3.18011702
39.798813 3.21230237
39.897569 3.22604302
39.996326 3.22811166
40.095082 3.22908695
40.193838 3.22978675
40.292595 3.23038675
40.391351 3.23094000
40.490108 3.23146768
40.588864 3.23198004
40.687620 3.23248264
40.786377 3.23297877
40.885133 3.23347049
40.983889 3.23395915
41.082646 3.23444565
41.181402 3.23493062
41.280158 3.23541453
41.378915 3.23589775
41.477671 3.23638069
41.576428 3.23686390
41.675184 3.23734836
41.773940 3.23783610
41.872697 3.23833186
41.971453 3.23884893
42.070209 3.23943704
42.168966 3.24033890
42.267722 3.24229326
42.366478 3.24521372
42.465235 3.24863433
42.563991 3.25181185
42.662747 3.25361330
42.761504 3.25234424
42.860260 3.24547946
42.959017 3.22926764
43.057773 3.19826818
43.156529 3.14444615
43.255286 3.05689846
43.354042 2.92448735
43.452798 2.74566988
43.551555 2.55019141
43.650311 2.40858306
43.749067 2.38946782
43.847824 2.49367216
43.946580 2.65312672
44.045337 2.79459910
44.144093 2.88160107
44.242849 2.90781279
44.341606 2.87753294
44.440362 2.79514225
44.539118 2.66384469
44.637875 2.48994485
44.736631 2.29494039
44.835387 2.12861990
44.934144 2.04926258
45.032900 2.06591086
45.131656 2.11547904
45.230413 2.11096546
45.329169 1.99424619
45.427926 1.75926257
45.526682 1.47646700
45.625438 1.29177520
45.724195 1.33430062
45.822951 1.59902072
45.921707 1.95807955
46.020464 2.28120769
46.119220 2.50822424
46.217976 2.63415703
46.316733 2.67240957
46.415489 2.63447983
46.514246 2.52557973
46.613002 2.34531896
46.711758 2.09079860
46.810515 1.76811217
46.909271 1.41930619
47.008027 1.14376732
47.106784 1.04889685
47.205540 1.14424560
47.304296 1.33490141
47.403053 1.54304959
47.501809 1.76340167
47.600565 2.00094896
47.699322 2.24387863
47.798078 2.47515518
47.896835 2.67281802
47.995591 2.82594329
48.094347 2.93980889
48.193104 3.02408826
48.291860 3.08680157
48.390616 3.13373901
48.489373 3.16883666
48.588129 3.19472812
48.686885 3.21293174
48.785642 3.22406678
48.884398 3.22892629
48.983155 3.23060363
49.081911 3.23138626
49.180667 3.23198659
49.279424 3.23252686
49.378180 3.23304024
49.476936 3.23353963
49.575693 3.23403110
49.674449 3.23451788
49.773205 3.23500175
49.871962 3.23548378
49.970718 3.23596462
50.069474 3.23644467
50.168231 3.23692421
50.266987 3.23740339
50.365744 3.23788233
50.464500 3.23836110
50.563256 3.23883977
50.662013 3.23931835
50.760769 3.23979674
50.859525 3.24027371
50.958282 3.24074914
51.057038 3.24122303
51.155794 3.24169540
51.254551 3.24216624
51.353307 3.24263556
51.452064 3.24310335
51.550820 3.24356963
51.649576 3.24403440
51.748333 3.24449765
51.847089 3.24495938
51.945845 3.24541959
52.044602 3.24587830
52.143358 3.24633548
52.242114 3.24679116
52.340871 3.24724532
52.439627 3.24769796
52.538383 3.24814910
52.637140 3.24859871
52.735896 3.24904682
52.834653 3.24949341
52.933409 3.24993849
53.032165 3.25038205
53.130922 3.25082410
53.229678 3.25126464
53.328434 3.25170366
53.427191 3.25214117
53.525947 3.25257716
53.624703 3.25301164
53.723460 3.25344461
53.822216 3.25387607
53.920973 3.25430601
54.019729 3.25473444
54.118485 3.25516135
54.217242 3.25558675
54.315998 3.25601064
54.414754 3.25643301
54.513511 3.25685387
54.612267 3.25727322
54.711023 3.25769105
54.809780 3.25810737
54.908536 3.25852218
55.007292 3.25893547
55.106049 3.25934725
55.204805 3.25975751
55.303562 3.26016627
55.402318 3.26057351
55.501074 3.26097923
55.599831 3.26138344
55.698587 3.26178614
55.797343 3.26218733
55.896100 3.26258700
55.994856 3.26298515
56.093612 3.26338180
56.192369 3.26377693
56.291125 3.26417055
56.389882 3.26456265
56.488638 3.26495324
56.587394 3.26534232
56.686151 3.26572988
56.784907 3.26611593
56.883663 3.26650047
56.982420 3.26688349
57.081176 3.26726500
57.179932 3.26764500
57.278689 3.26802348
57.377445 3.26840045
57.476201 3.26877591
57.574958 3.26914985
57.673714 3.26952228
57.772471 3.26989320
57.871227 3.27026260
57.969983 3.27063049
58.068740 3.27099686
58.167496 3.27136173
58.266252 3.27172507
58.365009 3.27208691
58.463765 3.27244723
58.562521 3.27280604
58.661278 3.27316333
58.760034 3.27351912
58.858791 3.27387338
58.957547 3.27422614
59.056303 3.27457738
59.155060 3.27492711
59.253816 3.27527532
59.352572 3.27562202
59.451329 3.27596721
59.550085 3.27631088
59.648841 3.27665304
59.747598 3.27699369
59.846354 3.27733282
59.945110 3.27767044
60.043867 3.27800655
60.142623 3.27834114
60.241380 3.27867422
60.340136 3.27900578
60.438892 3.27933584
60.537649 3.27966437
60.636405 3.27999140
60.735161 3.28031691
60.833918 3.28064091
60.932674 3.28096339
61.031430 3.28128436
61.130187 3.28160382
61.228943 3.28192177
61.327700 3.28223820
61.426456 3.28255311
61.525212 3.28286652
61.623969 3.28317841
61.722725 3.28348878
61.821481 3.28379765
61.920238 3.28410500
62.018994 3.28441083
62.117750 3.28471515
62.216507 3.28501796
62.315263 3.28531926
62.414019 3.28561904
62.512776 3.28591731
62.611532 3.28621406
62.710289 3.28650930
62.809045 3.28680303
62.907801 3.28709524
63.006558 3.28738594
63.105314 3.28767513
63.204070 3.28796280
63.302827 3.28824896
63.401583 3.28853360
63.500339 3.28881673
63.599096 3.28909835
63.697852 3.28937846
63.796609 3.28965705
63.895365 3.28993412
63.994121 3.29020969
64.092878 3.29048374
64.191634 3.29075627
64.290390 3.29102729
64.389147 3.29129680
64.487903 3.29156480
64.586659 3.29183128
64.685416 3.29209624
64.784172 3.29235970
64.882928 3.29262164
64.981685 3.29288206
65.080441 3.29314098
65.179198 3.29339837
65.277954 3.29365426
65.376710 3.29390863
65.475467 3.29416149
65.574223 3.29441283
65.672979 3.29466266
65.771736 3.29491097
65.870492 3.29515778
65.969248 3.29540306
66.068005 3.29564684
66.166761 3.29588910
66.265518 3.29612985
66.364274 3.29636908
66.463030 3.29660680
66.561787 3.29684300
66.660543 3.29707769
66.759299 3.29731087
66.858056 3.29754253
66.956812 3.29777268
67.055568 3.29800132
67.154325 3.29822844
67.253081 3.29845405
67.351837 3.29867814
67.450594 3.29890072
67.549350 3.29912178
67.648107 3.29934133
67.746863 3.29955937
67.845619 3.29977590
67.944376 3.29999091
68.043132 3.30020440
68.141888 3.30041638
68.240645 3.30062685
68.339401 3.30083580
68.438157 3.30104324
68.536914 3.30124917
68.635670 3.30145358
68.734427 3.30165647
68.833183 3.30185786
68.931939 3.30205773
69.030696 3.30225608
69.129452 3.30245292
69.228208 3.30264825
69.326965 3.30284206
69.425721 3.30303436
69.524477 3.30322514
69.623234 3.30341441
69.721990 3.30360217
69.820746 3.30378841
69.919503 3.30397314
70.018259 3.30415635
70.117016 3.30433805
70.215772 3.30451823
70.314528 3.30469690
70.413285 3.30487406
70.512041 3.30504970
70.610797 3.30522383
70.709554 3.30539644
70.808310 3.30556754
70.907066 3.30573712
71.005823 3.30590519
71.104579 3.30607175
71.203336 3.30623679
71.302092 3.30640032
71.400848 3.30656233
71.499605 3.30672283
71.598361 3.30688181
71.697117 3.30703941
71.795874 3.30719688
71.894630 3.30735435
71.993386 3.30751182
72.092143 3.30766929
72.190899 3.30782676
72.289655 3.30798423
72.388412 3.30814171
72.487168 3.30829926
72.585925 3.30845666
